Step,#Calls,Payoff Per Call,Happiness Per Call,Avg Payoff in Window,Avg Happiness in Window,Expected Payoff for perfect agents,Expected Payoff for selfish agents,Expected Payoff for generous agents,Avg Expected Payoff for perfect agents in Window,Avg Expected Payoff for selfish agents in Window,Avg Expected Payoff for generous agents in Window,Expected Callee Payoff for perfect agents,Expected Callee Payoff for selfish agents,Expected Callee Payoff for generous agents,Avg Expected Callee Payoff for perfect agents in Window,Avg Expected Callee Payoff for selfish agents in Window,Avg Expected Callee Payoff for generous agents in Window,Avg privacy score,Avg privacy score in Window
2,102,0.4770588235294124,0.06862745098039265,0.4770588235294124,0.06862745098039265,0.005820574162679518,0.0,0.0,0.005820574162679518,0.0,0.0,0.3137254901960784,0.0,0.0,0.3137254901960784,0.0,0.0,0.0,0.0
3,51,0.3170588235294118,-0.01960784313725637,0.42372549019607886,0.039215686274509644,0.005305118110236242,0.0,0.0,0.005682854137447479,0.0,0.0,0.25,0.0,0.0,0.29248366013071897,0.0,0.0,0.0,0.0
4,48,0.27791666666666665,0.020833333333332787,0.3889054726368163,0.034825870646765913,0.0063766730401529385,0.0,0.0,0.005790370370370428,0.0,0.0,0.13020833333333334,0.0,0.0,0.2537313432835821,0.0,0.0,0.0,0.0
5,58,0.18810344827586203,0.034482758620688066,0.3439382239382242,0.034749034749034194,0.0022260763109569247,0.0,0.0,0.00484104124775831,0.0,0.0,0.09482758620689655,0.0,0.0,0.21814671814671815,0.0,0.0,0.0,0.0
6,48,0.3785416666666667,0.08333333333333182,0.3493485342019546,0.04234527687296347,0.005590769230769248,0.0,0.0,0.004953581820701156,0.0,0.0,0.19270833333333334,0.0,0.0,0.21416938110749187,0.0,0.0,0.0,0.0
7,39,0.45871794871794874,0.23076923076922723,0.3616763005780349,0.0635838150289007,0.0069233746130030575,0.0,0.0,0.005163606354446075,0.0,0.0,0.28205128205128205,0.0,0.0,0.2218208092485549,0.0,0.0,0.0,0.0
8,45,0.37155555555555553,0.13333333333332886,0.36281329923273675,0.07161125319692953,0.00403767205988889,0.0,0.0,0.004999295179024546,0.0,0.0,0.23333333333333334,0.0,0.0,0.2231457800511509,0.0,0.0,0.0,0.0
9,42,0.42190476190476206,0.023809523809525966,0.3685450346420325,0.06697459584295505,0.005305389221556892,0.0,0.0,0.005031529827216564,0.0,0.0,0.35714285714285715,0.0,0.0,0.2361431870669746,0.0,0.0,0.0,0.0
10,46,0.3184782608695656,0.043478260869562635,0.3637369519832987,0.06471816283924722,0.0030687054880603123,0.0,0.0,0.004774732803507823,0.0,0.0,0.24456521739130435,0.0,0.0,0.23695198329853862,0.0,0.0,0.0,0.0
11,45,0.3551111111111115,3.774873931957264E-15,0.36299618320610705,0.05916030534351067,0.00404352226720651,0.0,0.0,0.00470327876959598,0.0,0.0,0.21666666666666667,0.0,0.0,0.23520992366412213,0.0,0.0,0.0,0.0
12,46,-0.060217391304347855,-0.10869565217391411,0.32884210526315805,0.045614035087718496,-7.095286885246023E-4,0.0,0.0,0.004226762278446772,0.0,0.0,-0.03260869565217391,0.0,0.0,0.21359649122807017,0.0,0.0,0.0,0.0
13,57,0.7982456140350882,0.3684210526315778,0.3715151515151517,0.0749601275917057,0.010059694892770425,0.0,0.0,0.004766620966256752,0.0,0.0,0.3991228070175439,0.0,0.0,0.23046251993620415,0.0,0.0,0.0,0.0
14,49,0.42795918367346963,0.081632653061224,0.3756065088757399,0.07544378698224771,0.005870660694288898,0.0,0.0,0.004841822238324996,0.0,0.0,0.3112244897959184,0.0,0.0,0.23631656804733728,0.0,0.0,0.0,0.0
15,55,0.3485454545454548,0.10909090909091014,0.37357045143638873,0.07797537619698976,0.006533742331288326,0.0,0.0,0.004931467268623044,0.0,0.0,0.18636363636363637,0.0,0.0,0.23255813953488372,0.0,0.0,0.0,0.0
16,44,0.5413636363636366,0.11363636363636181,0.3830967741935486,0.07999999999999927,0.010657718120805383,0.0,0.0,0.0051536191633397175,0.0,0.0,0.3125,0.0,0.0,0.23709677419354838,0.0,0.0,0.0,0.0
17,56,0.7380357142857148,0.4999999999999982,0.40701564380264765,0.10830324909747212,0.009200801424755371,0.0,0.0,0.0054463624359924355,0.0,0.0,0.28125,0.0,0.0,0.24007220216606498,0.0,0.0,0.0,0.0
18,59,0.7315254237288138,0.44067796610169313,0.4285280898876407,0.13033707865168453,0.008551614820686101,0.0,0.0,0.0056797569584060075,0.0,0.0,0.326271186440678,0.0,0.0,0.24578651685393257,0.0,0.0,0.0,0.0
19,56,0.49553571428571447,0.2500000000000004,0.4324947145877381,0.13742071881606688,0.006074868651488634,0.0,0.0,0.005704923518831031,0.0,0.0,0.1875,0.0,0.0,0.24233615221987315,0.0,0.0,0.0,0.0
20,52,0.6517307692307693,0.24999999999999842,0.4439178356713429,0.14328657314629176,0.006987628865979357,0.0,0.0,0.005786174200373593,0.0,0.0,0.33653846153846156,0.0,0.0,0.24724448897795592,0.0,0.0,0.0,0.0
21,48,0.5393750000000003,0.37499999999999706,0.44829827915869996,0.15391969407265682,0.006891136545115767,0.0,0.0,0.0058378566804442615,0.0,0.0,0.20833333333333334,0.0,0.0,0.24545889101338433,0.0,0.0,0.0,0.0
22,61,0.7637704918032792,0.34426229508196704,0.46568202348690174,0.1644083107497733,0.010730078304929102,0.0,0.0,0.006088748730305046,0.0,0.0,0.36885245901639346,0.0,0.0,0.2522583559168925,0.0,0.0,0.0,0.0
23,39,0.503589743589744,0.07692307692307458,0.4669720767888309,0.1614310645724249,0.008480138169257327,0.0,0.0,0.006152422340254387,0.0,0.0,0.3141025641025641,0.0,0.0,0.2543630017452007,0.0,0.0,0.0,0.0
24,51,0.1872549019607843,7.6028508107909E-16,0.4550543024227236,0.15455304928989055,0.0018270518461833089,0.0,0.0,0.00590723248272953,0.0,0.0,0.058823529411764705,0.0,0.0,0.24603174603174602,0.0,0.0,0.0,0.0
25,41,0.448780487804878,0.1463414634146331,0.4548465266558967,0.15428109854604113,0.005922111361441901,0.0,0.0,0.005907717487095631,0.0,0.0,0.24390243902439024,0.0,0.0,0.24596122778675283,0.0,0.0,0.0,0.0
26,50,0.27699999999999997,0.039999999999996885,0.4479425465838511,0.14984472049689346,0.004231591811793474,0.0,0.0,0.005852072746452517,0.0,0.0,0.165,0.0,0.0,0.24281832298136646,0.0,0.0,0.0,0.0
27,47,0.33489361702127673,0.04255319148936193,0.4439625468164795,0.14606741573033616,0.004592938430113815,0.0,0.0,0.005809774937264814,0.0,0.0,0.2553191489361702,0.0,0.0,0.24325842696629213,0.0,0.0,0.0,0.0
28,47,0.19999999999999998,0.02127659574467902,0.4356657018813315,0.14182344428364593,0.002256361017762836,0.0,0.0,0.0056703584411671205,0.0,0.0,0.09574468085106383,0.0,0.0,0.23824167872648336,0.0,0.0,0.0,0.0
29,59,0.5003389830508479,0.2203389830508467,0.4383136710617628,0.14503816793893035,0.00656437625083389,0.0,0.0,0.005706683291320008,0.0,0.0,0.2754237288135593,0.0,0.0,0.23976405274115198,0.0,0.0,0.0,0.0
30,47,0.5259574468085109,0.17021276595744944,0.44108198924731196,0.14583333333333248,0.007976766698935218,0.0,0.0,0.005768514123995917,0.0,0.0,0.22340425531914893,0.0,0.0,0.239247311827957,0.0,0.0,0.0,0.0
31,54,0.3312962962962964,0.07407407407406748,0.4372373540856032,0.14332036316472008,0.003873971416197536,0.0,0.0,0.005694618061421059,0.0,0.0,0.19444444444444445,0.0,0.0,0.23767833981841763,0.0,0.0,0.0,0.0
32,58,0.5675862068965524,0.22413793103448096,0.44196250000000015,0.1462499999999989,0.007673659673659462,0.0,0.0,0.005763819832743807,0.0,0.0,0.27586206896551724,0.0,0.0,0.2390625,0.0,0.0,0.0,0.0
33,40,0.19474999999999998,-0.2000000000000032,0.4359329268292684,0.13780487804877933,0.0020181347150258736,0.0,0.0,0.005649566165663131,0.0,0.0,0.23125,0.0,0.0,0.23887195121951219,0.0,0.0,0.0,0.0
34,46,0.3995652173913044,0.13043478260869448,0.43494068801897995,0.13760379596678415,0.004877919320594476,0.0,0.0,0.005627254170695447,0.0,0.0,0.20652173913043478,0.0,0.0,0.23798932384341637,0.0,0.0,0.0,0.0
35,54,0.7542592592592596,0.1296296296296365,0.4448505747126438,0.13735632183907956,0.008538784067085997,0.0,0.0,0.00573006425631464,0.0,0.0,0.4722222222222222,0.0,0.0,0.24525862068965518,0.0,0.0,0.0,0.0
36,50,0.3714,0.03999999999999879,0.44279888268156437,0.134636871508379,0.003916069169127092,0.0,0.0,0.0056685451918813915,0.0,0.0,0.24,0.0,0.0,0.24511173184357543,0.0,0.0,0.0,0.0
37,58,0.5417241379310348,-0.12068965517242035,0.44590367965367983,0.12662337662337556,0.008517213336947903,0.0,0.0,0.005741769153050261,0.0,0.0,0.45689655172413796,0.0,0.0,0.251758658008658,0.0,0.0,0.0,0.0
38,47,0.12170212765957444,0.10638297872340562,0.43786279683377327,0.12612137203166124,0.001321626617375201,0.0,0.0,0.005612372584430836,0.0,0.0,0.0,0.0,0.0,0.2455145118733509,0.0,0.0,0.0,0.0
39,45,-0.09844444444444447,-0.26666666666667477,0.42542268041237136,0.11701030927834932,-0.0010695316272332322,0.0,0.0,0.005430272724282054,0.0,0.0,0.044444444444444446,0.0,0.0,0.24085051546391753,0.0,0.0,0.0,0.0
40,54,0.635555555555556,0.37037037037036885,0.4311133400200604,0.12387161484453241,0.006602539438245446,0.0,0.0,0.0054690392726949345,0.0,0.0,0.2361111111111111,0.0,0.0,0.24072216649949849,0.0,0.0,0.0,0.0
41,41,0.5624390243902441,-0.09756097560975842,0.433759213759214,0.1194103194103182,0.007405266538214412,0.0,0.0,0.005506653274858591,0.0,0.0,0.3780487804878049,0.0,0.0,0.24348894348894348,0.0,0.0,0.0,0.0
42,38,0.31052631578947365,0.3421052631579023,0.431500241196334,0.12349252291365066,0.005659472422062384,0.0,0.0,0.005508615486938254,0.0,0.0,-0.1118421052631579,0.0,0.0,0.23697539797395079,0.0,0.0,0.0,0.0
43,52,0.6344230769230772,0.0961538461538381,0.43646588235294137,0.12282352941176347,0.007448634003160791,0.0,0.0,0.005560124931809094,0.0,0.0,0.4855769230769231,0.0,0.0,0.24305882352941177,0.0,0.0,0.0,0.0
44,34,0.23441176470588232,-0.1764705882352969,0.4332839277443263,0.11811023622047119,0.0034250107434464034,0.0,0.0,0.005530750038430196,0.0,0.0,0.27205882352941174,0.0,0.0,0.2435155164427976,0.0,0.0,0.0,0.0
45,42,0.8969047619047623,0.6428571428571365,0.44213084961381216,0.128123580190821,0.01587442056468635,0.0,0.0,0.005673863483974831,0.0,0.0,0.31547619047619047,0.0,0.0,0.2448886869604725,0.0,0.0,0.0,0.0
46,44,0.6452272727272732,0.27272727272728436,0.4461113585746105,0.130957683741647,0.00941000994365238,0.0,0.0,0.005738448844884525,0.0,0.0,0.2727272727272727,0.0,0.0,0.24543429844097994,0.0,0.0,0.0,0.0
47,63,0.5476190476190481,0.3333333333333309,0.448882149046794,0.13648180242634203,0.006432966623158542,0.0,0.0,0.005759154154460233,0.0,0.0,0.21825396825396826,0.0,0.0,0.24469237435008664,0.0,0.0,0.0,0.0
48,50,0.9064000000000003,0.6000000000000175,0.4585835453774388,0.1463104325699738,0.010716481437692113,0.0,0.0,0.005873017597219235,0.0,0.0,0.395,0.0,0.0,0.24787955894826125,0.0,0.0,0.0,0.0
49,39,0.38410256410256416,0.1025641025640999,0.4573717146433044,0.14559866499791327,0.007793964620187273,0.0,0.0,0.005892862901925402,0.0,0.0,0.1987179487179487,0.0,0.0,0.24707968293700458,0.0,0.0,0.0,0.0
50,48,0.5602083333333335,0.43749999999998596,0.45939059304703506,0.15132924335378217,0.005619644723092896,0.0,0.0,0.00588601193751411,0.0,0.0,0.11458333333333333,0.0,0.0,0.24447852760736197,0.0,0.0,0.0,0.0
51,45,0.6255555555555559,0.13333333333333114,0.4623935742971891,0.15100401606425595,0.009336650082918644,0.0,0.0,0.005939682834473462,0.0,0.0,0.42777777777777776,0.0,0.0,0.24779116465863454,0.0,0.0,0.0,0.0
52,45,0.6922222222222226,0.4666666666666678,0.46647337278106543,0.1566074950690325,0.00873282870759758,0.0,0.0,0.005990152424661516,0.0,0.0,0.25,0.0,0.0,0.24783037475345168,0.0,0.0,0.0,0.0
53,44,0.904545454545455,0.6136363636363558,0.47394726638231904,0.16440480806514038,0.009221501390176074,0.0,0.0,0.006059288635518677,0.0,0.0,0.3352272727272727,0.0,0.0,0.24932144241954246,0.0,0.0,0.0,0.0
54,50,0.8496000000000005,0.20000000000000007,0.48109166983644003,0.16508178014454053,0.010204179678117,0.0,0.0,0.006143097217904911,0.0,0.0,0.465,0.0,0.0,0.25342335488779005,0.0,0.0,0.0,0.0
55,41,0.745365853658537,0.43902439024390166,0.4851498127340827,0.16928838951310748,0.009960886571056054,0.0,0.0,0.00619915197457841,0.0,0.0,0.3170731707317073,0.0,0.0,0.25440074906367044,0.0,0.0,0.0,0.0
56,51,0.7090196078431374,0.3137254901960689,0.4893458287394344,0.17199558985666905,0.009124400706535526,0.0,0.0,0.0062535987863929785,0.0,0.0,0.27941176470588236,0.0,0.0,0.25486953325983097,0.0,0.0,0.0,0.0
57,50,0.35300000000000004,0.10000000000000211,0.48688560086611365,0.17069649945867796,0.004046309032553838,0.0,0.0,0.006209286592016819,0.0,0.0,0.195,0.0,0.0,0.25378924575965356,0.0,0.0,0.0,0.0
58,44,0.6565909090909094,0.24999999999999378,0.4895381882770874,0.17193605683836458,0.0082708273690242,0.0,0.0,0.006241903485011858,0.0,0.0,0.375,0.0,0.0,0.25568383658969807,0.0,0.0,0.0,0.0
59,44,0.7097727272727276,0.36363636363635626,0.49292759706191014,0.17488632388947042,0.008872159090909265,0.0,0.0,0.006283181895191172,0.0,0.0,0.3409090909090909,0.0,0.0,0.25699545295557885,0.0,0.0,0.0,0.0
60,47,0.7391489361702133,0.3404255319148989,0.49690984170681385,0.17756366139022584,0.01864734299516905,0.0,0.0,0.006385033405996757,0.0,0.0,0.3829787234042553,0.0,0.0,0.25903303509979353,0.0,0.0,0.0,0.0
61,43,0.47976744186046516,0.30232558139534943,0.49665988470668065,0.17938284164123305,0.005031707317073008,0.0,0.0,0.006360935823883782,0.0,0.0,0.1686046511627907,0.0,0.0,0.25771447948457105,0.0,0.0,0.0,0.0
62,54,1.022777777777778,0.5555555555555602,0.5061205461205466,0.18614718614718498,0.010302182428651536,0.0,0.0,0.006450610734324241,0.0,0.0,0.4444444444444444,0.0,0.0,0.26107226107226106,0.0,0.0,0.0,0.0
63,46,0.5682608695652177,0.2608695652173859,0.5070580518202694,0.18727451623482985,0.008370156900416285,0.0,0.0,0.006475720550722369,0.0,0.0,0.27717391304347827,0.0,0.0,0.2613151853066579,0.0,0.0,0.0,0.0
64,53,0.4269811320754719,0.20754716981131538,0.5056898774983886,0.18762088974854801,0.004535070140280831,0.0,0.0,0.006435988856567323,0.0,0.0,0.19339622641509435,0.0,0.0,0.2601547388781431,0.0,0.0,0.0,0.0
65,53,0.6584905660377363,0.30188679245281796,0.5082567353407295,0.1895404120443725,0.011742934051144216,0.0,0.0,0.006499920957588724,0.0,0.0,0.25471698113207547,0.0,0.0,0.2600633914421553,0.0,0.0,0.0,0.0
66,51,0.6207843137254907,0.23529411764705416,0.510046787273862,0.19026824703680442,0.007982854261220527,0.0,0.0,0.006523383425952198,0.0,0.0,0.3088235294117647,0.0,0.0,0.2608390517779164,0.0,0.0,0.0,0.0
67,45,0.11822222222222219,-0.1333333333333342,0.5046231928637347,0.18578898800368962,0.0026258637709772716,0.0,0.0,0.006492134786996226,0.0,0.0,0.17222222222222222,0.0,0.0,0.2596124269455552,0.0,0.0,0.0,0.0
68,50,0.4634000000000003,0.20000000000000093,0.5039987882459865,0.18600424113904726,0.0067788180222352265,0.0,0.0,0.006495960767317596,0.0,0.0,0.195,0.0,0.0,0.25863374734928807,0.0,0.0,0.0,0.0
69,56,0.6385714285714289,0.16071428571428595,0.5062436699434023,0.1855823652070286,0.008563218390804702,0.0,0.0,0.006529127239337859,0.0,0.0,0.38392857142857145,0.0,0.0,0.26072386058981234,0.0,0.0,0.0,0.0
70,50,0.5564000000000003,0.10000000000000084,0.5069797475785153,0.18432638685060024,0.007357841840782885,0.0,0.0,0.006540992918544371,0.0,0.0,0.345,0.0,0.0,0.2619606692104491,0.0,0.0,0.0,0.0
71,47,0.7604255319148939,0.4893617021276668,0.5104284887087439,0.1884771279675725,0.009646423751686879,0.0,0.0,0.006583960414527166,0.0,0.0,0.2765957446808511,0.0,0.0,0.2621598147075854,0.0,0.0,0.0,0.0
72,46,0.534130434782609,0.21739130434784737,0.5107400000000004,0.1888571428571418,0.006956398640996226,0.0,0.0,0.006588808987604487,0.0,0.0,0.2391304347826087,0.0,0.0,0.26185714285714284,0.0,0.0,0.0,0.0
73,44,0.7043181818181822,0.20454545454545503,0.5131433408577882,0.1890519187358906,0.012312276519666442,0.0,0.0,0.006641419305831522,0.0,0.0,0.35795454545454547,0.0,0.0,0.2630502257336343,0.0,0.0,0.0,0.0
74,45,0.45533333333333353,-9.473903143468002E-16,0.5124185009752025,0.18668152688771145,0.00811485148514849,0.0,0.0,0.006654882051319205,0.0,0.0,0.31666666666666665,0.0,0.0,0.2637224853719699,0.0,0.0,0.0,0.0
75,39,0.4607692307692311,0.0769230769230784,0.5118632855567811,0.18550165380374764,0.008685355244079557,0.0,0.0,0.006669971050722337,0.0,0.0,0.30128205128205127,0.0,0.0,0.26412624035281146,0.0,0.0,0.0,0.0
76,52,0.7500000000000004,0.3076923076923036,0.5152282608695656,0.1872282608695642,0.01272845953002624,0.0,0.0,0.006735919170675254,0.0,0.0,0.3798076923076923,0.0,0.0,0.2657608695652174,0.0,0.0,0.0,0.0
77,46,0.776956521739131,0.4565217391304211,0.5184594739667208,0.19055287171229082,0.013375748502993843,0.0,0.0,0.006798355821139282,0.0,0.0,0.32608695652173914,0.0,0.0,0.2665056360708535,0.0,0.0,0.0,0.0
78,63,0.7423809523809528,0.22222222222222185,0.522182633940354,0.1910794404856151,0.010806377079482796,0.0,0.0,0.006858486838000337,0.0,0.0,0.38095238095238093,0.0,0.0,0.2684085510688836,0.0,0.0,0.0,0.0
79,38,1.1284210526315794,0.5263157894736673,0.5282022471910117,0.1944081525999464,0.015524981897176332,0.0,0.0,0.006940675172707469,0.0,0.0,0.5789473684210527,0.0,0.0,0.27149203031094854,0.0,0.0,0.0,0.0
80,62,0.7122580645161295,0.3709677419354893,0.5311365389560302,0.1972229364875277,0.010826182887962759,0.0,0.0,0.00699434178848249,0.0,0.0,0.3346774193548387,0.0,0.0,0.272499357161224,0.0,0.0,0.0,0.0
81,59,0.573389830508475,0.10169491525423903,0.5317679837892607,0.19579533941235952,0.006932377049180364,0.0,0.0,0.006993334510314736,0.0,0.0,0.3516949152542373,0.0,0.0,0.27368287740628167,0.0,0.0,0.0,0.0
82,55,0.8136363636363642,0.1818181818181985,0.5356407694229331,0.19560329752685393,0.011554350632584701,0.0,0.0,0.0070514279324906115,0.0,0.0,0.4818181818181818,0.0,0.0,0.2765425930552086,0.0,0.0,0.0,0.0
83,52,0.41500000000000026,0.19230769230768807,0.5340937114673246,0.19556103575832207,0.007469712703357736,0.0,0.0,0.007055364618116122,0.0,0.0,0.21153846153846154,0.0,0.0,0.27570900123304565,0.0,0.0,0.0,0.0
84,45,0.5088888888888893,0.13333333333333752,0.533817073170732,0.1948780487804869,0.006801306801306401,0.0,0.0,0.007052608174471257,0.0,0.0,0.25555555555555554,0.0,0.0,0.2754878048780488,0.0,0.0,0.0,0.0
85,57,0.36526315789473696,0.14035087719298195,0.5315058936733225,0.1941303824873698,0.0040107879021382105,0.0,0.0,0.007002563996919443,0.0,0.0,0.19736842105263158,0.0,0.0,0.27441664662015874,0.0,0.0,0.0,0.0
86,39,0.7730769230769232,0.1282051282051245,0.5337511916110586,0.19351763584365972,0.010904159132007181,0.0,0.0,0.007036457547881205,0.0,0.0,0.46794871794871795,0.0,0.0,0.27621544327931363,0.0,0.0,0.0,0.0
87,47,0.6629787234042559,0.40425531914892454,0.5351826537827012,0.19585199151543614,0.010246629398223975,0.0,0.0,0.007066838038272338,0.0,0.0,0.17553191489361702,0.0,0.0,0.2751001649776102,0.0,0.0,0.0,0.0
88,34,0.607058823529412,0.2647058823529403,0.535754033200842,0.1963993453355145,0.01167420814479647,0.0,0.0,0.0070920497559556804,0.0,0.0,0.2867647058823529,0.0,0.0,0.2751928922141688,0.0,0.0,0.0,0.0
89,47,1.1042553191489366,0.6808510638297484,0.5419333950046257,0.2016651248843649,0.013762927605410006,0.0,0.0,0.0071690101202932476,0.0,0.0,0.425531914893617,0.0,0.0,0.27682701202590193,0.0,0.0,0.0,0.0
90,48,0.5050000000000002,0.02083333333333529,0.5415279048490397,0.19967978042085863,0.006710963455149477,0.0,0.0,0.007164003873154239,0.0,0.0,0.3333333333333333,0.0,0.0,0.2774473924977127,0.0,0.0,0.0,0.0
91,49,0.7565306122448984,0.26530612244898355,0.5439108798914276,0.200407147704138,0.01000269832703709,0.0,0.0,0.007195483952050692,0.0,0.0,0.41836734693877553,0.0,0.0,0.27900927391992764,0.0,0.0,0.0,0.0
92,47,0.9536170212765962,0.21276595744679286,0.5482206803939126,0.2005371530886288,0.009993311036789054,0.0,0.0,0.007232535410472143,0.0,0.0,0.5585106382978723,0.0,0.0,0.28194941808415397,0.0,0.0,0.0,0.0
93,47,0.39361702127659604,0.02127659574468068,0.5466112956810635,0.1986710963455135,0.006923652694610784,0.0,0.0,0.007230117506437839,0.0,0.0,0.28191489361702127,0.0,0.0,0.2819490586932447,0.0,0.0,0.0,0.0
94,42,0.6421428571428572,0.19047619047619221,0.5474917709019095,0.1985955672591603,0.009722422494592535,0.0,0.0,0.007250208504665596,0.0,0.0,0.4107142857142857,0.0,0.0,0.28313583497915296,0.0,0.0,0.0,0.0
95,46,0.7802173913043483,0.23913043478261783,0.5498175103193572,0.19900065174885814,0.008961298377028437,0.0,0.0,0.007269893887775004,0.0,0.0,0.44565217391304346,0.0,0.0,0.28475993917010645,0.0,0.0,0.0,0.0
96,38,0.4336842105263157,0.0526315789473694,0.5488666235725063,0.19780219780219652,0.006721044045677033,0.0,0.0,0.007266055098210392,0.0,0.0,0.2565789473684211,0.0,0.0,0.28452919629390216,0.0,0.0,0.0,0.0
97,56,0.7723214285714292,0.17857142857143807,0.5515307643176498,0.19757291888439313,0.012203724604966172,0.0,0.0,0.0073154711141484195,0.0,0.0,0.5267857142857143,0.0,0.0,0.2874175005322546,0.0,0.0,0.0,0.0
98,46,0.856956521739131,0.34782608695652856,0.5544929369597305,0.19903014969428523,0.012836209703679383,0.0,0.0,0.007362936708577277,0.0,0.0,0.43478260869565216,0.0,0.0,0.28884672148429263,0.0,0.0,0.0,0.0
99,40,0.7635000000000004,0.44999999999996365,0.5562408530211167,0.201128998536482,0.006624728850325484,0.0,0.0,0.007353530551494088,0.0,0.0,0.25,0.0,0.0,0.288521848212419,0.0,0.0,0.0,0.0
100,41,0.8507317073170734,0.5365853658536592,0.5587437810945277,0.2039800995024862,0.010958215519949467,0.0,0.0,0.007384966929876018,0.0,0.0,0.2682926829268293,0.0,0.0,0.28834991708126034,0.0,0.0,0.0,0.0
101,36,0.7813888888888891,0.33333333333334814,0.5603930041152266,0.20493827160493702,0.0086633815829993,0.0,0.0,0.007396239839882268,0.0,0.0,0.4097222222222222,0.0,0.0,0.28924897119341564,0.0,0.0,0.0,0.0
102,39,0.8435897435897437,0.4102564102563975,0.5626474790773631,0.20657276995305032,0.0109012591119946,0.0,0.0,0.007424733398519064,0.0,0.0,0.47435897435897434,0.0,0.0,0.29072259644825477,0.0,0.0,0.0,0.0
103,47,0.6485106382978726,0.25531914893616686,0.5634634047715329,0.20703598867771802,0.010314720812183027,0.0,0.0,0.007447555063842545,0.0,0.0,0.25,0.0,0.0,0.29033562474727054,0.0,0.0,0.0,0.0
104,44,0.4915909090909093,0.38636363636363336,0.5628296593186376,0.2086172344689365,0.005893732970027028,0.0,0.0,0.007432463903120652,0.0,0.0,0.11931818181818182,0.0,0.0,0.28882765531062127,0.0,0.0,0.0,0.0
105,55,0.6910909090909098,0.25454545454545224,0.564227948463826,0.2091179385530214,0.01225338491295967,0.0,0.0,0.007471717230047216,0.0,0.0,0.36818181818181817,0.0,0.0,0.28969276511397424,0.0,0.0,0.0,0.0
106,40,0.5617500000000001,1.3336554083309692E-15,0.5642084562438549,0.20747295968534768,0.007302567435814067,0.0,0.0,0.007470362009212339,0.0,0.0,0.39375,0.0,0.0,0.2905113077679449,0.0,0.0,0.0,0.0
107,49,1.0865306122448988,0.6530612244898061,0.5691936112193225,0.21172574990260876,0.012527058823529582,0.0,0.0,0.007525708149090547,0.0,0.0,0.42857142857142855,0.0,0.0,0.2918289832489287,0.0,0.0,0.0,0.0
108,49,0.49408163265306126,0.24489795918366658,0.5684835037623003,0.21203935944433594,0.005484821024014514,0.0,0.0,0.007502769183759236,0.0,0.0,0.25510204081632654,0.0,0.0,0.2914817673162261,0.0,0.0,0.0,0.0
109,41,0.9080487804878054,0.3658536585365846,0.5711485451761107,0.21324655436447038,0.013484244838826907,0.0,0.0,0.007544528618677263,0.0,0.0,0.4634146341463415,0.0,0.0,0.2928311638591118,0.0,0.0,0.0,0.0
110,43,0.8327906976744189,0.558139534883706,0.5732846022403649,0.21606227453958468,0.010455474452554635,0.0,0.0,0.00756952226241601,0.0,0.0,0.3313953488372093,0.0,0.0,0.29314600341750524,0.0,0.0,0.0,0.0
111,43,0.4139534883720931,0.27906976744185896,0.5719943502824864,0.21657250470809652,0.006391382405745121,0.0,0.0,0.0075613538933395966,0.0,0.0,0.12209302325581395,0.0,0.0,0.2917608286252354,0.0,0.0,0.0,0.0
112,52,0.47096153846153876,-0.038461538461539754,0.5710145468108919,0.21409921671018137,0.006006867794947147,0.0,0.0,0.007545734825501606,0.0,0.0,0.35096153846153844,0.0,0.0,0.2923349496456546,0.0,0.0,0.0,0.0
113,42,0.45357142857142874,0.023809523809525016,0.5701017764618805,0.21262028127312962,0.006157078215901757,0.0,0.0,0.00753522625269962,0.0,0.0,0.2857142857142857,0.0,0.0,0.29228349370836415,0.0,0.0,0.0,0.0
114,47,0.5563829787234044,0.34042553191489133,0.5699834892680247,0.21372225279765042,0.0064488286066584225,0.0,0.0,0.007524557290657595,0.0,0.0,0.16489361702127658,0.0,0.0,0.29118510365070627,0.0,0.0,0.0,0.0
115,61,0.4832786885245903,0.08196721311475566,0.5690239477503634,0.21226415094339487,0.006886241532352208,0.0,0.0,0.007518007253237731,0.0,0.0,0.26639344262295084,0.0,0.0,0.290910740203193,0.0,0.0,0.0,0.0
116,44,0.11863636363636361,-0.24999999999999406,0.5654571634269263,0.2086033117350599,0.0014650575357844236,0.0,0.0,0.007466750325604408,0.0,0.0,0.25,0.0,0.0,0.29058675305975523,0.0,0.0,0.0,0.0
117,42,1.1840476190476195,0.6904761904762025,0.5700982493747772,0.21221864951768366,0.014987944544905771,0.0,0.0,0.007525596947702537,0.0,0.0,0.5238095238095238,0.0,0.0,0.29233654876741694,0.0,0.0,0.0,0.0
118,44,0.48454545454545456,0.0909090909090915,0.5694310528181501,0.21127259836937134,0.006772554002541524,0.0,0.0,0.0075200481248624985,0.0,0.0,0.30113636363636365,0.0,0.0,0.2924051754696916,0.0,0.0,0.0,0.0
119,51,0.8098039215686278,0.4705882352941268,0.571584401897067,0.2135956437730535,0.007027394929385449,0.0,0.0,0.007513362995527593,0.0,0.0,0.39705882352941174,0.0,0.0,0.29334270156332337,0.0,0.0,0.0,0.0
120,43,0.5323255813953491,0.3488372093023093,0.5712900976290103,0.21460948396094717,0.008903150525087496,0.0,0.0,0.007521564486882284,0.0,0.0,0.18604651162790697,0.0,0.0,0.29253835425383545,0.0,0.0,0.0,0.0
121,48,0.17874999999999996,-0.12499999999999468,0.5680325034578151,0.21179114799446633,0.003071965628356622,0.0,0.0,0.007493220636632976,0.0,0.0,0.20833333333333334,0.0,0.0,0.2918395573997234,0.0,0.0,0.0,0.0
122,51,0.31156862745098035,-6.225956569466564E-16,0.5657909168808917,0.2099400171379594,0.0034113353370545055,0.0,0.0,0.007450312668548781,0.0,0.0,0.3137254901960784,0.0,0.0,0.29203084832904885,0.0,0.0,0.0,0.0
123,48,0.6993750000000003,0.500000000000001,0.5668808431072587,0.21230664626890927,0.008083313267517636,0.0,0.0,0.007456190165312549,0.0,0.0,0.2708333333333333,0.0,0.0,0.2918578956314805,0.0,0.0,0.0,0.0
124,54,0.5351851851851855,0.3703703703703695,0.5665925551625405,0.21374431531076185,0.005755825532762421,0.0,0.0,0.00743731414231863,0.0,0.0,0.12962962962962962,0.0,0.0,0.2903823479871989,0.0,0.0,0.0,0.0
125,48,0.6543750000000003,0.0833333333333358,0.5672965747702594,0.2126984126984116,0.008344845908608092,0.0,0.0,0.00744480429067293,0.0,0.0,0.4375,0.0,0.0,0.29156223893065997,0.0,0.0,0.0,0.0
126,56,0.6646428571428574,0.17857142857142522,0.5681989736798547,0.21238205595100035,0.005341561423651042,0.0,0.0,0.0074131530126753,0.0,0.0,0.45535714285714285,0.0,0.0,0.2930806157920874,0.0,0.0,0.0,0.0
127,40,0.7452500000000004,0.40000000000001046,0.569363591514554,0.21361618154908626,0.01090343818580826,0.0,0.0,0.007433640858723693,0.0,0.0,0.35625,0.0,0.0,0.2934961355040289,0.0,0.0,0.0,0.0
128,52,0.5680769230769231,0.03846153846153643,0.5693526822109901,0.21213109408119904,0.005245959865032848,0.0,0.0,0.007407507976376362,0.0,0.0,0.41346153846153844,0.0,0.0,0.29451328876569377,0.0,0.0,0.0,0.0
129,34,1.0973529411764713,0.6470588235294356,0.5722636614237072,0.2145289443813839,0.01503829101168944,0.0,0.0,0.007447459551398808,0.0,0.0,0.41911764705882354,0.0,0.0,0.2952002594454354,0.0,0.0,0.0,0.0
130,58,0.568793103448276,0.2758620689655112,0.5722313253012051,0.21510040160642474,0.005792800702370653,0.0,0.0,0.00742781002902614,0.0,0.0,0.2025862068965517,0.0,0.0,0.2943373493975904,0.0,0.0,0.0,0.0
131,58,0.5043103448275864,0.06896551724138125,0.5716043291421299,0.21375139264682383,0.008033507278220196,0.0,0.0,0.007432373983100496,0.0,0.0,0.3793103448275862,0.0,0.0,0.29512175712239375,0.0,0.0,0.0,0.0
132,44,0.27249999999999996,0.022727272727271968,0.5695242611032088,0.2124229492650536,0.005132705479451904,0.0,0.0,0.007421310074246481,0.0,0.0,0.1534090909090909,0.0,0.0,0.29413624150466255,0.0,0.0,0.0,0.0
133,67,0.668208955223881,0.31343283582088866,0.570558335939944,0.21348138880200088,0.009031672382488944,0.0,0.0,0.007437584352357391,0.0,0.0,0.35074626865671643,0.0,0.0,0.29472943384422895,0.0,0.0,0.0,0.0
134,48,0.681666666666667,0.2083333333333299,0.5713862154610372,0.21344303011487015,0.006738056013179624,0.0,0.0,0.007430726868244795,0.0,0.0,0.3645833333333333,0.0,0.0,0.29524992238435266,0.0,0.0,0.0,0.0
135,59,0.7552542372881359,0.15254237288135106,0.573054914628519,0.21289032456545043,0.008623959744532853,0.0,0.0,0.007443044802956909,0.0,0.0,0.4915254237288136,0.0,0.0,0.2970312259652361,0.0,0.0,0.0,0.0
136,51,0.207450980392157,-9.88860409678387E-16,0.5702090964590967,0.2112332112332102,0.003788041532402469,0.0,0.0,0.007422762547733255,0.0,0.0,0.0784313725490196,0.0,0.0,0.29532967032967034,0.0,0.0,0.0,0.0
137,36,0.45750000000000035,0.11111111111111333,0.5695931997571344,0.21068609593199653,0.005545454545454129,0.0,0.0,0.007411749834086539,0.0,0.0,0.22916666666666666,0.0,0.0,0.2949681238615665,0.0,0.0,0.0,0.0
138,51,0.29196078431372546,0.19607843137254946,0.5674604609127882,0.210573881608675,0.004379411764705717,0.0,0.0,0.007391521872204182,0.0,0.0,0.12745098039215685,0.0,0.0,0.2936812773007983,0.0,0.0,0.0,0.0
139,65,0.5846153846153851,0.49230769230769644,0.5676267899761338,0.21330548926014223,0.006906579425663534,0.0,0.0,0.007386342902618462,0.0,0.0,0.17307692307692307,0.0,0.0,0.29251193317422436,0.0,0.0,0.0,0.0
140,40,0.8865000000000002,0.5500000000000256,0.5695180901542113,0.21530249110320204,0.012955791012057143,0.0,0.0,0.007415774809963579,0.0,0.0,0.36875,0.0,0.0,0.2929641162514828,0.0,0.0,0.0,0.0
141,45,0.8386666666666672,0.5777777777777665,0.5713021063485052,0.2177051112093083,0.01028898582333706,0.0,0.0,0.007435980022814649,0.0,0.0,0.23333333333333334,0.0,0.0,0.2925688613934305,0.0,0.0,0.0,0.0
142,53,0.5266037735849063,0.3018867924528268,0.5709558608593981,0.21835720549546828,0.00592946675164636,0.0,0.0,0.0074225064696695165,0.0,0.0,0.24528301886792453,0.0,0.0,0.2922025723472669,0.0,0.0,0.0,0.0
143,49,0.5320408163265311,0.20408163265305188,0.5706791467131043,0.21825569583514634,0.006327669902912612,0.0,0.0,0.007414002435796415,0.0,0.0,0.19387755102040816,0.0,0.0,0.29150341024524745,0.0,0.0,0.0,0.0
144,50,0.6484000000000003,0.4000000000000006,0.5712390145512176,0.2195649041924785,0.011121783876500858,0.0,0.0,0.007434267639409991,0.0,0.0,0.2,0.0,0.0,0.29084425875234116,0.0,0.0,0.0,0.0
145,52,0.5573076923076925,2.400857290751901E-15,0.5711354211354214,0.217932217932217,0.006601366742596789,0.0,0.0,0.0074274678414883505,0.0,0.0,0.4567307692307692,0.0,0.0,0.29207779207779205,0.0,0.0,0.0,0.0
146,43,0.8037209302325583,0.18604651162790606,0.5725568504832294,0.21773735076748063,0.013384972889232969,0.0,0.0,0.007455937250721357,0.0,0.0,0.5116279069767442,0.0,0.0,0.2934195565662308,0.0,0.0,0.0,0.0
147,47,0.6202127659574473,0.21276595744680718,0.5728730763800651,0.21770436255823714,0.008619160260200974,0.0,0.0,0.007463173015554801,0.0,0.0,0.34574468085106386,0.0,0.0,0.2937667654948468,0.0,0.0,0.0,0.0
148,48,0.8885416666666672,0.41666666666665275,0.5749978965082038,0.21904361239657733,0.010137865462325138,0.0,0.0,0.007483710471657146,0.0,0.0,0.4427083333333333,0.0,0.0,0.2947693170663301,0.0,0.0,0.0,0.0
149,56,0.5878571428571434,0.10714285714285345,0.5750980937804371,0.21817169890079208,0.006286041626885707,0.0,0.0,0.007472371120974096,0.0,0.0,0.38392857142857145,0.0,0.0,0.2954640322805065,0.0,0.0,0.0,0.0
150,66,0.455757575757576,0.22727272727273412,0.57401213291052,0.21825451537294818,0.005635069314349853,0.0,0.0,0.007454809811754564,0.0,0.0,0.24242424242424243,0.0,0.0,0.2949813870122708,0.0,0.0,0.0,0.0
151,50,0.7316000000000004,0.16000000000000303,0.5750910584691225,0.217855675749691,0.011193390452876399,0.0,0.0,0.007476559482038888,0.0,0.0,0.5,0.0,0.0,0.2963850472408599,0.0,0.0,0.0,0.0
152,40,0.8930000000000005,0.25000000000000216,0.5768228244586683,0.21803077761132963,0.011148564294631236,0.0,0.0,0.007497384701165609,0.0,0.0,0.5375,0.0,0.0,0.2976984883562577,0.0,0.0,0.0,0.0
153,48,0.6629166666666669,0.1666666666666614,0.5773819510215128,0.21769719929644069,0.008321129707113144,0.0,0.0,0.007502922979276307,0.0,0.0,0.421875,0.0,0.0,0.29850493843864156,0.0,0.0,0.0,0.0
154,60,0.5026666666666668,0.26666666666666544,0.5767802979465845,0.21809153133807452,0.005481643038894972,0.0,0.0,0.00748355741453078,0.0,0.0,0.2708333333333333,0.0,0.0,0.2982821097839216,0.0,0.0,0.0,0.0
155,44,0.5977272727272728,0.4090909090909072,0.5769032688458974,0.2192128085390251,0.007071793492874423,0.0,0.0,0.007480907974186415,0.0,0.0,0.23295454545454544,0.0,0.0,0.29789859906604405,0.0,0.0,0.0,0.0
156,57,0.7936842105263162,0.3508771929824564,0.5785394597457628,0.22020656779660927,0.008581183611533129,0.0,0.0,0.007490853167187316,0.0,0.0,0.41228070175438597,0.0,0.0,0.2987619173728814,0.0,0.0,0.0,0.0
157,49,0.9114285714285719,0.5306122448979848,0.5806854361268255,0.2222076042625963,0.013541540327471553,0.0,0.0,0.007524873840698324,0.0,0.0,0.3622448979591837,0.0,0.0,0.2991711616892514,0.0,0.0,0.0,0.0
158,38,0.4863157894736843,0.26315789473683726,0.5802159968582276,0.22241131038093917,0.007944969905416991,0.0,0.0,0.007526533149030557,0.0,0.0,0.20394736842105263,0.0,0.0,0.29869747349129466,0.0,0.0,0.0,0.0
159,60,0.5916666666666669,0.26666666666666905,0.580305234446032,0.22275620210416866,0.008924082453493777,0.0,0.0,0.007535910428023976,0.0,0.0,0.30416666666666664,0.0,0.0,0.29874009611637875,0.0,0.0,0.0,0.0
160,51,0.6601960784313732,0.3137254901960751,0.5808309677419355,0.22335483870967668,0.009722783713543333,0.0,0.0,0.007548610074673808,0.0,0.0,0.3088235294117647,0.0,0.0,0.2988064516129032,0.0,0.0,0.0,0.0
161,43,0.8132558139534889,0.18604651162790542,0.5821134351340947,0.22314897985371415,0.009716587941094906,0.0,0.0,0.007561615932631704,0.0,0.0,0.5290697674418605,0.0,0.0,0.3000769921724625,0.0,0.0,0.0,0.0
162,54,0.7498148148148153,0.222222222222229,0.5832674907608004,0.22314260226838215,0.008983802973152934,0.0,0.0,0.007572220576970498,0.0,0.0,0.44907407407407407,0.0,0.0,0.30110233210144005,0.0,0.0,0.0,0.0
163,49,0.8091836734693881,0.285714285714283,0.584669452887538,0.2235309017223904,0.009329411764706117,0.0,0.0,0.0075844897918949765,0.0,0.0,0.4846938775510204,0.0,0.0,0.302241641337386,0.0,0.0,0.0,0.0
164,50,0.7282000000000004,0.03999999999999842,0.5855726151522779,0.22237603825824245,0.012563837129054536,0.0,0.0,0.007608084620025818,0.0,0.0,0.56,0.0,0.0,0.30386357915932544,0.0,0.0,0.0,0.0
165,53,0.6771698113207552,0.3018867924528313,0.5861795224403051,0.22290286285785654,0.0067297956122258,0.0,0.0,0.007600492126941536,0.0,0.0,0.36792452830188677,0.0,0.0,0.30428803600450055,0.0,0.0,0.0,0.0
166,42,0.7852380952380955,0.30952380952379205,0.5872192513368983,0.2233553040666576,0.009135734072022448,0.0,0.0,0.007609423648400403,0.0,0.0,0.4583333333333333,0.0,0.0,0.30509265016788956,0.0,0.0,0.0,0.0
167,45,0.5326666666666671,0.08888888888889426,0.5869156566905763,0.22260697501854984,0.0071895620875827215,0.0,0.0,0.007607179839001845,0.0,0.0,0.39444444444444443,0.0,0.0,0.30558990848379913,0.0,0.0,0.0,0.0
168,56,0.976071428571429,0.5892857142857366,0.5895922377794154,0.22512896094325663,0.012496570644718317,0.0,0.0,0.007641221714271179,0.0,0.0,0.4419642857142857,0.0,0.0,0.30652788012773274,0.0,0.0,0.0,0.0
169,51,0.7025490196078438,0.47058823529411653,0.5902953740998413,0.2266569022336135,0.01070191158900901,0.0,0.0,0.007657446404256013,0.0,0.0,0.29901960784313725,0.0,0.0,0.30648114243866714,0.0,0.0,0.0,0.0
170,32,0.8137500000000002,0.3437500000000084,0.5911647416413374,0.2271124620060785,0.00872654155495951,0.0,0.0,0.00766247376151186,0.0,0.0,0.484375,0.0,0.0,0.30717325227963527,0.0,0.0,0.0,0.0
171,36,0.5175000000000002,0.4444444444444497,0.5908437235201549,0.2280595569543634,0.008331842576028712,0.0,0.0,0.007664824120603033,0.0,0.0,0.1736111111111111,0.0,0.0,0.3065912117177097,0.0,0.0,0.0,0.0
172,53,0.8818867924528306,0.26415094339622897,0.5926990618234304,0.2282896319461145,0.010503370786517162,0.0,0.0,0.007684522417154017,0.0,0.0,0.5283018867924528,0.0,0.0,0.3080045706038008,0.0,0.0,0.0,0.0
173,60,0.9210000000000006,0.3666666666666881,0.5950513494148555,0.22928110819202263,0.012893140457302533,0.0,0.0,0.007719104743964724,0.0,0.0,0.4666666666666667,0.0,0.0,0.3091413900167184,0.0,0.0,0.0,0.0
174,37,1.1294594594594598,0.648648648648636,0.5974022113898466,0.23112590655094484,0.013043071161048565,0.0,0.0,0.007745398773006154,0.0,0.0,0.5067567567567568,0.0,0.0,0.31001070027345146,0.0,0.0,0.0,0.0
175,49,0.7753061224489799,0.4081632653061363,0.5984326241134752,0.23215130023640634,0.009101581217057782,0.0,0.0,0.007754068682858708,0.0,0.0,0.34183673469387754,0.0,0.0,0.3101950354609929,0.0,0.0,0.0,0.0
176,44,0.7129545454545455,0.22727272727272324,0.5990251646284102,0.2321260583254936,0.00799439347604522,0.0,0.0,0.007755504401389707,0.0,0.0,0.45454545454545453,0.0,0.0,0.31094190968955787,0.0,0.0,0.0,0.0
177,47,0.7125531914893622,0.12765957446808582,0.5996491638404864,0.23155186527891444,0.013428227746592115,0.0,0.0,0.007776962137436091,0.0,0.0,0.4521276595744681,0.0,0.0,0.31171792772775114,0.0,0.0,0.0,0.0
178,72,0.7850000000000006,0.3888888888888593,0.6011967992577989,0.23286559202133775,0.008394474974008106,0.0,0.0,0.007783204341918596,0.0,0.0,0.40625,0.0,0.0,0.31250724805752056,0.0,0.0,0.0,0.0
179,47,0.6289361702127662,0.17021276595744944,0.6013471741637832,0.23252595155709294,0.008252372975991122,0.0,0.0,0.007785713965716281,0.0,0.0,0.43617021276595747,0.0,0.0,0.31317762399077276,0.0,0.0,0.0,0.0
180,55,0.8967272727272732,0.2545454545454641,0.6032091690544412,0.23266475644699097,0.011659574468084927,0.0,0.0,0.0078100306138954275,0.0,0.0,0.5954545454545455,0.0,0.0,0.3149570200573066,0.0,0.0,0.0,0.0
181,50,0.8796000000000004,0.39999999999997926,0.6047840455840455,0.23361823361823306,0.010498925757937701,0.0,0.0,0.007826642244265323,0.0,0.0,0.465,0.0,0.0,0.3158119658119658,0.0,0.0,0.0,0.0
182,40,0.8660000000000003,0.6000000000000052,0.6059693703913783,0.23528077141236473,0.009482617027101166,0.0,0.0,0.007835515806365982,0.0,0.0,0.30625,0.0,0.0,0.31576857629041405,0.0,0.0,0.0,0.0
183,38,0.5626315789473687,0.26315789473684353,0.6057833502767423,0.23540042923302779,0.00931590413943378,0.0,0.0,0.007840482797135747,0.0,0.0,0.3684210526315789,0.0,0.0,0.3159945781091156,0.0,0.0,0.0,0.0
184,42,1.1876190476190478,0.7619047619047411,0.6085306351883081,0.23788645306351816,0.01256106774112444,0.0,0.0,0.007867729674338854,0.0,0.0,0.4642857142857143,0.0,0.0,0.3166947723440135,0.0,0.0,0.0,0.0
185,58,0.557586206896552,0.3448275862068874,0.6082006031497822,0.2385792471797156,0.00725600179492919,0.0,0.0,0.007863792202090596,0.0,0.0,0.2025862068965517,0.0,0.0,0.3159555456271641,0.0,0.0,0.0,0.0
186,52,0.8461538461538467,0.34615384615384526,0.6095746807329262,0.23920044419766726,0.012311135982092391,0.0,0.0,0.007886629043010525,0.0,0.0,0.3894230769230769,0.0,0.0,0.3163797890061077,0.0,0.0,0.0,0.0
187,46,0.6097826086956524,0.30434782608695693,0.6095757374875704,0.2395315434758583,0.006801648884578345,0.0,0.0,0.007880238238066694,0.0,0.0,0.32608695652173914,0.0,0.0,0.3164291238537178,0.0,0.0,0.0,0.0
188,57,0.6005263157894739,0.4210526315789228,0.6095191040843215,0.24066754501537024,0.0056401384083044894,0.0,0.0,0.007860987328113935,0.0,0.0,0.21052631578947367,0.0,0.0,0.3157663592446201,0.0,0.0,0.0,0.0
189,55,0.6030909090909095,0.3999999999999824,0.6094805194805195,0.24162392229619026,0.006679420056383337,0.0,0.0,0.007852736668189989,0.0,0.0,0.22272727272727272,0.0,0.0,0.3152079013423551,0.0,0.0,0.0,0.0
190,43,0.5962790697674422,0.4186046511627914,0.6094188572669998,0.24245057571149156,0.007894088669950632,0.0,0.0,0.007852924667878854,0.0,0.0,0.2616279069767442,0.0,0.0,0.3149576363241364,0.0,0.0,0.0,0.0
191,54,0.9611111111111115,0.29629629629630444,0.6114697624190065,0.24276457883369243,0.010974836117572587,0.0,0.0,0.007873453734398312,0.0,0.0,0.6111111111111112,0.0,0.0,0.31668466522678185,0.0,0.0,0.0,0.0
192,47,0.7708510638297876,0.3404255319148911,0.6122746319974214,0.24325776297410462,0.008899533284205051,0.0,0.0,0.007879229504592654,0.0,0.0,0.46808510638297873,0.0,0.0,0.31744923176104006,0.0,0.0,0.0,0.0
193,51,0.8362745098039218,0.6274509803921419,0.6134954050010686,0.24535157084847092,0.008283161778986204,0.0,0.0,0.007882084978554933,0.0,0.0,0.36764705882352944,0.0,0.0,0.31772280401795255,0.0,0.0,0.0,0.0
194,43,0.957209302325582,0.7906976744185897,0.6150675460057441,0.24784597383256998,0.014057377049179625,0.0,0.0,0.00790680979078355,0.0,0.0,0.3081395348837209,0.0,0.0,0.31767897032230613,0.0,0.0,0.0,0.0
195,51,0.6401960784313729,0.23529411764705407,0.6152031316123572,0.24777824798984235,0.0060418208734270866,0.0,0.0,0.007893129397967175,0.0,0.0,0.3382352941176471,0.0,0.0,0.31778988573846806,0.0,0.0,0.0,0.0
196,50,0.8598000000000005,0.44000000000001627,0.6164902125868238,0.24878972847821415,0.010208976490144529,0.0,0.0,0.007906291544914072,0.0,0.0,0.445,0.0,0.0,0.3184592717322669,0.0,0.0,0.0,0.0
197,54,1.0122222222222228,0.4074074074073978,0.6187264545835076,0.24968606111343558,0.010264788732394009,0.0,0.0,0.007923121247855928,0.0,0.0,0.5694444444444444,0.0,0.0,0.31987756383424026,0.0,0.0,0.0,0.0
198,36,0.9063888888888891,0.5277777777777768,0.6198060884070058,0.2507297748123426,0.008959362987369662,0.0,0.0,0.00792815402956733,0.0,0.0,0.3402777777777778,0.0,0.0,0.31995412844036697,0.0,0.0,0.0,0.0
199,62,0.5767741935483874,0.24193548387097927,0.6195297286099026,0.2506732960430901,0.007964365256124444,0.0,0.0,0.007928369557724843,0.0,0.0,0.29838709677419356,0.0,0.0,0.3198156204681997,0.0,0.0,0.0,0.0
200,46,0.98304347826087,0.32608695652173936,0.6212536082474227,0.25103092783505065,0.010343092406221482,0.0,0.0,0.007942283563362618,0.0,0.0,0.5652173913043478,0.0,0.0,0.32097938144329896,0.0,0.0,0.0,0.0
201,51,1.0356862745098043,0.3921568627450934,0.6234211875705056,0.2517690493282731,0.010000000000000626,0.0,0.0,0.007956509333452015,0.0,0.0,0.5343137254901961,0.0,0.0,0.3220951697261819,0.0,0.0,0.0,0.0
202,40,0.8412500000000005,0.39999999999999614,0.6258612859944268,0.2543090102177718,0.011504273504273304,0.0,0.0,0.007993727845439782,0.0,0.0,0.41875,0.0,0.0,0.32258230983589636,0.0,0.0,0.0,0.0
203,51,0.5780392156862747,0.2549019607843139,0.6272350087728352,0.25575394777582733,0.00683832057527256,0.0,0.0,0.007997957502362308,0.0,0.0,0.24019607843137256,0.0,0.0,0.3225307049231087,0.0,0.0,0.0,0.0
204,42,0.6840476190476195,0.28571428571429697,0.6292130538056387,0.2570484354022505,0.009982626824183348,0.0,0.0,0.008009925851914188,0.0,0.0,0.34523809523809523,0.0,0.0,0.32358256738614066,0.0,0.0,0.0,0.0
205,34,0.8467647058823533,0.2352941176470664,0.6326276012009525,0.2583083134900085,0.012910313901345316,0.0,0.0,0.00806174131132013,0.0,0.0,0.5808823529411765,0.0,0.0,0.3258618904648514,0.0,0.0,0.0,0.0
206,40,0.7282500000000003,0.4000000000000056,0.6342876385866748,0.25976582737540066,0.007663772691396895,0.0,0.0,0.00807033433528451,0.0,0.0,0.38125,0.0,0.0,0.3267537042793493,0.0,0.0,0.0,0.0
207,55,0.8483636363636367,0.39999999999999264,0.6362139236578048,0.2606806661839238,0.010170008718396023,0.0,0.0,0.008086897980865836,0.0,0.0,0.4318181818181818,0.0,0.0,0.32753180924795694,0.0,0.0,0.0,0.0
208,54,0.7820370370370372,0.5185185185184603,0.6382585779247621,0.2627118644067786,0.008065317035904756,0.0,0.0,0.00810876566892371,0.0,0.0,0.32407407407407407,0.0,0.0,0.32795059942124843,0.0,0.0,0.0,0.0
209,46,1.0086956521739134,0.5652173913043781,0.6409576446280989,0.2651859504132221,0.009719312945119633,0.0,0.0,0.008131112779846232,0.0,0.0,0.41304347826086957,0.0,0.0,0.32822830578512396,0.0,0.0,0.0,0.0
210,50,1.1182000000000007,0.4799999999999983,0.6449535315985128,0.26734820322180824,0.013580276900655504,0.0,0.0,0.008192238679111652,0.0,0.0,0.65,0.0,0.0,0.3302870714580752,0.0,0.0,0.0,0.0
211,60,0.801166666666667,0.36666666666664727,0.6472646664604597,0.2692030106196504,0.00849143260907979,0.0,0.0,0.008215912734506394,0.0,0.0,0.425,0.0,0.0,0.3314001443447778,0.0,0.0,0.0,0.0
212,48,0.7856250000000001,0.29166666666665997,0.6513039892794555,0.27110607153901545,0.007987714467273959,0.0,0.0,0.008260057888255285,0.0,0.0,0.4166666666666667,0.0,0.0,0.3335480878259973,0.0,0.0,0.0,0.0
213,38,0.9794736842105266,0.4210526315789367,0.6517269159264614,0.2711216690766358,0.016849253055681565,0.0,0.0,0.008274264104231804,0.0,0.0,0.4605263157894737,0.0,0.0,0.333660400743648,0.0,0.0,0.0,0.0
214,55,1.0438181818181822,0.6181818181818282,0.6550846407927332,0.27405037159372303,0.010960290187094653,0.0,0.0,0.008303906714084227,0.0,0.0,0.42727272727272725,0.0,0.0,0.33430532617671344,0.0,0.0,0.0,0.0
215,58,0.7758620689655175,0.20689655172414703,0.6575472087503869,0.27458466618511906,0.009927200529450755,0.0,0.0,0.008320295923736716,0.0,0.0,0.4353448275862069,0.0,0.0,0.33574966463729233,0.0,0.0,0.0,0.0
216,40,0.5470000000000003,0.2499999999999977,0.6576184577268503,0.2752142046041075,0.005840896956753856,0.0,0.0,0.008301384965024042,0.0,0.0,0.35,0.0,0.0,0.33591411169608754,0.0,0.0,0.0,0.0
217,47,1.2214893617021283,0.6808510638297877,0.6598915065096094,0.2758834469931793,0.012639806252751986,0.0,0.0,0.008321797053557713,0.0,0.0,0.5425531914893617,0.0,0.0,0.33723393263070883,0.0,0.0,0.0,0.0
218,39,1.0479487179487184,0.7179487179487258,0.6610209153033751,0.27666183474839406,0.00860783487784319,0.0,0.0,0.008322055440046416,0.0,0.0,0.3974358974358974,0.0,0.0,0.33754400496997305,0.0,0.0,0.0,0.0
219,60,1.0960000000000008,0.44999999999999635,0.6646812254191676,0.27789277582280986,0.01233077067316714,0.0,0.0,0.008363263445761177,0.0,0.0,0.5416666666666666,0.0,0.0,0.3396812254191679,0.0,0.0,0.0,0.0
220,46,1.0030434782608701,0.43478260869564556,0.6663628831814414,0.27879038939519357,0.010408301376043474,0.0,0.0,0.008383768761001881,0.0,0.0,0.5054347826086957,0.0,0.0,0.3404877796188898,0.0,0.0,0.0,0.0
221,51,0.6533333333333338,0.11764705882353059,0.6669251475308002,0.27746143493115116,0.007350540480917796,0.0,0.0,0.008384971734792574,0.0,0.0,0.4166666666666667,0.0,0.0,0.341546743969355,0.0,0.0,0.0,0.0
222,49,1.1393877551020413,0.6530612244897928,0.6687125531253238,0.2789468228464797,0.013815887156645123,0.0,0.0,0.008400290120032617,0.0,0.0,0.5255102040816326,0.0,0.0,0.3423084896859127,0.0,0.0,0.0,0.0
223,54,0.3866666666666668,0.03703703703704164,0.6678027323535499,0.27841026702545946,0.0032503113325030378,0.0,0.0,0.008357200032121617,0.0,0.0,0.2777777777777778,0.0,0.0,0.3420616849513558,0.0,0.0,0.0,0.0
224,51,0.7172549019607848,0.3725490196078491,0.6706002897950734,0.28037673359552784,0.009533489705499268,0.0,0.0,0.008407346277813255,0.0,0.0,0.27450980392156865,0.0,0.0,0.34320016559718486,0.0,0.0,0.0,0.0
225,46,0.9632608695652177,0.3478260869565239,0.6729336919416571,0.28126616323574943,0.00970858895705516,0.0,0.0,0.008425038173475305,0.0,0.0,0.483695652173913,0.0,0.0,0.3442898520740664,0.0,0.0,0.0,0.0
226,53,0.6237735849056607,0.4905660377358199,0.6747114788004136,0.28366080661840626,0.007272327320721253,0.0,0.0,0.008436009030185964,0.0,0.0,0.18867924528301888,0.0,0.0,0.344364012409514,0.0,0.0,0.0,0.0
227,41,0.9687804878048786,0.4390243902439045,0.6776117549668874,0.285492549668873,0.009645458960660401,0.0,0.0,0.008459456631404082,0.0,0.0,0.47560975609756095,0.0,0.0,0.34535389072847683,0.0,0.0,0.0,0.0
228,45,1.0026666666666668,0.4888888888889146,0.6814489753674188,0.28772510867315154,0.008680261639092145,0.0,0.0,0.008494276436567342,0.0,0.0,0.49444444444444446,0.0,0.0,0.34726247153798384,0.0,0.0,0.0,0.0
229,44,0.5713636363636367,0.3409090909090871,0.6820545247227117,0.2883798071939453,0.006477711929914903,0.0,0.0,0.008495377095026171,0.0,0.0,0.24431818181818182,0.0,0.0,0.34723230019695245,0.0,0.0,0.0,0.0
230,46,0.796956521739131,0.3913043478260965,0.6833630520422973,0.2894464026539489,0.010441469666761412,0.0,0.0,0.008506268348549865,0.0,0.0,0.33152173913043476,0.0,0.0,0.34776072983620154,0.0,0.0,0.0,0.0
231,45,0.7548888888888894,0.5333333333333257,0.6856698142575491,0.29179205146829834,0.007493933377454466,0.0,0.0,0.008527954158277845,0.0,0.0,0.2611111111111111,0.0,0.0,0.34821521220296775,0.0,0.0,0.0,0.0
232,40,0.8825000000000003,0.3250000000000002,0.6872003326749143,0.2923380808815876,0.010294546515019296,0.0,0.0,0.008540515957151301,0.0,0.0,0.51875,0.0,0.0,0.3493606403992099,0.0,0.0,0.0,0.0
233,53,0.7592452830188684,0.37735849056603604,0.689641818936877,0.2948504983388695,0.008498416050686497,0.0,0.0,0.00857275047944517,0.0,0.0,0.3584905660377358,0.0,0.0,0.3499013704318937,0.0,0.0,0.0,0.0
234,45,0.9328888888888894,0.2666666666666351,0.6921638459142354,0.2955041013394237,0.010758585340850751,0.0,0.0,0.008601720284701192,0.0,0.0,0.5833333333333334,0.0,0.0,0.3516768767521545,0.0,0.0,0.0,0.0
235,54,0.9950000000000003,0.40740740740740583,0.6935136538261862,0.2970615720070594,0.011793239683932743,0.0,0.0,0.008620875248782233,0.0,0.0,0.5,0.0,0.0,0.35183262381891806,0.0,0.0,0.0,0.0
236,60,0.790833333333334,0.3166666666666743,0.6957898558240846,0.2985167513743377,0.010715898825654853,0.0,0.0,0.008661661028329421,0.0,0.0,0.375,0.0,0.0,0.3525567887148636,0.0,0.0,0.0,0.0
237,40,0.6305000000000003,0.37500000000000755,0.6964470539332849,0.3013613218331072,0.007798392084106555,0.0,0.0,0.008658742514583243,0.0,0.0,0.2375,0.0,0.0,0.3514496518757144,0.0,0.0,0.0,0.0
238,55,0.9109090909090916,0.25454545454544186,0.7004765860242966,0.30204547814349386,0.014826871855578657,0.0,0.0,0.008726780466098191,0.0,0.0,0.4727272727272727,0.0,0.0,0.3538573356868446,0.0,0.0,0.0,0.0
239,37,0.6456756756756761,0.2972972972972934,0.7040018705185495,0.3046866881429897,0.00746329272102467,0.0,0.0,0.008774094532550208,0.0,0.0,0.2972972972972973,0.0,0.0,0.3550867712771485,0.0,0.0,0.0,0.0
240,56,0.43607142857142883,0.07142857142857513,0.7028270129870132,0.30296103896103793,0.006757055893746532,0.0,0.0,0.008779283377307344,0.0,0.0,0.25892857142857145,0.0,0.0,0.3551948051948052,0.0,0.0,0.0,0.0
241,47,1.065106382978724,0.46808510638296774,0.7051926072058977,0.30547191361229253,0.015165101484398499,0.0,0.0,0.008812185520514644,0.0,0.0,0.5212765957446809,0.0,0.0,0.3559080053992317,0.0,0.0,0.0,0.0
242,44,0.7438636363636367,0.4999999999999993,0.7069253917194149,0.3062156272698962,0.007624039133473092,0.0,0.0,0.008814090870277366,0.0,0.0,0.29545454545454547,0.0,0.0,0.3574763930683823,0.0,0.0,0.0,0.0
243,51,0.5225490196078435,0.2745098039215657,0.7063408053134081,0.30718140307181296,0.005658174097664389,0.0,0.0,0.00880268802532828,0.0,0.0,0.22058823529411764,0.0,0.0,0.3560606060606061,0.0,0.0,0.0,0.0
244,39,0.6641025641025644,0.25641025641026044,0.7078342495591743,0.30868167202572244,0.010905263157894442,0.0,0.0,0.00882532928982031,0.0,0.0,0.3974358974358974,0.0,0.0,0.3565242194793071,0.0,0.0,0.0,0.0
245,45,0.628888888888889,0.26666666666667055,0.7066424720033183,0.3070302778929894,0.007467018469656746,0.0,0.0,0.008797090897825148,0.0,0.0,0.29444444444444445,0.0,0.0,0.3564133139776027,0.0,0.0,0.0,0.0
246,48,0.7254166666666673,0.4791666666666709,0.7070159618573798,0.3080431177446092,0.007535165548582927,0.0,0.0,0.008787196821748973,0.0,0.0,0.203125,0.0,0.0,0.3560323383084577,0.0,0.0,0.0,0.0
247,51,0.9180392156862749,0.43137254901961825,0.7091749688667497,0.30853051058530406,0.011458639255996326,0.0,0.0,0.00881757266783571,0.0,0.0,0.4950980392156863,0.0,0.0,0.3576691573266916,0.0,0.0,0.0,0.0
248,53,0.6660377358490568,0.30188679245282357,0.7079147214441333,0.3069820520800901,0.006718690521507478,0.0,0.0,0.008793014133583505,0.0,0.0,0.2783018867924528,0.0,0.0,0.35703911194107274,0.0,0.0,0.0,0.0
249,48,0.9322916666666673,0.583333333333345,0.7103399668325042,0.30918325041459255,0.013192806603773458,0.0,0.0,0.008814678955721852,0.0,0.0,0.3958333333333333,0.0,0.0,0.3578720978441128,0.0,0.0,0.0,0.0
250,66,0.9510606060606066,0.4393939393939323,0.7127291537347403,0.30943513345747875,0.01221443860673294,0.0,0.0,0.008856794643683608,0.0,0.0,0.44696969696969696,0.0,0.0,0.35968859921373886,0.0,0.0,0.0,0.0
251,47,0.9782978723404259,0.6382978723404208,0.7144259412494828,0.31185353744311023,0.011549861843758513,0.0,0.0,0.008868702925217074,0.0,0.0,0.44148936170212766,0.0,0.0,0.35976934215970213,0.0,0.0,0.0,0.0
252,53,0.9528301886792458,0.32075471698116037,0.7158350558081852,0.3111823067383207,0.011451247165532053,0.0,0.0,0.008883932293303344,0.0,0.0,0.5613207547169812,0.0,0.0,0.3613838362959901,0.0,0.0,0.0,0.0
253,47,0.7270212765957453,0.46808510638297873,0.7150315115197851,0.31056927368529713,0.012160142348754472,0.0,0.0,0.008893890774412685,0.0,0.0,0.2925531914893617,0.0,0.0,0.36116850914350657,0.0,0.0,0.0,0.0
254,38,0.6815789473684212,0.26315789473684265,0.7142039929657598,0.31095479466225207,0.01320754716981146,0.0,0.0,0.00889776261068705,0.0,0.0,0.35526315789473684,0.0,0.0,0.3606082548877625,0.0,0.0,0.0,0.0
255,52,0.8475000000000006,0.3076923076923223,0.7147881793759039,0.31039470965075344,0.010330520393811904,0.0,0.0,0.008901430488697772,0.0,0.0,0.49038461538461536,0.0,0.0,0.36148997726803056,0.0,0.0,0.0,0.0
256,49,0.6559183673469391,0.4081632653061223,0.71452046300124,0.31087226126498474,0.00737325074558391,0.0,0.0,0.00889172688841647,0.0,0.0,0.3112244897959184,0.0,0.0,0.36166804464654817,0.0,0.0,0.0,0.0
257,48,0.8972916666666672,0.5416666666666721,0.7172958445317343,0.31310729791192815,0.012142655765435093,0.0,0.0,0.008933783769865391,0.0,0.0,0.40625,0.0,0.0,0.3627506719040728,0.0,0.0,0.0,0.0
258,40,0.9385000000000003,0.6749999999999906,0.7184870734229575,0.31489141675284305,0.01150122549019659,0.0,0.0,0.008947558206771683,0.0,0.0,0.375,0.0,0.0,0.3627456049638056,0.0,0.0,0.0,0.0
259,46,0.9941304347826091,0.43478260869565494,0.7198376757650949,0.31523986765922174,0.011170004885197765,0.0,0.0,0.008959608685413088,0.0,0.0,0.5108695652173914,0.0,0.0,0.36354942100909843,0.0,0.0,0.0,0.0
260,46,0.8113043478260873,0.3043478260869585,0.7201788853272669,0.3150656602212793,0.011980738362760646,0.0,0.0,0.008948511226030263,0.0,0.0,0.375,0.0,0.0,0.3635094612759797,0.0,0.0,0.0,0.0
261,48,0.5795833333333337,0.3958333333333291,0.7205498139727159,0.31552294336502607,0.008674773932023764,0.0,0.0,0.008968038362197601,0.0,0.0,0.21354166666666666,0.0,0.0,0.3636316659776767,0.0,0.0,0.0,0.0
262,52,1.0380769230769233,0.5769230769230683,0.720569567913996,0.31558817448831833,0.013559407184125074,0.0,0.0,0.008982374892404128,0.0,0.0,0.46634615384615385,0.0,0.0,0.36373268554889393,0.0,0.0,0.0,0.0
263,51,0.8284313725490202,0.43137254901960603,0.7218617625787785,0.31645831180907036,0.013404187817258977,0.0,0.0,0.00900279738841694,0.0,0.0,0.4411764705882353,0.0,0.0,0.36455212315321833,0.0,0.0,0.0,0.0
264,60,0.9113333333333339,0.4499999999999987,0.7246489779062564,0.3178814784224646,0.01745292052346112,0.0,0.0,0.009065787162371627,0.0,0.0,0.4125,0.0,0.0,0.3657856700392319,0.0,0.0,0.0,0.0
265,52,0.7448076923076928,0.3461538461538393,0.7251192565823438,0.3181208053691268,0.009605654761904591,0.0,0.0,0.009058332172468424,0.0,0.0,0.3942307692307692,0.0,0.0,0.36654620547238,0.0,0.0,0.0,0.0
266,44,0.8163636363636368,0.22727272727273018,0.7260839016325688,0.3181442446786519,0.017986980470706175,0.0,0.0,0.009086905077491074,0.0,0.0,0.48863636363636365,0.0,0.0,0.36740545567265964,0.0,0.0,0.0,0.0
267,44,1.4827272727272733,0.7727272727272947,0.7323509352071923,0.32231063346078265,0.019573957395739496,0.0,0.0,0.009148926831409396,0.0,0.0,0.7159090909090909,0.0,0.0,0.3698976955668079,0.0,0.0,0.0,0.0
268,47,0.5125531914893617,0.29787234042553234,0.7326731445110606,0.32282406450279033,0.008083892617449653,0.0,0.0,0.009155291248592079,0.0,0.0,0.18085106382978725,0.0,0.0,0.36988319206119497,0.0,0.0,0.0,0.0
269,47,1.114893617021277,0.7659574468084975,0.7350770822555612,0.32591826176926986,0.01216341689879244,0.0,0.0,0.009175220452631751,0.0,0.0,0.3723404255319149,0.0,0.0,0.3698137609932747,0.0,0.0,0.0,0.0
270,41,0.7063414634146346,0.24390243902439224,0.7358802816901409,0.32673985086992474,0.008274285714285618,0.0,0.0,0.00918002415911426,0.0,0.0,0.42073170731707316,0.0,0.0,0.3701584507042254,0.0,0.0,0.0,0.0
271,55,0.774545454545455,0.5454545454545522,0.7359809602649007,0.3271937086092709,0.011257928118392962,0.0,0.0,0.009187949061766103,0.0,0.0,0.2818181818181818,0.0,0.0,0.37011072019867547,0.0,0.0,0.0,0.0
272,51,0.4343137254901962,0.11764705882353084,0.7353500879098149,0.3266108180783941,0.005613279270146926,0.0,0.0,0.009179913444058841,0.0,0.0,0.3088235294117647,0.0,0.0,0.37041059054710934,0.0,0.0,0.0,0.0
273,48,0.8243750000000004,0.5416666666666466,0.7359330094076295,0.32823322650677056,0.011940253470126793,0.0,0.0,0.00918154322380938,0.0,0.0,0.2604166666666667,0.0,0.0,0.36992143078672596,0.0,0.0,0.0,0.0
274,48,0.7289583333333338,0.22916666666666483,0.7372033898305084,0.32926829268292596,0.010482324745356195,0.0,0.0,0.00919060785581946,0.0,0.0,0.4322916666666667,0.0,0.0,0.3704785035138487,0.0,0.0,0.0,0.0
275,48,0.9352083333333336,0.7083333333333278,0.7392978833247289,0.3321631388745474,0.010863988383350112,0.0,0.0,0.009200836287797122,0.0,0.0,0.3020833333333333,0.0,0.0,0.37041817243159525,0.0,0.0,0.0,0.0
276,59,0.7796610169491529,0.4576271186440722,0.7394861741642591,0.333058192323565,0.011081667068176388,0.0,0.0,0.009196984940099177,0.0,0.0,0.3771186440677966,0.0,0.0,0.37040858439950475,0.0,0.0,0.0,0.0
277,41,0.9790243902439028,0.7804878048780454,0.7403220811396717,0.33436564467843427,0.014933035714286476,0.0,0.0,0.009202442179175275,0.0,0.0,0.38414634146341464,0.0,0.0,0.3706771962423867,0.0,0.0,0.0,0.0
278,46,1.119347826086957,0.7391304347826475,0.7421116856256462,0.3370217166494306,0.012259523809523993,0.0,0.0,0.009210011602000072,0.0,0.0,0.42934782608695654,0.0,0.0,0.3708893485005171,0.0,0.0,0.0,0.0
279,54,0.7820370370370375,0.48148148148149955,0.7408187074127608,0.33708445178608254,0.008639525368248944,0.0,0.0,0.009184118305085625,0.0,0.0,0.2222222222222222,0.0,0.0,0.3692442700805286,0.0,0.0,0.0,0.0
280,45,0.8904444444444449,0.4444444444444592,0.7416982107767092,0.33736684248629595,0.012871827818824138,0.0,0.0,0.0091902462528962,0.0,0.0,0.4444444444444444,0.0,0.0,0.3698159065053263,0.0,0.0,0.0,0.0
281,53,0.6994339622641512,0.3584905660377412,0.7424940494670395,0.3389216599399768,0.009063569682151253,0.0,0.0,0.009203716009061695,0.0,0.0,0.37735849056603776,0.0,0.0,0.3699679188657767,0.0,0.0,0.0,0.0
282,52,0.5961538461538466,0.42307692307693867,0.741301242236025,0.34026915113871586,0.0075133301017936095,0.0,0.0,0.00918309718273556,0.0,0.0,0.1778846153846154,0.0,0.0,0.36829710144927535,0.0,0.0,0.0,0.0
283,53,0.6488679245283022,0.2641509433962352,0.7425504606148434,0.3406479660490629,0.008292741741017112,0.0,0.0,0.00918470739011366,0.0,0.0,0.36792452830188677,0.0,0.0,0.3691388055066763,0.0,0.0,0.0,0.0
284,56,0.7203571428571435,0.4285714285714176,0.7435090984284534,0.3421215880893296,0.0108005354752341,0.0,0.0,0.009202700195156292,0.0,0.0,0.3169642857142857,0.0,0.0,0.3693651778329198,0.0,0.0,0.0,0.0
285,46,0.8073913043478264,0.3913043478260706,0.7460449228858298,0.34354621674774816,0.009626749611197275,0.0,0.0,0.009239346128405374,0.0,0.0,0.3967391304347826,0.0,0.0,0.3705102991408757,0.0,0.0,0.0,0.0
286,50,1.0416000000000007,0.44000000000001066,0.747463813068652,0.3449131513647638,0.012881523621073391,0.0,0.0,0.0092523004466514,0.0,0.0,0.59,0.0,0.0,0.3712520678246485,0.0,0.0,0.0,0.0
287,43,0.480232558139535,0.23255813953488447,0.7466859743483661,0.344124948282995,0.006449094316052436,0.0,0.0,0.009236946455099034,0.0,0.0,0.23837209302325582,0.0,0.0,0.3716125362019032,0.0,0.0,0.0,0.0
288,47,0.8810638297872345,0.5531914893617161,0.7478287367007543,0.34541886168784175,0.013721007289595836,0.0,0.0,0.009248729849089341,0.0,0.0,0.2872340425531915,0.0,0.0,0.3715008780084702,0.0,0.0,0.0,0.0
289,49,0.8397959183673472,0.4897959183673623,0.746564081379738,0.34452132603531943,0.01224337994644469,0.0,0.0,0.00923983634362726,0.0,0.0,0.44387755102040816,0.0,0.0,0.3716048745223588,0.0,0.0,0.0,0.0
290,44,0.8536363636363642,0.6363636363636356,0.7482487860316152,0.34745324930261373,0.014072686399400344,0.0,0.0,0.009268032371504479,0.0,0.0,0.3068181818181818,0.0,0.0,0.37150015497468747,0.0,0.0,0.0,0.0
291,41,0.655853658536586,0.512195121951224,0.7478151173611833,0.34856788336263034,0.008895137280846817,0.0,0.0,0.009263101268660066,0.0,0.0,0.17073170731707318,0.0,0.0,0.3704115396546376,0.0,0.0,0.0,0.0
292,53,1.0392452830188685,0.6226415094339357,0.74841169784024,0.3507285315697011,0.01335272727272683,0.0,0.0,0.009280521793730023,0.0,0.0,0.4716981132075472,0.0,0.0,0.37005270228376563,0.0,0.0,0.0,0.0
293,45,0.8977777777777782,0.2666666666666702,0.750829974160207,0.35193798449612373,0.012313319110026963,0.0,0.0,0.009301326258588417,0.0,0.0,0.4777777777777778,0.0,0.0,0.37098191214470283,0.0,0.0,0.0,0.0
294,45,0.7733333333333335,0.4888888888888913,0.7514062822897295,0.35327547013845806,0.010046189376443328,0.0,0.0,0.009303132723709327,0.0,0.0,0.35,0.0,0.0,0.3707119239512296,0.0,0.0,0.0,0.0
295,60,0.9015000000000005,0.49999999999998923,0.7521987205943049,0.3547255468427565,0.012863258026159747,0.0,0.0,0.009324030163042094,0.0,0.0,0.4083333333333333,0.0,0.0,0.37058914568716467,0.0,0.0,0.0,0.0
296,40,1.0182500000000005,0.5999999999999921,0.7545450794305759,0.3569218073034862,0.017982339955849837,0.0,0.0,0.009357282936994775,0.0,0.0,0.475,0.0,0.0,0.3714668867340623,0.0,0.0,0.0,0.0
297,55,0.9001818181818186,0.3999999999999858,0.7552687506447956,0.35819663674816815,0.014198451390879952,0.0,0.0,0.009365974105726425,0.0,0.0,0.45,0.0,0.0,0.3710151655834107,0.0,0.0,0.0,0.0
298,41,0.9075609756097567,0.5609756097561004,0.7554304293971927,0.35910404624277387,0.011620861961274282,0.0,0.0,0.009361577751029398,0.0,0.0,0.3902439024390244,0.0,0.0,0.37079376548307186,0.0,0.0,0.0,0.0
299,47,0.8063829787234047,0.3404255319148832,0.7556441464672514,0.3586384734399169,0.012155227710070667,0.0,0.0,0.00938891088956643,0.0,0.0,0.43617021276595747,0.0,0.0,0.3716090768437339,0.0,0.0,0.0,0.0
300,47,0.8987234042553196,0.2978723404255479,0.7559354705700446,0.3575920008246568,0.017695852534561702,0.0,0.0,0.009407940904419985,0.0,0.0,0.574468085106383,0.0,0.0,0.3730285537573446,0.0,0.0,0.0,0.0
301,66,0.7892424242424246,0.5151515151515283,0.7560672078923031,0.3587503853663545,0.011506516456814787,0.0,0.0,0.009423205249224163,0.0,0.0,0.29545454545454547,0.0,0.0,0.37236666324118795,0.0,0.0,0.0,0.0
302,44,0.8313636363636369,0.4999999999999912,0.7560569022185705,0.3591824157764992,0.011679438058748472,0.0,0.0,0.009426542208311942,0.0,0.0,0.3181818181818182,0.0,0.0,0.37171322925225964,0.0,0.0,0.0,0.0
303,50,1.1812000000000007,0.7600000000000031,0.7587585994455286,0.3617414518944446,0.013003082342580179,0.0,0.0,0.009443948858989045,0.0,0.0,0.47,0.0,0.0,0.3728052161412876,0.0,0.0,0.0,0.0
304,52,0.8621153846153852,0.5000000000000029,0.7605160562224278,0.3623679080742788,0.012438956714761354,0.0,0.0,0.009474397940690039,0.0,0.0,0.42788461538461536,0.0,0.0,0.37424335693033756,0.0,0.0,0.0,0.0
305,43,0.9044186046511633,0.3255813953488424,0.7615439137134056,0.3628145865433997,0.01183866057838669,0.0,0.0,0.00947330691647255,0.0,0.0,0.47674418604651164,0.0,0.0,0.37473035439137137,0.0,0.0,0.0,0.0
306,56,0.9808928571428578,0.5714285714285641,0.7636232181314739,0.3655009742590499,0.018146679881069893,0.0,0.0,0.0095153930004051,0.0,0.0,0.39285714285714285,0.0,0.0,0.37475643523741153,0.0,0.0,0.0,0.0
307,56,0.7855357142857147,0.5000000000000023,0.762127485140398,0.3648288583726168,0.010848335388409553,0.0,0.0,0.009505941181282725,0.0,0.0,0.3169642857142857,0.0,0.0,0.37415453986472635,0.0,0.0,0.0,0.0
308,45,1.1166666666666671,0.9333333333333518,0.7651096985851961,0.36805413163830186,0.016277939747327753,0.0,0.0,0.009555434060298927,0.0,0.0,0.25555555555555554,0.0,0.0,0.3742054541726471,0.0,0.0,0.0,0.0
309,60,0.7695000000000005,0.46666666666666884,0.764536989665405,0.3686687813363344,0.008644448605130087,0.0,0.0,0.009535381430826623,0.0,0.0,0.2875,0.0,0.0,0.37329888468228795,0.0,0.0,0.0,0.0
310,58,0.9337931034482763,0.37931034482758974,0.7652400899060074,0.367899468737229,0.010970224832893546,0.0,0.0,0.009540390344681767,0.0,0.0,0.5560344827586207,0.0,0.0,0.37456579485083774,0.0,0.0,0.0,0.0
311,51,0.8300000000000005,0.2941176470588175,0.7671192323397307,0.3679052674561042,0.011327267861921767,0.0,0.0,0.009560042388999216,0.0,0.0,0.4068627450980392,0.0,0.0,0.3758421804818293,0.0,0.0,0.0,0.0
312,46,0.9595652173913046,0.521739130434766,0.7695965270684374,0.37078651685393216,0.014211204121056373,0.0,0.0,0.009596895610904342,0.0,0.0,0.4076086956521739,0.0,0.0,0.37612359550561797,0.0,0.0,0.0,0.0
313,44,1.1152272727272732,0.6363636363636357,0.7725051062091504,0.3734681372549015,0.018067010309277556,0.0,0.0,0.009639774997961016,0.0,0.0,0.5340909090909091,0.0,0.0,0.37722120098039214,0.0,0.0,0.0,0.0
314,57,1.0310526315789479,0.4561403508772036,0.7750448887982047,0.37410732503570665,0.015502505935108775,0.0,0.0,0.009684603028912343,0.0,0.0,0.5263157894736842,0.0,0.0,0.3791063048357478,0.0,0.0,0.0,0.0
315,53,0.8366037735849062,0.33962264150943056,0.7771952215642233,0.37574024913212134,0.009545748116253742,0.0,0.0,0.009699045876422644,0.0,0.0,0.4669811320754717,0.0,0.0,0.38028384725342046,0.0,0.0,0.0,0.0
316,57,0.801228070175439,0.4561403508772008,0.7802895890690325,0.3790149892933615,0.010928451782722542,0.0,0.0,0.009742940083012902,0.0,0.0,0.37280701754385964,0.0,0.0,0.3808249209748139,0.0,0.0,0.0,0.0
317,62,1.025645161290323,0.3548387096774241,0.7801119365014755,0.37753129134018487,0.012609557802894416,0.0,0.0,0.009739196717250308,0.0,0.0,0.5161290322580645,0.0,0.0,0.381067467182253,0.0,0.0,0.0,0.0
318,50,0.7878000000000004,0.5200000000000017,0.7814736092748907,0.3795382894335398,0.010990513392857138,0.0,0.0,0.00975674882964418,0.0,0.0,0.29,0.0,0.0,0.38096206651072917,0.0,0.0,0.0,0.0
319,56,0.6083928571428574,0.14285714285714482,0.7803415328318765,0.3777190485871108,0.006809914051569151,0.0,0.0,0.009758397980442523,0.0,0.0,0.36607142857142855,0.0,0.0,0.3807938605407603,0.0,0.0,0.0,0.0
320,45,1.0493333333333337,0.3555555555555528,0.7826554878048783,0.3777439024390241,0.011556534508076458,0.0,0.0,0.009770508816044207,0.0,0.0,0.6333333333333333,0.0,0.0,0.3827997967479675,0.0,0.0,0.0,0.0
321,43,1.0381395348837215,0.4651162790697676,0.7867198779867821,0.3805795627859682,0.013684855916615384,0.0,0.0,0.009810420050438,0.0,0.0,0.5174418604651163,0.0,0.0,0.3842399593289273,0.0,0.0,0.0,0.0
322,49,1.1561224489795925,0.5714285714285628,0.7910251194955762,0.3835045255771379,0.013750000000000545,0.0,0.0,0.009868832574385936,0.0,0.0,0.6071428571428571,0.0,0.0,0.3857164649649141,0.0,0.0,0.0,0.0
323,52,1.010961538461539,0.30769230769231204,0.7926349496797804,0.38253532581071437,0.015525694034258268,0.0,0.0,0.009902576372960652,0.0,0.0,0.5961538461538461,0.0,0.0,0.3873894480024398,0.0,0.0,0.0,0.0
324,51,0.7707843137254905,0.3529411764705897,0.793935326418548,0.3824486475493184,0.012319022250077976,0.0,0.0,0.009938896781387952,0.0,0.0,0.4362745098039216,0.0,0.0,0.38905836892414075,0.0,0.0,0.0,0.0
325,45,0.9051111111111115,0.4888888888888899,0.7951256230291934,0.3843962974265077,0.011434587310499154,0.0,0.0,0.009953320413469583,0.0,0.0,0.4111111111111111,0.0,0.0,0.38892279523954837,0.0,0.0,0.0,0.0
326,45,0.973555555555556,0.5999999999999927,0.7966873727087577,0.386558044806517,0.010827978250123669,0.0,0.0,0.009998913643613747,0.0,0.0,0.4166666666666667,0.0,0.0,0.3886710794297352,0.0,0.0,0.0,0.0
327,39,0.6574358974358977,0.10256410256410302,0.7963438231999186,0.3853752927996737,0.008349071963529877,0.0,0.0,0.009989281639921858,0.0,0.0,0.46794871794871795,0.0,0.0,0.38911803645992465,0.0,0.0,0.0,0.0
328,53,0.7813207547169816,0.6037735849056725,0.7974714867617108,0.3883910386965373,0.009368778280542849,0.0,0.0,0.01001994733596226,0.0,0.0,0.24528301886792453,0.0,0.0,0.38821283095723014,0.0,0.0,0.0,0.0
329,47,0.6961702127659577,0.2553191489361711,0.7959503711990236,0.3868605715447977,0.008903401360544051,0.0,0.0,0.0099987991087854,0.0,0.0,0.3404255319148936,0.0,0.0,0.38787755517136174,0.0,0.0,0.0,0.0
330,46,0.8080434782608702,0.26086956521738497,0.7973485388453314,0.38692597495163383,0.014285165257494186,0.0,0.0,0.01004382685250858,0.0,0.0,0.41847826086956524,0.0,0.0,0.3891151613888606,0.0,0.0,0.0,0.0
331,55,0.6847272727272731,0.36363636363636087,0.7984487675697697,0.3886738643308204,0.008287852112676377,0.0,0.0,0.010042981851537725,0.0,0.0,0.3409090909090909,0.0,0.0,0.38890303524139336,0.0,0.0,0.0,0.0
332,55,0.9010909090909094,0.39999999999998714,0.8013775562112117,0.3903754196764671,0.008635650810245877,0.0,0.0,0.010047310785558018,0.0,0.0,0.42727272727272725,0.0,0.0,0.39017194017702717,0.0,0.0,0.0,0.0
333,49,0.7053061224489799,0.2857142857142623,0.8018071552339213,0.3903781469778813,0.007575624725997451,0.0,0.0,0.010039345559426718,0.0,0.0,0.42857142857142855,0.0,0.0,0.3906329630007135,0.0,0.0,0.0,0.0
334,37,0.9583783783783786,0.32432432432432534,0.8029867346938776,0.39102040816326467,0.01156933115823837,0.0,0.0,0.010065849811775444,0.0,0.0,0.5608108108108109,0.0,0.0,0.3914030612244898,0.0,0.0,0.0,0.0
335,51,1.1190196078431376,0.6666666666666877,0.8049203431372551,0.3938929738562087,0.012420021762785602,0.0,0.0,0.010089233711423468,0.0,0.0,0.47058823529411764,0.0,0.0,0.39121221405228757,0.0,0.0,0.0,0.0
336,57,0.8096491228070178,0.456140350877188,0.8080577668912025,0.3963053684425388,0.008642322097377895,0.0,0.0,0.010101830421280135,0.0,0.0,0.40789473684210525,0.0,0.0,0.3929373341498265,0.0,0.0,0.0,0.0
337,58,0.6936206896551728,0.34482758620688425,0.8086670061099797,0.3970468431771888,0.007322533673097462,0.0,0.0,0.01009962125355153,0.0,0.0,0.3620689655172414,0.0,0.0,0.3933553971486762,0.0,0.0,0.0,0.0
338,50,0.8550000000000004,0.46000000000001395,0.8115867196252166,0.39841124350748486,0.012551379917791957,0.0,0.0,0.01013497667509448,0.0,0.0,0.37,0.0,0.0,0.39461757816478255,0.0,0.0,0.0,0.0
339,46,0.8510869565217396,0.26086956521738747,0.8132775510204082,0.3971428571428565,0.010111053719008532,0.0,0.0,0.010157496170286509,0.0,0.0,0.483695652173913,0.0,0.0,0.39650510204081635,0.0,0.0,0.0,0.0
340,43,1.1600000000000001,0.6511627906977073,0.8144996429664391,0.39763337753748795,0.011156340863342057,0.0,0.0,0.010153435708581505,0.0,0.0,0.5465116279069767,0.0,0.0,0.39727634397633377,0.0,0.0,0.0,0.0
341,48,0.8637500000000001,0.312500000000002,0.8146298184784826,0.39638996532735016,0.008828790459965588,0.0,0.0,0.01014490434535238,0.0,0.0,0.5260416666666666,0.0,0.0,0.39865898429532937,0.0,0.0,0.0,0.0
342,52,0.9036538461538466,0.4615384615384554,0.8166588475267721,0.3972463029066798,0.011962830957230932,0.0,0.0,0.01017920591073137,0.0,0.0,0.4567307692307692,0.0,0.0,0.3997960224375319,0.0,0.0,0.0,0.0
343,52,0.7355769230769238,0.15384615384614914,0.8176508972267538,0.3969208809135395,0.011090171064076448,0.0,0.0,0.010203393022090007,0.0,0.0,0.5,0.0,0.0,0.40135603588907015,0.0,0.0,0.0,0.0
344,51,0.9133333333333339,0.33333333333333165,0.8190111122438579,0.39657457437047555,0.01378514353358963,0.0,0.0,0.010215378355352661,0.0,0.0,0.5,0.0,0.0,0.40289530023447856,0.0,0.0,0.0,0.0
345,48,1.077916666666667,0.6666666666666825,0.8216664966853646,0.3999999999999995,0.011316710411198517,0.0,0.0,0.010241949016796073,0.0,0.0,0.46875,0.0,0.0,0.4029321774604793,0.0,0.0,0.0,0.0
346,53,0.6100000000000002,0.566037735849069,0.8206021395822721,0.4018339276617418,0.007721518987341938,0.0,0.0,0.010218264767189738,0.0,0.0,0.1179245283018868,0.0,0.0,0.4009169638308711,0.0,0.0,0.0,0.0
347,54,0.8777777777777783,0.31481481481483614,0.8218753817959683,0.4022602321319484,0.010841720036596489,0.0,0.0,0.010228571211355189,0.0,0.0,0.5833333333333334,0.0,0.0,0.40218387293830177,0.0,0.0,0.0,0.0
348,52,0.8453846153846155,0.4615384615384517,0.8216741298595565,0.40250356197842435,0.009028547956459618,0.0,0.0,0.010221657008947047,0.0,0.0,0.42788461538461536,0.0,0.0,0.402121921432933,0.0,0.0,0.0,0.0
349,53,1.1003773584905663,0.49056603773587226,0.8245108419016595,0.40466252672299696,0.01351564310544591,0.0,0.0,0.010265797322253576,0.0,0.0,0.6273584905660378,0.0,0.0,0.4034409040008144,0.0,0.0,0.0,0.0
350,50,0.6666000000000004,0.500000000000011,0.8261874171510147,0.406342408483736,0.009539210074413463,0.0,0.0,0.010293976773052566,0.0,0.0,0.225,0.0,0.0,0.4036147649638014,0.0,0.0,0.0,0.0
351,48,0.8208333333333337,0.4583333333333257,0.826643549209587,0.4078531361550228,0.010349356448647342,0.0,0.0,0.010290512694853746,0.0,0.0,0.3854166666666667,0.0,0.0,0.4030341662417134,0.0,0.0,0.0,0.0
352,52,0.5444230769230773,0.07692307692307718,0.8248782723846391,0.4067434042986654,0.00813505747126475,0.0,0.0,0.010277503496556746,0.0,0.0,0.3894230769230769,0.0,0.0,0.4024141794845676,0.0,0.0,0.0,0.0
353,34,0.8400000000000002,0.17647058823529305,0.8257237580332554,0.40712026930531453,0.011143191572376168,0.0,0.0,0.010289834069994926,0.0,0.0,0.5147058823529411,0.0,0.0,0.402708354585331,0.0,0.0,0.0,0.0
354,54,0.9846296296296302,0.500000000000008,0.8285781361641321,0.4084923956313157,0.016112121212121286,0.0,0.0,0.010348050557393348,0.0,0.0,0.49537037037037035,0.0,0.0,0.40402674288047363,0.0,0.0,0.0,0.0
355,61,0.7298360655737711,0.3278688524589972,0.8289993886284903,0.4079885877318115,0.0129871645274211,0.0,0.0,0.010375125611479227,0.0,0.0,0.3401639344262295,0.0,0.0,0.40439678011004687,0.0,0.0,0.0,0.0
356,56,1.1010714285714291,0.6607142857143138,0.830757158870886,0.4097625598695607,0.017872463768116208,0.0,0.0,0.010420276554243534,0.0,0.0,0.4955357142857143,0.0,0.0,0.4048710893712422,0.0,0.0,0.0,0.0
357,43,0.9534883720930237,0.41860465116279977,0.8308922198429697,0.4091975119812377,0.01819795827785132,0.0,0.0,0.010429529359513722,0.0,0.0,0.4941860465116279,0.0,0.0,0.4054756806362802,0.0,0.0,0.0,0.0
358,51,0.9264705882352947,0.41176470588236197,0.8327219959266807,0.4097759674134419,0.017565055762081706,0.0,0.0,0.01046147882521962,0.0,0.0,0.45098039215686275,0.0,0.0,0.4064918533604888,0.0,0.0,0.0,0.0
359,44,0.8120454545454551,0.36363636363636687,0.834104447164423,0.41044471644226843,0.010723289315726333,0.0,0.0,0.010470426304232306,0.0,0.0,0.4090909090909091,0.0,0.0,0.4071297429620563,0.0,0.0,0.0,0.0
360,45,0.7277777777777783,0.5333333333333351,0.8345213308838544,0.4115125535823637,0.014338879159369542,0.0,0.0,0.010485076349386273,0.0,0.0,0.26666666666666666,0.0,0.0,0.4069963257807716,0.0,0.0,0.0,0.0
361,52,0.9692307692307698,0.6153846153846142,0.8353288467421233,0.41358213520954407,0.010739399105049922,0.0,0.0,0.010490146363950665,0.0,0.0,0.49038461538461536,0.0,0.0,0.4069032323850311,0.0,0.0,0.0,0.0
362,45,0.8648888888888894,0.26666666666667566,0.8359359052867936,0.41396203306797297,0.015750708215296907,0.0,0.0,0.010515551538463501,0.0,0.0,0.5,0.0,0.0,0.4070983874260053,0.0,0.0,0.0,0.0
363,44,0.3252272727272727,0.09090909090908765,0.833775145512101,0.4131522516082916,0.004158674803836137,0.0,0.0,0.01049391775962779,0.0,0.0,0.2556818181818182,0.0,0.0,0.40602981721637904,0.0,0.0,0.0,0.0
364,42,1.2833333333333339,0.809523809523817,0.8362442514052125,0.41676034747061835,0.014947310038824747,0.0,0.0,0.010506835577618175,0.0,0.0,0.47619047619047616,0.0,0.0,0.4055442003065917,0.0,0.0,0.0,0.0
365,44,0.7290909090909096,0.4090909090909097,0.8366243862520463,0.4173486088379705,0.012644856129286699,0.0,0.0,0.010539783014625046,0.0,0.0,0.3409090909090909,0.0,0.0,0.40545724222585927,0.0,0.0,0.0,0.0
366,41,0.907804878048781,0.2926829268292683,0.8371437340153456,0.4172890025575448,0.01215942502450196,0.0,0.0,0.010552712754433554,0.0,0.0,0.5609756097560976,0.0,0.0,0.40588235294117647,0.0,0.0,0.0,0.0
367,49,0.9063265306122454,0.5306122448979709,0.8388915021985892,0.41936803354126195,0.014270565552699,0.0,0.0,0.010582101219515328,0.0,0.0,0.336734693877551,0.0,0.0,0.40558850598220675,0.0,0.0,0.0,0.0
368,59,0.8264406779661021,0.508474576271192,0.8380310774892664,0.4189327335923124,0.012251256281407085,0.0,0.0,0.01057986763582298,0.0,0.0,0.3389830508474576,0.0,0.0,0.4049785319975465,0.0,0.0,0.0,0.0
369,48,0.810833333333334,0.4166666666666745,0.8386041517537586,0.41865221392780455,0.011216138328530465,0.0,0.0,0.010582189394467272,0.0,0.0,0.3854166666666667,0.0,0.0,0.40543511606503735,0.0,0.0,0.0,0.0
370,53,1.0073584905660382,0.6037735849056439,0.839597959183674,0.41989795918367345,0.011930726256983727,0.0,0.0,0.010597093161782218,0.0,0.0,0.4716981132075472,0.0,0.0,0.4055357142857143,0.0,0.0,0.0,0.0
371,42,1.0078571428571435,0.5238095238095125,0.8415011217621868,0.42025290638384644,0.015292630057803843,0.0,0.0,0.010620340113027793,0.0,0.0,0.44642857142857145,0.0,0.0,0.4065623087905364,0.0,0.0,0.0,0.0
372,45,0.7882222222222225,0.6222222222222297,0.8410379669320275,0.42202490304143686,0.010198389879241022,0.0,0.0,0.010619119722166729,0.0,0.0,0.2611111111111111,0.0,0.0,0.4052357624004899,0.0,0.0,0.0,0.0
373,43,1.0016279069767446,0.511627906976747,0.8412534505674272,0.42275840916061735,0.018783253379852077,0.0,0.0,0.010630713735704348,0.0,0.0,0.4418604651162791,0.0,0.0,0.40501993661179836,0.0,0.0,0.0,0.0
374,62,0.7930645161290327,0.3870967741935501,0.8398613094024073,0.42168060371201294,0.009855682501503227,0.0,0.0,0.010615766753416155,0.0,0.0,0.40725806451612906,0.0,0.0,0.40465021415459923,0.0,0.0,0.0,0.0
375,51,0.8574509803921574,0.6274509803921677,0.8402752854812402,0.42281810766721034,0.011273524104150615,0.0,0.0,0.010627206635185973,0.0,0.0,0.37254901960784315,0.0,0.0,0.4047971044045677,0.0,0.0,0.0,0.0
376,43,0.9667441860465121,0.5116279069767394,0.8414010400734174,0.42408483736106856,0.015575121768452596,0.0,0.0,0.01065760668107205,0.0,0.0,0.4186046511627907,0.0,0.0,0.40463444478433774,0.0,0.0,0.0,0.0
377,55,0.5787272727272732,0.2909090909091254,0.8405461029037194,0.4247580234335202,0.007290426019239629,0.0,0.0,0.010629761673145473,0.0,0.0,0.33181818181818185,0.0,0.0,0.403998981151299,0.0,0.0,0.0,0.0
378,41,0.6660975609756101,0.3414634146341564,0.8402238348323802,0.4246729354047427,0.009149078726968742,0.0,0.0,0.010643524938145006,0.0,0.0,0.25,0.0,0.0,0.4033370809484873,0.0,0.0,0.0,0.0
379,62,1.0969354838709682,0.4516129032258163,0.8428615164812743,0.42606388406980333,0.01397370043147757,0.0,0.0,0.010675545720578654,0.0,0.0,0.5604838709677419,0.0,0.0,0.4041738952954383,0.0,0.0,0.0,0.0
380,37,1.075675675675676,0.37837837837838406,0.8434393211328091,0.4268479705551582,0.01384347826086917,0.0,0.0,0.01068194913641184,0.0,0.0,0.6148648648648649,0.0,0.0,0.40389530722829975,0.0,0.0,0.0,0.0
381,59,0.9001694915254244,0.4067796610169604,0.8435965270684379,0.4268641470888668,0.011616360454942834,0.0,0.0,0.010688470319043743,0.0,0.0,0.3898305084745763,0.0,0.0,0.40349846782431054,0.0,0.0,0.0,0.0
382,55,0.8000000000000005,0.3636363636363747,0.8432605813360536,0.4258031616522188,0.010036496350365251,0.0,0.0,0.010690470187415549,0.0,0.0,0.4318181818181818,0.0,0.0,0.40405405405405403,0.0,0.0,0.0,0.0
383,38,0.8326315789473688,0.6052631578947185,0.8443069862315149,0.4271290158082616,0.013210855949895487,0.0,0.0,0.010702352249148362,0.0,0.0,0.28289473684210525,0.0,0.0,0.40372259051504333,0.0,0.0,0.0,0.0
384,51,0.5862745098039219,0.352941176470601,0.8414968412471984,0.42531078051762855,0.006104532462229661,0.0,0.0,0.0106637424106647,0.0,0.0,0.3137254901960784,0.0,0.0,0.4029957203994294,0.0,0.0,0.0,0.0
385,42,0.7614285714285717,0.42857142857143493,0.8428342518881409,0.42580118391508537,0.015272206303725125,0.0,0.0,0.010695913242038694,0.0,0.0,0.4107142857142857,0.0,0.0,0.40421514594815267,0.0,0.0,0.0,0.0
386,43,0.9455813953488378,0.32558139534883934,0.8432679538257235,0.42578404331392444,0.01583950136345888,0.0,0.0,0.010705550195053112,0.0,0.0,0.5755813953488372,0.0,0.0,0.4050464807436919,0.0,0.0,0.0,0.0
387,54,0.9629629629629635,0.4259259259259121,0.8450239869347765,0.4263550066346846,0.012820512820513144,0.0,0.0,0.01073755778180138,0.0,0.0,0.5138888888888888,0.0,0.0,0.40601714810656325,0.0,0.0,0.0,0.0
388,48,1.0862500000000004,0.4583333333333199,0.8476307723743365,0.42654270535349464,0.010988408851423314,0.0,0.0,0.010779297890032215,0.0,0.0,0.546875,0.0,0.0,0.4078463424601553,0.0,0.0,0.0,0.0
389,51,0.5717647058823531,0.1960784313725497,0.8475674570727725,0.4254905968928871,0.008237288135593289,0.0,0.0,0.010794086330822872,0.0,0.0,0.29901960784313725,0.0,0.0,0.40831970564186426,0.0,0.0,0.0,0.0
390,69,0.6810144927536236,0.2608695652173691,0.847497451580021,0.4243628950050974,0.0069286346210556205,0.0,0.0,0.01077232348779716,0.0,0.0,0.3804347826086957,0.0,0.0,0.4087665647298675,0.0,0.0,0.0,0.0
391,34,0.32705882352941174,0.17647058823529768,0.8450633299284991,0.4242083758937697,0.003817370408513485,0.0,0.0,0.010744767342189059,0.0,0.0,0.18382352941176472,0.0,0.0,0.40686925434116444,0.0,0.0,0.0,0.0
392,51,1.2105882352941182,0.705882352941151,0.8473228507249342,0.4260771901163983,0.014137852072360181,0.0,0.0,0.010773756666510865,0.0,0.0,0.5,0.0,0.0,0.40706044517051254,0.0,0.0,0.0,0.0
393,46,0.901956521739131,0.30434782608695365,0.8476371437327619,0.42445602206558436,0.010300397219463478,0.0,0.0,0.010787950807842964,0.0,0.0,0.483695652173913,0.0,0.0,0.4076259066298907,0.0,0.0,0.0,0.0
394,42,1.0214285714285718,0.547619047619054,0.8479015120555788,0.42337556191254655,0.011953190303705096,0.0,0.0,0.01078094797663832,0.0,0.0,0.4642857142857143,0.0,0.0,0.40830608908868,0.0,0.0,0.0,0.0
395,44,1.132272727272728,0.6590909090909007,0.8502637767099482,0.4254166240670695,0.020603804797353787,0.0,0.0,0.010845320035158085,0.0,0.0,0.48295454545454547,0.0,0.0,0.40900725897147533,0.0,0.0,0.0,0.0
396,45,0.7531111111111114,0.22222222222222407,0.8497677986906715,0.4244067103109663,0.010577403245942514,0.0,0.0,0.010847698203874294,0.0,0.0,0.5,0.0,0.0,0.40924202127659576,0.0,0.0,0.0,0.0
397,52,0.9757692307692314,0.5576923076923446,0.8495406179660329,0.425209740126868,0.011008895638967665,0.0,0.0,0.010852726248498555,0.0,0.0,0.4423076923076923,0.0,0.0,0.4085328422344997,0.0,0.0,0.0,0.0
398,58,0.7458620689655178,0.5862068965517285,0.848717844017967,0.42578603511637486,0.010361676646706819,0.0,0.0,0.010859055002925687,0.0,0.0,0.21551724137931033,0.0,0.0,0.40764087382605146,0.0,0.0,0.0,0.0
399,54,1.0692592592592598,0.703703703703715,0.8516571311810385,0.4284838577850437,0.012071921388251054,0.0,0.0,0.010883598263537561,0.0,0.0,0.37962962962962965,0.0,0.0,0.4081783816918676,0.0,0.0,0.0,0.0
400,55,0.8998181818181823,0.36363636363636603,0.8513106052873333,0.4286005920179655,0.010958813108946168,0.0,0.0,0.01088712635545885,0.0,0.0,0.5136363636363637,0.0,0.0,0.40803307134837197,0.0,0.0,0.0,0.0
401,55,1.0089090909090914,0.5272727272727457,0.8512355882052857,0.42934394449546065,0.010450094161958651,0.0,0.0,0.010890213641353513,0.0,0.0,0.5136363636363637,0.0,0.0,0.4079685746352413,0.0,0.0,0.0,0.0
402,50,1.2448000000000006,0.559999999999989,0.8532820303740704,0.43012944653959934,0.014075079149706005,0.0,0.0,0.010906221257591909,0.0,0.0,0.69,0.0,0.0,0.40936194067882986,0.0,0.0,0.0,0.0
403,53,0.7779245283018872,0.2264150943396101,0.8543055130948745,0.42993987567512565,0.007871324933180403,0.0,0.0,0.010908355139287024,0.0,0.0,0.4528301886792453,0.0,0.0,0.4104758993172322,0.0,0.0,0.0,0.0
404,47,1.0934042553191494,0.6808510638297619,0.8561784477490326,0.4317579955184362,0.011277156023699707,0.0,0.0,0.010913996364580632,0.0,0.0,0.46808510638297873,0.0,0.0,0.4110307598288857,0.0,0.0,0.0,0.0
405,62,1.058064516129033,0.5483870967741805,0.8574822262847859,0.4331708307942317,0.012961865244023043,0.0,0.0,0.010921644798203439,0.0,0.0,0.532258064516129,0.0,0.0,0.411207596993703,0.0,0.0,0.0,0.0
406,47,0.900425531914894,0.5106382978723449,0.8582117121688827,0.4336750228356851,0.010749301498603283,0.0,0.0,0.010936783385736852,0.0,0.0,0.3882978723404255,0.0,0.0,0.4112199330153253,0.0,0.0,0.0,0.0
407,47,0.6451063829787239,0.14893617021276392,0.85724936515998,0.43250380904012253,0.010260575296108174,0.0,0.0,0.010938753185212842,0.0,0.0,0.3882978723404255,0.0,0.0,0.4109954291518537,0.0,0.0,0.0,0.0
408,42,1.1226190476190485,0.7857142857142688,0.8587958913861488,0.4335401200040688,0.014588490099009857,0.0,0.0,0.010973633256663166,0.0,0.0,0.4107142857142857,0.0,0.0,0.41147157530763756,0.0,0.0,0.0,0.0
409,41,1.0214634146341468,0.43902439024389983,0.8587728937728938,0.43294668294668376,0.012815177478579695,0.0,0.0,0.010989265960438742,0.0,0.0,0.5365853658536586,0.0,0.0,0.411986161986162,0.0,0.0,0.0,0.0
410,41,0.712926829268293,0.4878048780487733,0.8568428556879519,0.43293614421020554,0.010065426997244964,0.0,0.0,0.010971856167947519,0.0,0.0,0.25609756097560976,0.0,0.0,0.41012323047153476,0.0,0.0,0.0,0.0
411,53,1.0250943396226422,0.4905660377358689,0.8580921320831635,0.4336526701997564,0.012438186813186864,0.0,0.0,0.01099856567709708,0.0,0.0,0.5235849056603774,0.0,0.0,0.4106451284141867,0.0,0.0,0.0,0.0
412,36,0.6683333333333338,0.38888888888889667,0.8577500000000001,0.43418367346938885,0.008997756170531357,0.0,0.0,0.011010175894041822,0.0,0.0,0.2222222222222222,0.0,0.0,0.4099234693877551,0.0,0.0,0.0,0.0
413,54,1.0909259259259265,0.4814814814814777,0.8585615321923392,0.4344947025264885,0.01177493503897662,0.0,0.0,0.010998336084774856,0.0,0.0,0.5555555555555556,0.0,0.0,0.410528728606357,0.0,0.0,0.0,0.0
414,60,1.0415000000000003,0.6333333333333482,0.8586416861826697,0.4346807860706661,0.011952945677123246,0.0,0.0,0.011005109265192398,0.0,0.0,0.4125,0.0,0.0,0.4104470013236941,0.0,0.0,0.0,0.0
415,46,0.9382608695652179,0.5217391304347863,0.8595045366500152,0.4364359261902347,0.014531986531986712,0.0,0.0,0.0110251970728084,0.0,0.0,0.41847826086956524,0.0,0.0,0.41033744520338467,0.0,0.0,0.0,0.0
416,47,0.799148936170213,0.4255319148936189,0.8604889975550122,0.4371434392828048,0.011730168644597158,0.0,0.0,0.011053565539659858,0.0,0.0,0.4574468085106383,0.0,0.0,0.4108088834555827,0.0,0.0,0.0,0.0
417,45,0.8106666666666671,0.5333333333333183,0.8585316894232728,0.4364173629508875,0.009301376848546839,0.0,0.0,0.011035129032596057,0.0,0.0,0.3277777777777778,0.0,0.0,0.4097972284491543,0.0,0.0,0.0,0.0
418,47,0.7638297872340432,0.5957446808510561,0.857326410099776,0.4360619018529841,0.009952869420571192,0.0,0.0,0.011045125375957357,0.0,0.0,0.22340425531914893,0.0,0.0,0.40895438810832824,0.0,0.0,0.0,0.0
419,48,1.0689583333333337,0.6041666666666657,0.8569021406727828,0.43679918450560756,0.013689967982923252,0.0,0.0,0.011049142878173292,0.0,0.0,0.4947916666666667,0.0,0.0,0.40856269113149846,0.0,0.0,0.0,0.0
420,50,0.8434000000000005,0.44000000000001493,0.856148359486448,0.4368249439576127,0.013186366479049695,0.0,0.0,0.011061881308692977,0.0,0.0,0.345,0.0,0.0,0.4077847972284492,0.0,0.0,0.0,0.0
421,41,0.9180487804878052,0.7804878048780566,0.8574622603019173,0.43992248062015615,0.010214382632293184,0.0,0.0,0.011079938686127538,0.0,0.0,0.21341463414634146,0.0,0.0,0.40692574459404324,0.0,0.0,0.0,0.0
422,57,0.5629824561403515,0.10526315789473757,0.8543436608234812,0.43691398287810956,0.008298422549779964,0.0,0.0,0.011051183515809864,0.0,0.0,0.3333333333333333,0.0,0.0,0.40590603342845494,0.0,0.0,0.0,0.0
423,56,1.3912500000000005,0.6607142857143151,0.8599806399021804,0.44039127776645737,0.016758442675844715,0.0,0.0,0.011152463760455616,0.0,0.0,0.6785714285714286,0.0,0.0,0.4081669044222539,0.0,0.0,0.0,0.0
424,50,0.9198000000000005,0.26000000000000417,0.8610272088046468,0.43982472230714487,0.012721991701244382,0.0,0.0,0.011168174392107301,0.0,0.0,0.565,0.0,0.0,0.40966065423417913,0.0,0.0,0.0,0.0
425,46,0.8234782608695654,0.30434782608695066,0.8603719555691428,0.4396209110363816,0.010215749730312801,0.0,0.0,0.01117231623465644,0.0,0.0,0.5108695652173914,0.0,0.0,0.4097880362784062,0.0,0.0,0.0,0.0
426,49,1.141224489795919,0.3265306122448991,0.8630533183810785,0.43878071159139714,0.02496428571428589,0.0,0.0,0.011236856007411866,0.0,0.0,0.6938775510204082,0.0,0.0,0.41240187582832094,0.0,0.0,0.0,0.0
427,40,0.5890000000000004,0.2000000000000033,0.86149367862969,0.4378058727569345,0.007582877373672436,0.0,0.0,0.011230476823392586,0.0,0.0,0.4125,0.0,0.0,0.4121380505709625,0.0,0.0,0.0,0.0
428,61,0.9742622950819679,0.32786885245901176,0.8615472312703581,0.43688925081433355,0.012121150316133084,0.0,0.0,0.011253909158600146,0.0,0.0,0.5081967213114754,0.0,0.0,0.4123574918566775,0.0,0.0,0.0,0.0
429,46,0.8058695652173916,0.5434782608695713,0.8625859963362507,0.4378180337879109,0.011381639545594159,0.0,0.0,0.011279130115402627,0.0,0.0,0.2608695652173913,0.0,0.0,0.4124007734581722,0.0,0.0,0.0,0.0
430,52,1.5096153846153852,0.7307692307692485,0.8663150935720094,0.43958502847843917,0.015640565849771422,0.0,0.0,0.011312107882979799,0.0,0.0,0.6875,0.0,0.0,0.41423413344182264,0.0,0.0,0.0,0.0
431,54,1.0488888888888892,0.5555555555555631,0.8678264404023979,0.43979270399349807,0.010400293793610458,0.0,0.0,0.011328479314264799,0.0,0.0,0.5509259259259259,0.0,0.0,0.4156843816685296,0.0,0.0,0.0,0.0
432,55,1.1227272727272732,0.6727272727272909,0.869189326298701,0.44155844155844315,0.014400652985074876,0.0,0.0,0.011350631214093411,0.0,0.0,0.509090909090909,0.0,0.0,0.41578733766233766,0.0,0.0,0.0,0.0
433,42,0.5926190476190479,0.38095238095238326,0.8686013204672418,0.44164550533265773,0.007782989368355699,0.0,0.0,0.011353413905222931,0.0,0.0,0.23809523809523808,0.0,0.0,0.4153377348908075,0.0,0.0,0.0,0.0
434,48,0.9508333333333336,0.5000000000000017,0.8687083671811533,0.4427294882209603,0.010233183856502452,0.0,0.0,0.011349864744208028,0.0,0.0,0.421875,0.0,0.0,0.4146019496344435,0.0,0.0,0.0,0.0
435,47,0.8244680851063835,0.3404255319148956,0.8678040849507161,0.4424347119195221,0.012684124386251907,0.0,0.0,0.011352598051727085,0.0,0.0,0.39361702127659576,0.0,0.0,0.4140331267147648,0.0,0.0,0.0,0.0
436,62,1.100806451612904,0.5483870967741789,0.8697409326424868,0.44386873920552833,0.010133630289532226,0.0,0.0,0.011345454256304658,0.0,0.0,0.5,0.0,0.0,0.4148125571472112,0.0,0.0,0.0,0.0
437,47,0.7019148936170216,0.46808510638298106,0.8699116751269033,0.4442639593908645,0.008121614967996092,0.0,0.0,0.01134330432848685,0.0,0.0,0.25,0.0,0.0,0.41474619289340103,0.0,0.0,0.0,0.0
438,59,0.9440677966101703,0.15254237288135736,0.8701268520397808,0.44357621270550196,0.013418453384726204,0.0,0.0,0.01133912926181261,0.0,0.0,0.6567796610169492,0.0,0.0,0.41587172721737364,0.0,0.0,0.0,0.0
439,57,0.8147368421052639,0.21052631578947673,0.8706481669029776,0.4427790155965178,0.01096317280453243,0.0,0.0,0.011353410864793629,0.0,0.0,0.4473684210526316,0.0,0.0,0.4164978732023496,0.0,0.0,0.0,0.0
440,42,1.1164285714285718,0.5238095238095278,0.8741632860040568,0.4452332657200828,0.012053984575835291,0.0,0.0,0.011378938419008448,0.0,0.0,0.5119047619047619,0.0,0.0,0.41779918864097365,0.0,0.0,0.0,0.0
441,56,0.9610714285714291,0.6607142857142867,0.8737470868375722,0.4463471476340071,0.010651098357411303,0.0,0.0,0.011357632641664018,0.0,0.0,0.39732142857142855,0.0,0.0,0.4171901915087648,0.0,0.0,0.0,0.0
442,53,0.803207547169812,0.4150943396226595,0.8739471552945941,0.44594047378011925,0.00975481209899117,0.0,0.0,0.011369529973119878,0.0,0.0,0.29245283018867924,0.0,0.0,0.41706317068232435,0.0,0.0,0.0,0.0
443,56,0.8585714285714292,0.35714285714286603,0.8756733785287869,0.4463219670140665,0.011171003717471874,0.0,0.0,0.0114038511459485,0.0,0.0,0.45535714285714285,0.0,0.0,0.41829404027117273,0.0,0.0,0.0,0.0
444,47,1.0653191489361709,0.5531914893617089,0.8774087554342332,0.4475786068142775,0.011969878077935267,0.0,0.0,0.011408520321441209,0.0,0.0,0.5425531914893617,0.0,0.0,0.418966737438075,0.0,0.0,0.0,0.0
445,45,0.8773333333333337,0.533333333333333,0.878539075927611,0.44879183095743796,0.009261083743842356,0.0,0.0,0.011416118827282147,0.0,0.0,0.35,0.0,0.0,0.41921949246790013,0.0,0.0,0.0,0.0
446,38,1.1768421052631584,0.657894736842103,0.8804301184090679,0.4494484363930796,0.016279577721150483,0.0,0.0,0.011457332957547636,0.0,0.0,0.5657894736842105,0.0,0.0,0.4208329116486186,0.0,0.0,0.0,0.0
447,41,1.023658536585366,0.34146341463414515,0.8808307162394895,0.44909330361665667,0.010149939540507861,0.0,0.0,0.011450206559056668,0.0,0.0,0.6402439024390244,0.0,0.0,0.4213605511093101,0.0,0.0,0.0,0.0
448,54,0.7594444444444449,0.4074074074074073,0.8813198946515397,0.4496555915721251,0.007821857715048848,0.0,0.0,0.01145789215841209,0.0,0.0,0.35648148148148145,0.0,0.0,0.4217737034035656,0.0,0.0,0.0,0.0
449,44,1.0338636363636369,0.545454545454549,0.8817521280907983,0.44943250912039096,0.015203877005347699,0.0,0.0,0.011464906131742338,0.0,0.0,0.5511363636363636,0.0,0.0,0.42247669233887314,0.0,0.0,0.0,0.0
450,60,1.152833333333334,0.6166666666666999,0.8829375380247413,0.45051713648347397,0.014073245167853398,0.0,0.0,0.011476726346756087,0.0,0.0,0.5125,0.0,0.0,0.42286047454877307,0.0,0.0,0.0,0.0
451,46,0.8869565217391309,0.43478260869564606,0.8825017746678835,0.44954872730960554,0.00811133200795225,0.0,0.0,0.011454062527558009,0.0,0.0,0.5054347826086957,0.0,0.0,0.4231568806409086,0.0,0.0,0.0,0.0
452,40,1.2970000000000006,0.5999999999999888,0.8838068643379364,0.4508529650690515,0.015449672424063149,0.0,0.0,0.01147176321883622,0.0,0.0,0.65,0.0,0.0,0.4233346872461414,0.0,0.0,0.0,0.0
453,55,0.9587272727272731,0.4363636363636277,0.8849726055194802,0.45068993506493693,0.010903639371380764,0.0,0.0,0.011465608917691451,0.0,0.0,0.5818181818181818,0.0,0.0,0.42484273538961037,0.0,0.0,0.0,0.0
454,56,1.160535714285715,0.5714285714285794,0.8873182094389302,0.4520964148268197,0.011894216691069175,0.0,0.0,0.011464203559624107,0.0,0.0,0.6026785714285714,0.0,0.0,0.4261191006684221,0.0,0.0,0.0,0.0
455,49,0.9385714285714292,0.2857142857142741,0.8877823928679969,0.45203120251241174,0.015083633978353375,0.0,0.0,0.0114850049998624,0.0,0.0,0.49489795918367346,0.0,0.0,0.42612197345760305,0.0,0.0,0.0,0.0
456,61,1.0259016393442628,0.524590163934375,0.8897844783972474,0.45269654963068034,0.011283808150018254,0.0,0.0,0.011506998094759554,0.0,0.0,0.5245901639344263,0.0,0.0,0.42729940301527874,0.0,0.0,0.0,0.0
457,45,0.6108888888888894,0.08888888888889071,0.8884777327935219,0.4506072874493941,0.008099587507366127,0.0,0.0,0.011488911138596057,0.0,0.0,0.39444444444444443,0.0,0.0,0.427252024291498,0.0,0.0,0.0,0.0
458,53,0.8994339622641515,0.47169811320754745,0.8883341756797731,0.44981299909026723,0.01102196531791968,0.0,0.0,0.011486219083119436,0.0,0.0,0.4009433962264151,0.0,0.0,0.42732234913575257,0.0,0.0,0.0,0.0
459,47,1.008297872340426,0.510638297872331,0.8884121689913076,0.4501718213058432,0.010753346948037049,0.0,0.0,0.011483690845264564,0.0,0.0,0.4787234042553192,0.0,0.0,0.4271780877299373,0.0,0.0,0.0,0.0
460,62,1.1533870967741942,0.8064516129032497,0.8904278506559029,0.4530776992936443,0.015134391534391806,0.0,0.0,0.011504160805382793,0.0,0.0,0.4717741935483871,0.0,0.0,0.4276992936427851,0.0,0.0,0.0,0.0
461,53,0.9198113207547175,0.566037735849056,0.8920897629853755,0.45395864851235657,0.012025160335471439,0.0,0.0,0.01151872804036018,0.0,0.0,0.36792452830188677,0.0,0.0,0.428416540595058,0.0,0.0,0.0,0.0
462,52,0.6988461538461543,0.3076923076923076,0.890310640443772,0.4525466464952108,0.011164362519201176,0.0,0.0,0.011506634861045953,0.0,0.0,0.2932692307692308,0.0,0.0,0.4275088250126072,0.0,0.0,0.0,0.0
463,42,0.8964285714285719,0.38095238095238376,0.8906551584898038,0.45235210983242635,0.013351063829787341,0.0,0.0,0.011505617948223086,0.0,0.0,0.35119047619047616,0.0,0.0,0.4271148798707854,0.0,0.0,0.0,0.0
464,44,0.7665909090909095,0.545454545454548,0.8899777553083921,0.4527805864509622,0.008650936137470923,0.0,0.0,0.011466843148852138,0.0,0.0,0.26136363636363635,0.0,0.0,0.4264661274014156,0.0,0.0,0.0,0.0
465,39,0.9033333333333338,0.35897435897435886,0.8907947757416217,0.45297155006581113,0.01417706237424564,0.0,0.0,0.011485431050575234,0.0,0.0,0.46153846153846156,0.0,0.0,0.4267743241875063,0.0,0.0,0.0,0.0
466,52,0.7084615384615388,0.23076923076922698,0.8901669195751135,0.45280728376327933,0.009583766909469604,0.0,0.0,0.011459003456206205,0.0,0.0,0.3701923076923077,0.0,0.0,0.4262013151239251,0.0,0.0,0.0,0.0
467,42,0.7614285714285719,0.23809523809523403,0.8869816857229583,0.45047050490741836,0.01033947623666345,0.0,0.0,0.011419259197503055,0.0,0.0,0.48214285714285715,0.0,0.0,0.42514924618030964,0.0,0.0,0.0,0.0
468,54,0.7324074074074076,0.3518518518518387,0.8879170879676437,0.4506572295247739,0.0074664904663018635,0.0,0.0,0.011404974992564668,0.0,0.0,0.3888888888888889,0.0,0.0,0.4261122345803842,0.0,0.0,0.0,0.0
469,52,0.6451923076923081,0.5000000000000229,0.8855634158665989,0.44941889843355376,0.007096023688663599,0.0,0.0,0.011374289159660503,0.0,0.0,0.20192307692307693,0.0,0.0,0.42518948964123293,0.0,0.0,0.0,0.0
470,51,1.0521568627450986,0.49019607843136853,0.8871630489651686,0.4504795557799106,0.016384732824427928,0.0,0.0,0.01140968310727819,0.0,0.0,0.4852941176470588,0.0,0.0,0.4255174154467441,0.0,0.0,0.0,0.0
471,60,0.8130000000000005,0.5999999999999892,0.887339051463168,0.450857719475279,0.012365019011406448,0.0,0.0,0.011415321026005862,0.0,0.0,0.25,0.0,0.0,0.4252522704339051,0.0,0.0,0.0,0.0
472,64,0.7334375000000006,0.34374999999999656,0.8886747959286502,0.45187947193389244,0.010738961336078254,0.0,0.0,0.011441189902848148,0.0,0.0,0.3828125,0.0,0.0,0.4255769424569183,0.0,0.0,0.0,0.0
473,62,0.8519354838709682,0.45161290322580067,0.8887561638321421,0.4514440978162439,0.008470173187940305,0.0,0.0,0.011415105070094139,0.0,0.0,0.3911290322580645,0.0,0.0,0.4261598067827312,0.0,0.0,0.0,0.0
474,44,0.9597727272727277,0.36363636363634816,0.8898429477499241,0.45212926608275594,0.011601648351648296,0.0,0.0,0.011420005271481301,0.0,0.0,0.48863636363636365,0.0,0.0,0.4264069264069264,0.0,0.0,0.0,0.0
475,55,1.042363636363637,0.6181818181818163,0.8904678068410458,0.45181086519114827,0.013435669088352416,0.0,0.0,0.011434083742512391,0.0,0.0,0.4863636363636364,0.0,0.0,0.4273390342052314,0.0,0.0,0.0,0.0
476,55,1.0572727272727276,0.545454545454549,0.8920491143317226,0.45229468599033956,0.01200702044187451,0.0,0.0,0.01143955302186492,0.0,0.0,0.5045454545454545,0.0,0.0,0.42806461352657005,0.0,0.0,0.0,0.0
477,49,0.9606122448979596,0.3265306122449031,0.8920283588093317,0.45032180209171496,0.014315693430657252,0.0,0.0,0.011439638484762125,0.0,0.0,0.5510204081632653,0.0,0.0,0.4288515687851971,0.0,0.0,0.0,0.0
478,41,0.9526829268292689,0.463414634146342,0.8912264815373776,0.4490391387463539,0.015910386965377023,0.0,0.0,0.011449374271318858,0.0,0.0,0.524390243902439,0.0,0.0,0.4292433846463427,0.0,0.0,0.0,0.0
479,44,0.8877272727272729,0.4545454545454655,0.8918048141806825,0.44888709839863145,0.012066728452270673,0.0,0.0,0.011469753512597687,0.0,0.0,0.42045454545454547,0.0,0.0,0.43033034545271426,0.0,0.0,0.0,0.0
480,53,0.7639622641509439,0.2641509433962267,0.8911291134145111,0.44792190802053045,0.008493811621564037,0.0,0.0,0.011445775346049502,0.0,0.0,0.419811320754717,0.0,0.0,0.43021032504780116,0.0,0.0,0.0,0.0
481,50,0.9230000000000004,0.640000000000034,0.8923122609220854,0.44936581437487544,0.01193740300051797,0.0,0.0,0.011460830035284073,0.0,0.0,0.365,0.0,0.0,0.4301640829474532,0.0,0.0,0.0,0.0
482,38,0.9973684210526321,0.5263157894736757,0.8942671370967735,0.4497983870967753,0.01573266915732629,0.0,0.0,0.011495270305292083,0.0,0.0,0.4473684210526316,0.0,0.0,0.43155241935483873,0.0,0.0,0.0,0.0
483,45,0.8880000000000005,0.577777777777785,0.8955508474576265,0.4513720742534313,0.012886165752982978,0.0,0.0,0.01151809974126545,0.0,0.0,0.3611111111111111,0.0,0.0,0.4315728410008071,0.0,0.0,0.0,0.0
484,41,1.1190243902439028,0.7317073170731587,0.8974679195715868,0.45266242295645254,0.013553914327917577,0.0,0.0,0.011530524818128489,0.0,0.0,0.5,0.0,0.0,0.43250479943417197,0.0,0.0,0.0,0.0
485,55,0.9801818181818185,0.5090909090909113,0.8983454472037143,0.453260650111045,0.011136128898987721,0.0,0.0,0.0115375719395779,0.0,0.0,0.45454545454545453,0.0,0.0,0.43279325661215423,0.0,0.0,0.0,0.0
486,53,0.9056603773584913,0.4150943396226462,0.8976617216671707,0.4531234231506723,0.01645526225574084,0.0,0.0,0.011549142344461897,0.0,0.0,0.4858490566037736,0.0,0.0,0.4322837824200222,0.0,0.0,0.0,0.0
487,57,1.0233333333333339,0.4210526315789526,0.9001924821122638,0.4538949914340433,0.01465577889447211,0.0,0.0,0.011586361920672835,0.0,0.0,0.5745614035087719,0.0,0.0,0.4339413483825456,0.0,0.0,0.0,0.0
488,45,0.7882222222222225,0.22222222222222324,0.899775224271746,0.45237375264590385,0.009728469555677353,0.0,0.0,0.011569233281535337,0.0,0.0,0.4388888888888889,0.0,0.0,0.4346588045559923,0.0,0.0,0.0,0.0
489,43,0.8365116279069771,0.4186046511627889,0.8997972768532517,0.45204236006051546,0.014194948697711339,0.0,0.0,0.011574926047018536,0.0,0.0,0.31976744186046513,0.0,0.0,0.43411497730711046,0.0,0.0,0.0,0.0
490,50,0.7896000000000005,0.4400000000000027,0.8994466283640754,0.4511641971575458,0.010795734208368405,0.0,0.0,0.011562595562282004,0.0,0.0,0.345,0.0,0.0,0.4342304203205322,0.0,0.0,0.0,0.0
491,50,0.9746000000000004,0.3000000000000071,0.9008308157099689,0.4501510574018139,0.01337266739846324,0.0,0.0,0.01158157564583769,0.0,0.0,0.61,0.0,0.0,0.4362034239677744,0.0,0.0,0.0,0.0
492,45,0.8477777777777779,0.26666666666666566,0.8998508365248933,0.448397500503932,0.012390386489120185,0.0,0.0,0.0115753322538029,0.0,0.0,0.5277777777777778,0.0,0.0,0.43642914734932475,0.0,0.0,0.0,0.0
493,54,0.7637037037037041,0.2592592592592633,0.8991199274997473,0.4481925284462806,0.011065199892674921,0.0,0.0,0.011569731357439876,0.0,0.0,0.4351851851851852,0.0,0.0,0.4362350216493807,0.0,0.0,0.0,0.0
494,42,0.6842857142857148,0.42857142857141944,0.8987812248186935,0.44792506043513425,0.00886489821098074,0.0,0.0,0.011565206008188762,0.0,0.0,0.21428571428571427,0.0,0.0,0.4356869460112812,0.0,0.0,0.0,0.0
495,44,0.8861363636363642,0.5909090909090832,0.8987086359967706,0.44824455205811276,0.012030237580993123,0.0,0.0,0.011560078537938175,0.0,0.0,0.3465909090909091,0.0,0.0,0.43545702179176754,0.0,0.0,0.0,0.0
496,42,1.0092857142857148,0.3571428571428551,0.898694775065563,0.4472463183377056,0.0184384515006526,0.0,0.0,0.011561722619667113,0.0,0.0,0.5714285714285714,0.0,0.0,0.4358735122049627,0.0,0.0,0.0,0.0
497,47,1.1804255319148942,0.4255319148936141,0.9000232182515638,0.44740561275994484,0.015411111111112126,0.0,0.0,0.011567773409624666,0.0,0.0,0.675531914893617,0.0,0.0,0.4369321623258631,0.0,0.0,0.0,0.0
498,49,0.9757142857142861,0.4897959183673158,0.9003661488803704,0.4471454508775481,0.01456289978678014,0.0,0.0,0.011580309570050266,0.0,0.0,0.49489795918367346,0.0,0.0,0.4374117409723623,0.0,0.0,0.0,0.0
499,60,0.8848333333333339,0.5666666666666595,0.900717235821496,0.44837312380376876,0.012857834826835165,0.0,0.0,0.011584821370730579,0.0,0.0,0.36666666666666664,0.0,0.0,0.4369900271985494,0.0,0.0,0.0,0.0
500,43,0.6565116279069771,0.23255813953488289,0.8996684470422244,0.4481507608586125,0.009356977129599191,0.0,0.0,0.011557235918866177,0.0,0.0,0.313953488372093,0.0,0.0,0.4358057039201854,0.0,0.0,0.0,0.0
501,51,0.48862745098039245,0.392156862745086,0.8982882519176415,0.4474162293096498,0.008649774383894294,0.0,0.0,0.01154666673585833,0.0,0.0,0.17647058823529413,0.0,0.0,0.43540573274121924,0.0,0.0,0.0,0.0
502,46,0.6423913043478264,0.3913043478260894,0.8973975782038337,0.4469223007063583,0.007759978991596439,0.0,0.0,0.011527436803451042,0.0,0.0,0.2391304347826087,0.0,0.0,0.4350151362260343,0.0,0.0,0.0,0.0
503,59,0.8769491525423734,0.5084745762711625,0.8958453473132364,0.4457102530497036,0.009951913829582642,0.0,0.0,0.01150814814431083,0.0,0.0,0.3813559322033898,0.0,0.0,0.43451960883153545,0.0,0.0,0.0,0.0
504,46,0.38347826086956543,0.1304347826086863,0.893644708968021,0.4439624735196217,0.006116504854369346,0.0,0.0,0.011483642482230822,0.0,0.0,0.2554347826086957,0.0,0.0,0.4337233935236558,0.0,0.0,0.0,0.0
505,44,0.9540909090909097,0.613636363636356,0.8938662497478305,0.44522896913455823,0.013932957185529374,0.0,0.0,0.011491700026065093,0.0,0.0,0.4034090909090909,0.0,0.0,0.43340225943110755,0.0,0.0,0.0,0.0
506,52,0.985384615384616,0.5000000000000075,0.89385469223007,0.444803229061555,0.013357664233576106,0.0,0.0,0.01147487680645013,0.0,0.0,0.4807692307692308,0.0,0.0,0.43387991927346115,0.0,0.0,0.0,0.0
507,53,0.8813207547169815,0.30188679245283356,0.8943999192490153,0.44372665791864446,0.009358845922660265,0.0,0.0,0.011464499567856844,0.0,0.0,0.5471698113207547,0.0,0.0,0.43514686585242757,0.0,0.0,0.0,0.0
508,50,0.7548000000000004,0.23999999999999638,0.8926866424535912,0.4404761904761914,0.010370981038746485,0.0,0.0,0.011440143048494798,0.0,0.0,0.46,0.0,0.0,0.4360875706214689,0.0,0.0,0.0,0.0
509,57,1.0538596491228074,0.6666666666666692,0.8943596730245227,0.4416187304470692,0.012395790342550778,0.0,0.0,0.011465452442528567,0.0,0.0,0.4473684210526316,0.0,0.0,0.4370521747905944,0.0,0.0,0.0,0.0
510,43,1.0439534883720933,0.6046511627907161,0.8947786537295326,0.44269254093390037,0.014703570258762018,0.0,0.0,0.011481444495600266,0.0,0.0,0.4186046511627907,0.0,0.0,0.4362745098039216,0.0,0.0,0.0,0.0
511,58,1.0515517241379317,0.5172413793103546,0.8960307039692955,0.443894556105445,0.012971076137813502,0.0,0.0,0.011491263292877243,0.0,0.0,0.5301724137931034,0.0,0.0,0.436976063023937,0.0,0.0,0.0,0.0
512,35,1.1185714285714292,0.5142857142857249,0.8965227502527803,0.44378159757330754,0.01587591240875973,0.0,0.0,0.011494328420124733,0.0,0.0,0.6071428571428571,0.0,0.0,0.4377148634984833,0.0,0.0,0.0,0.0
513,47,0.7812765957446811,0.4255319148936133,0.8950025270393204,0.4428383705650472,0.01059434506635877,0.0,0.0,0.011467169166213407,0.0,0.0,0.3723404255319149,0.0,0.0,0.43697563934094813,0.0,0.0,0.0,0.0
514,45,0.6480000000000006,0.26666666666666333,0.8930928043720268,0.44195931585872006,0.013550185873605737,0.0,0.0,0.011453132442397899,0.0,0.0,0.3277777777777778,0.0,0.0,0.4359629592146544,0.0,0.0,0.0,0.0
515,45,1.0220000000000007,0.3555555555555533,0.8939835916134911,0.4421148587055619,0.01271847345132737,0.0,0.0,0.011470592822091024,0.0,0.0,0.6611111111111111,0.0,0.0,0.4368226476248354,0.0,0.0,0.0,0.0
516,48,0.6764583333333336,0.3958333333333259,0.8934610705596103,0.44180859691808716,0.010542207792207704,0.0,0.0,0.01146981999627788,0.0,0.0,0.390625,0.0,0.0,0.4369677615571776,0.0,0.0,0.0,0.0
517,53,0.7590566037735853,0.3018867924528314,0.8919066463723996,0.44160324708270027,0.009831378299120251,0.0,0.0,0.011453593980886695,0.0,0.0,0.44339622641509435,0.0,0.0,0.4365043125317098,0.0,0.0,0.0,0.0
518,47,1.3453191489361707,0.7659574468085265,0.8945980511571253,0.4427527405602935,0.015787765293383802,0.0,0.0,0.01147836211308826,0.0,0.0,0.5638297872340425,0.0,0.0,0.43785525781567197,0.0,0.0,0.0,0.0
519,57,1.0485964912280707,0.4736842105263185,0.897115599309855,0.44463615142596286,0.019571054354943787,0.0,0.0,0.011541127101139359,0.0,0.0,0.5087719298245614,0.0,0.0,0.4386735004567137,0.0,0.0,0.0,0.0
520,53,0.7854716981132078,0.264150943396227,0.8958209106581482,0.444072609268838,0.009601014760147472,0.0,0.0,0.011530064844206867,0.0,0.0,0.5424528301886793,0.0,0.0,0.43834296724470134,0.0,0.0,0.0,0.0
521,51,0.8147058823529414,0.2549019607843229,0.8947816394771505,0.44300334380383155,0.010065406976744079,0.0,0.0,0.01151301808320625,0.0,0.0,0.5980392156862745,0.0,0.0,0.43882358901611107,0.0,0.0,0.0,0.0
522,53,0.8524528301886798,0.4528301886792398,0.8932573685809784,0.44241871771498165,0.020278276481149198,0.0,0.0,0.01152649656654271,0.0,0.0,0.3632075471698113,0.0,0.0,0.4375822951483845,0.0,0.0,0.0,0.0
523,60,1.0720000000000005,0.5666666666666806,0.8937233073575548,0.44388219815808255,0.013355481727575717,0.0,0.0,0.011520322275969712,0.0,0.0,0.5708333333333333,0.0,0.0,0.43755692743649427,0.0,0.0,0.0,0.0
524,51,0.9552941176470592,0.35294117647057255,0.894675640117397,0.44388219815808244,0.011225806451612766,0.0,0.0,0.011515337431304314,0.0,0.0,0.5882352941176471,0.0,0.0,0.43834126100597104,0.0,0.0,0.0,0.0
525,39,0.9033333333333338,0.7179487179487234,0.8946622784810125,0.44475949367088735,0.01163090128755364,0.0,0.0,0.011516168641907115,0.0,0.0,0.28205128205128205,0.0,0.0,0.4378481012658228,0.0,0.0,0.0,0.0
526,52,1.1053846153846159,0.5384615384615372,0.8954118599473789,0.44454563853471085,0.011185055458259954,0.0,0.0,0.01151757810211951,0.0,0.0,0.5528846153846154,0.0,0.0,0.4385498886865007,0.0,0.0,0.0,0.0
527,57,0.7778947368421057,0.35087719298245307,0.8956727272727273,0.44535353535353667,0.010477315689980485,0.0,0.0,0.011524502935985415,0.0,0.0,0.40789473684210525,0.0,0.0,0.43825757575757573,0.0,0.0,0.0,0.0
528,55,0.7409090909090914,0.43636363636363873,0.8954251666330034,0.44445566552211796,0.009393729829413883,0.0,0.0,0.011524873397319278,0.0,0.0,0.37272727272727274,0.0,0.0,0.4389264794990911,0.0,0.0,0.0,0.0
529,52,0.7288461538461544,0.23076923076921366,0.8954961138588875,0.44423135156959837,0.009121540312876231,0.0,0.0,0.01152441622413671,0.0,0.0,0.47115384615384615,0.0,0.0,0.43956293529827395,0.0,0.0,0.0,0.0
530,58,0.8587931034482762,0.5517241379310321,0.8956870652283494,0.4457102530497038,0.010392238681410084,0.0,0.0,0.011508082180602019,0.0,0.0,0.375,0.0,0.0,0.4392831938703498,0.0,0.0,0.0,0.0
531,50,0.7100000000000005,0.5199999999999941,0.8959209199112366,0.44654024611660387,0.011916750587445015,0.0,0.0,0.011528654979868725,0.0,0.0,0.265,0.0,0.0,0.43894996973976197,0.0,0.0,0.0,0.0
532,51,0.9509803921568633,0.3137254901960935,0.8961755802219981,0.446115035317862,0.01207368683096849,0.0,0.0,0.01155310125923616,0.0,0.0,0.5735294117647058,0.0,0.0,0.43970736629667,0.0,0.0,0.0,0.0
533,53,0.8601886792452836,0.37735849056604653,0.8969265684890053,0.44654024611660437,0.01139749999999965,0.0,0.0,0.0115759127679462,0.0,0.0,0.4528301886792453,0.0,0.0,0.4398325600161388,0.0,0.0,0.0,0.0
534,42,1.0607142857142862,0.6190476190476263,0.8973908660147192,0.4477265853412658,0.011956521739129857,0.0,0.0,0.011577783587554435,0.0,0.0,0.4880952380952381,0.0,0.0,0.4395856437140841,0.0,0.0,0.0,0.0
535,54,0.9242592592592597,0.4814814814814812,0.896397903648458,0.44678492239468,0.012800718132854815,0.0,0.0,0.011578952849999305,0.0,0.0,0.4722222222222222,0.0,0.0,0.43960391050191494,0.0,0.0,0.0,0.0
536,50,0.9912000000000003,0.4800000000000136,0.8973746848209785,0.44689863842662786,0.011710775047259153,0.0,0.0,0.011600125160524917,0.0,0.0,0.42,0.0,0.0,0.4396873424104892,0.0,0.0,0.0,0.0
537,51,0.9325490196078434,0.35294117647059414,0.8987484860718611,0.447012515139283,0.011504596032898228,0.0,0.0,0.011630303465660151,0.0,0.0,0.5098039215686274,0.0,0.0,0.4405026241421074,0.0,0.0,0.0,0.0
538,41,0.7943902439024395,0.4390243902438955,0.8985372259824224,0.4469138296797671,0.014724231464737473,0.0,0.0,0.011635152087549299,0.0,0.0,0.35365853658536583,0.0,0.0,0.44049904030710174,0.0,0.0,0.0,0.0
539,39,0.7069230769230774,0.20512820512820992,0.8980024262029922,0.44682571775172014,0.012646788990825822,0.0,0.0,0.011645780046121464,0.0,0.0,0.3717948717948718,0.0,0.0,0.4400272947836636,0.0,0.0,0.0,0.0
540,39,1.1997435897435902,0.7692307692307592,0.8980531957928803,0.44720873786407894,0.011948416751787953,0.0,0.0,0.011650205847701591,0.0,0.0,0.5192307692307693,0.0,0.0,0.43987661812297735,0.0,0.0,0.0,0.0
541,49,0.9655102040816331,0.24489795918368149,0.8985539488320357,0.44686014763879184,0.012149460708781977,0.0,0.0,0.011670160176093914,0.0,0.0,0.6071428571428571,0.0,0.0,0.4402871877844069,0.0,0.0,0.0,0.0
542,49,0.812448979591837,0.5918367346938467,0.8981003439206958,0.4475015172971891,0.010972987872105402,0.0,0.0,0.011665326522246418,0.0,0.0,0.37244897959183676,0.0,0.0,0.4398644547845438,0.0,0.0,0.0,0.0
543,60,0.8833333333333339,0.5666666666666635,0.8988649686678795,0.4497675358803328,0.012952101661778336,0.0,0.0,0.0116748429613196,0.0,0.0,0.3875,0.0,0.0,0.43923084697796644,0.0,0.0,0.0,0.0
544,49,0.7851020408163268,0.3265306122448895,0.8982268499797816,0.4497573797007695,0.008334055459271813,0.0,0.0,0.011645285926982208,0.0,0.0,0.42346938775510207,0.0,0.0,0.4388394662353417,0.0,0.0,0.0,0.0
545,45,0.43266666666666664,0.08888888888888494,0.8952361209424613,0.44706239255738817,0.004179905538857871,0.0,0.0,0.01160168423149404,0.0,0.0,0.2833333333333333,0.0,0.0,0.4379866518353726,0.0,0.0,0.0,0.0
546,36,0.7325000000000002,0.38888888888887596,0.8961740275526743,0.44621150729335596,0.008248357835470512,0.0,0.0,0.01160893492615027,0.0,0.0,0.3472222222222222,0.0,0.0,0.43937398703403563,0.0,0.0,0.0,0.0
547,58,0.8270689655172416,0.327586206896555,0.8958687727825031,0.44623329283110663,0.007216789529111218,0.0,0.0,0.01157512857111086,0.0,0.0,0.47844827586206895,0.0,0.0,0.4388163223977319,0.0,0.0,0.0,0.0
548,50,0.7278000000000003,0.4399999999999982,0.8952835730200526,0.44612112618999483,0.009939907129200202,0.0,0.0,0.011583531523740278,0.0,0.0,0.32,0.0,0.0,0.43827223009925054,0.0,0.0,0.0,0.0
549,48,1.049791666666667,0.41666666666668856,0.8949336305603404,0.44573918330124723,0.011470521283861043,0.0,0.0,0.011571957711472137,0.0,0.0,0.5416666666666666,0.0,0.0,0.43775965143378254,0.0,0.0,0.0,0.0
550,43,1.0093023255813955,0.3720930232558001,0.8965899411884,0.4451429730277842,0.010844577711144374,0.0,0.0,0.01157744575713496,0.0,0.0,0.5581395348837209,0.0,0.0,0.4393632123301561,0.0,0.0,0.0,0.0
551,43,1.1172093023255818,0.4883720930232767,0.8979212742213657,0.4452673227148229,0.016126216851292546,0.0,0.0,0.01160133593214431,0.0,0.0,0.627906976744186,0.0,0.0,0.44044841229583037,0.0,0.0,0.0,0.0
552,36,1.012777777777778,0.5000000000000195,0.9002093283202928,0.4474138807031816,0.014354330708661527,0.0,0.0,0.011626343715590985,0.0,0.0,0.5625,0.0,0.0,0.4411645158012397,0.0,0.0,0.0,0.0
553,60,0.7735000000000003,0.26666666666666405,0.8996462957332524,0.4472484037701439,0.009884984025559176,0.0,0.0,0.0116172646429483,0.0,0.0,0.44166666666666665,0.0,0.0,0.44091415830546266,0.0,0.0,0.0,0.0
554,53,0.9071698113207552,0.41509433962264125,0.8992215690249344,0.4467869450638566,0.01483035163479336,0.0,0.0,0.01161148463379872,0.0,0.0,0.4716981132075472,0.0,0.0,0.44078147172106225,0.0,0.0,0.0,0.0
555,52,0.9182692307692313,0.44230769230770667,0.9003702952216701,0.44749923911940864,0.011415252211331791,0.0,0.0,0.011604245281785363,0.0,0.0,0.41346153846153844,0.0,0.0,0.4412600182611342,0.0,0.0,0.0,0.0
556,45,1.1068888888888893,0.511111111111111,0.9001726589477961,0.4465772902701614,0.012758709016393945,0.0,0.0,0.011581875868990264,0.0,0.0,0.5722222222222222,0.0,0.0,0.441549867966687,0.0,0.0,0.0,0.0
557,42,0.8247619047619051,0.7619047619047822,0.8996180802437788,0.4480446927374312,0.009011446409989791,0.0,0.0,0.011549552909511302,0.0,0.0,0.18452380952380953,0.0,0.0,0.4402234636871508,0.0,0.0,0.0,0.0
558,43,0.6739534883720931,0.32558139534884417,0.8984924265528109,0.44769746874047067,0.008265830005704453,0.0,0.0,0.011513476616692499,0.0,0.0,0.29651162790697677,0.0,0.0,0.4395394937480939,0.0,0.0,0.0,0.0
559,39,0.898717948717949,0.7692307692307683,0.8988801871440194,0.4493490642799034,0.01008052919183187,0.0,0.0,0.011510416666666684,0.0,0.0,0.24358974358974358,0.0,0.0,0.4388984947111473,0.0,0.0,0.0,0.0
560,41,1.245365853658537,0.7804878048780642,0.901109076109076,0.45034595034595143,0.019016759776536166,0.0,0.0,0.0115282429651306,0.0,0.0,0.5853658536585366,0.0,0.0,0.4402981277981278,0.0,0.0,0.0,0.0
561,43,0.8811627906976749,0.44186046511629684,0.900660963438232,0.44943476932477977,0.009653503184713011,0.0,0.0,0.011523478677839748,0.0,0.0,0.4186046511627907,0.0,0.0,0.4399378755474081,0.0,0.0,0.0,0.0
562,47,0.9059574468085112,0.34042553191490005,0.9008502189186437,0.4497505345687823,0.016471953578336584,0.0,0.0,0.011526535557712495,0.0,0.0,0.5425531914893617,0.0,0.0,0.44015375216373076,0.0,0.0,0.0,0.0
563,60,1.061333333333334,0.5999999999999551,0.9044037816407442,0.45227203415675604,0.01820989419502323,0.0,0.0,0.011590011086344531,0.0,0.0,0.5125,0.0,0.0,0.4414201484192335,0.0,0.0,0.0,0.0
564,47,0.8661702127659577,0.4468085106382901,0.9026041454988826,0.4507213980898201,0.008277755185034692,0.0,0.0,0.011553081387863299,0.0,0.0,0.4787234042553192,0.0,0.0,0.4414499085551717,0.0,0.0,0.0,0.0
565,51,1.0817647058823536,0.4901960784313788,0.904307036247335,0.45111178799878254,0.018322816340086055,0.0,0.0,0.011575974431925273,0.0,0.0,0.6029411764705882,0.0,0.0,0.4427353030764545,0.0,0.0,0.0,0.0
566,49,1.1424489795918373,0.7346938775510348,0.9054763112508878,0.45318048087653545,0.016072351421189023,0.0,0.0,0.01159399806967613,0.0,0.0,0.5153061224489796,0.0,0.0,0.4426042406411687,0.0,0.0,0.0,0.0
567,47,1.2938297872340432,0.7234042553192126,0.9073242009132421,0.4540842212075101,0.013097135472755532,0.0,0.0,0.011592247358527274,0.0,0.0,0.601063829787234,0.0,0.0,0.4438863521055302,0.0,0.0,0.0,0.0
568,49,1.1189795918367353,0.48979591836733194,0.9088623666835959,0.45393600812595336,0.012895108184383313,0.0,0.0,0.011596027588637974,0.0,0.0,0.5255102040816326,0.0,0.0,0.444921279837481,0.0,0.0,0.0,0.0
569,56,0.9208928571428575,0.5357142857142836,0.909408302039988,0.45458236070232516,0.010843145500420794,0.0,0.0,0.011593100343119764,0.0,0.0,0.38392857142857145,0.0,0.0,0.4448645082715924,0.0,0.0,0.0,0.0
570,59,0.8798305084745767,0.5593220338982955,0.908704736788721,0.45440714068364035,0.01040906356526925,0.0,0.0,0.011583512192599118,0.0,0.0,0.3305084745762712,0.0,0.0,0.44403590627852724,0.0,0.0,0.0,0.0
571,49,1.0844897959183677,0.5510204081632617,0.9091556861950131,0.4545915264544912,0.010907224958948962,0.0,0.0,0.011566025035975685,0.0,0.0,0.5459183673469388,0.0,0.0,0.4445317251165619,0.0,0.0,0.0,0.0
572,54,0.9707407407407413,0.5185185185185107,0.9100435443037975,0.45417721518987453,0.014405056334158487,0.0,0.0,0.011585476063092633,0.0,0.0,0.4722222222222222,0.0,0.0,0.44551898734177214,0.0,0.0,0.0,0.0
573,51,0.991372549019608,0.47058823529410687,0.9100647576646769,0.45401193969442577,0.01370189701897083,0.0,0.0,0.011574286883494935,0.0,0.0,0.49019607843137253,0.0,0.0,0.445765455833249,0.0,0.0,0.0,0.0
574,43,1.084883720930233,0.5581395348837291,0.9115622465531226,0.45488645579886555,0.013070888203978904,0.0,0.0,0.011592227026720418,0.0,0.0,0.5174418604651163,0.0,0.0,0.4463199513381995,0.0,0.0,0.0,0.0
575,45,1.0922222222222229,0.48888888888887494,0.9126668695475759,0.4541489145871382,0.016543251430494166,0.0,0.0,0.01161280871089405,0.0,0.0,0.5055555555555555,0.0,0.0,0.4469720024345709,0.0,0.0,0.0,0.0
576,44,0.8440909090909094,0.49999999999999784,0.9121249619636883,0.45410285018764673,0.009846235418875625,0.0,0.0,0.011590589502962542,0.0,0.0,0.4034090909090909,0.0,0.0,0.4469013084491328,0.0,0.0,0.0,0.0
577,58,1.1579310344827591,0.6896551724137749,0.9154299330764554,0.4563982964915845,0.014951024042742678,0.0,0.0,0.01163423683250794,0.0,0.0,0.4698275862068966,0.0,0.0,0.4476779557899006,0.0,0.0,0.0,0.0
578,47,0.9568085106382983,0.34042553191491154,0.9166629509525744,0.45632346980137894,0.012131103318046906,0.0,0.0,0.011646159095151962,0.0,0.0,0.5159574468085106,0.0,0.0,0.44882448317794893,0.0,0.0,0.0,0.0
579,34,1.0823529411764712,0.5294117647058889,0.9160995934959352,0.4566056910569111,0.013710879284649497,0.0,0.0,0.011638688119898469,0.0,0.0,0.5220588235294118,0.0,0.0,0.4483739837398374,0.0,0.0,0.0,0.0
580,51,0.7464705882352946,0.47058823529412735,0.9146224883296128,0.4569717881063533,0.010441579813494946,0.0,0.0,0.011624882463791116,0.0,0.0,0.3235294117647059,0.0,0.0,0.4471026994114065,0.0,0.0,0.0,0.0
581,47,0.9638297872340431,0.5531914893617029,0.9149441170493805,0.4577321682584845,0.008584422967595005,0.0,0.0,0.011604256712001845,0.0,0.0,0.39893617021276595,0.0,0.0,0.4472160130054867,0.0,0.0,0.0,0.0
582,50,1.0928000000000004,0.5600000000000166,0.9164908000406631,0.4587780827488061,0.014352508536905895,0.0,0.0,0.011626613155950136,0.0,0.0,0.495,0.0,0.0,0.4475449832265935,0.0,0.0,0.0,0.0
583,49,1.1034693877551027,0.6938775510204185,0.9177447197400492,0.4593826157595458,0.01364370426444623,0.0,0.0,0.011632017956496179,0.0,0.0,0.46938775510204084,0.0,0.0,0.44828899268887085,0.0,0.0,0.0,0.0
584,45,0.8400000000000003,0.3999999999999804,0.9191068888437314,0.45966267018898654,0.008340688437775964,0.0,0.0,0.011647672036496484,0.0,0.0,0.38333333333333336,0.0,0.0,0.44868929079455394,0.0,0.0,0.0,0.0
585,50,1.0286000000000006,0.42000000000000803,0.9203350253807111,0.45959390862944216,0.018420487106017635,0.0,0.0,0.011662234778167592,0.0,0.0,0.53,0.0,0.0,0.44926395939086294,0.0,0.0,0.0,0.0
586,48,0.7202083333333337,0.5416666666666751,0.9192501268391684,0.4605783866057843,0.010337918660287628,0.0,0.0,0.01164276222275345,0.0,0.0,0.23958333333333334,0.0,0.0,0.44769152714358196,0.0,0.0,0.0,0.0
587,44,1.0881818181818186,0.6818181818181944,0.919765363128492,0.46175723717623235,0.011735294117647375,0.0,0.0,0.011637108319775064,0.0,0.0,0.5,0.0,0.0,0.44756221432199084,0.0,0.0,0.0,0.0
588,51,1.0339215686274514,0.4705882352941454,0.9195450852965074,0.4618196588139734,0.012952591500859648,0.0,0.0,0.011647955876148641,0.0,0.0,0.4803921568627451,0.0,0.0,0.4472481722177092,0.0,0.0,0.0,0.0
589,56,1.093928571428572,0.46428571428572213,0.9223363442606317,0.4632091748705988,0.019270210758100714,0.0,0.0,0.011694675113597335,0.0,0.0,0.5446428571428571,0.0,0.0,0.4485689637673805,0.0,0.0,0.0,0.0
590,42,0.9976190476190481,0.904761904761942,0.9243527376348467,0.4665174028088757,0.012130862767805927,0.0,0.0,0.011738396580847547,0.0,0.0,0.23809523809523808,0.0,0.0,0.44814777121921434,0.0,0.0,0.0,0.0
591,40,0.9115000000000004,0.5000000000000004,0.9263659479251426,0.4676566314076498,0.009856718031900536,0.0,0.0,0.011759200562911151,0.0,0.0,0.35625,0.0,0.0,0.4486879576891782,0.0,0.0,0.0,0.0
592,43,0.9004651162790702,0.2325581395348871,0.9247770765472318,0.46539087947882884,0.009743331655762664,0.0,0.0,0.011735434384978687,0.0,0.0,0.5581395348837209,0.0,0.0,0.44890065146579805,0.0,0.0,0.0,0.0
593,53,0.5373584905660381,0.26415094339622086,0.9227952395483677,0.46505950564540893,0.006499315381104479,0.0,0.0,0.011713272718352109,0.0,0.0,0.2971698113207547,0.0,0.0,0.447919845387041,0.0,0.0,0.0,0.0
594,53,1.025094339622642,0.5283018867924522,0.9229252184515346,0.4650477545214403,0.013667924528302025,0.0,0.0,0.011722188382381057,0.0,0.0,0.5141509433962265,0.0,0.0,0.4482066653119285,0.0,0.0,0.0,0.0
595,41,0.6926829268292686,0.34146341463415103,0.9210295761764411,0.4636650066063641,0.010581222056631935,0.0,0.0,0.01169053276880329,0.0,0.0,0.3170731707317073,0.0,0.0,0.44750482772639494,0.0,0.0,0.0,0.0
596,46,1.0452173913043483,0.4782608695652277,0.9223780487804885,0.4648373983739854,0.015595199481025186,0.0,0.0,0.011710666716556784,0.0,0.0,0.5217391304347826,0.0,0.0,0.4476117886178862,0.0,0.0,0.0,0.0
597,47,1.0402127659574474,0.5106382978723563,0.9226588713777332,0.46456532791052524,0.011236497356929692,0.0,0.0,0.01171217856963085,0.0,0.0,0.46808510638297873,0.0,0.0,0.44773767158108796,0.0,0.0,0.0,0.0
598,47,1.2068085106382982,0.6382978723404604,0.9250620928338767,0.4646783387622168,0.016099914845302404,0.0,0.0,0.011739430351867355,0.0,0.0,0.5531914893617021,0.0,0.0,0.4496131921824104,0.0,0.0,0.0,0.0
599,63,1.050476190476191,0.6666666666666731,0.9250737313129264,0.46465981897691616,0.01264424914023718,0.0,0.0,0.011743491294614637,0.0,0.0,0.44841269841269843,0.0,0.0,0.44998983016373434,0.0,0.0,0.0,0.0
600,47,1.1521276595744687,0.46808510638296896,0.9263012722646315,0.4652417302798998,0.013670790204493884,0.0,0.0,0.011757932257826982,0.0,0.0,0.5372340425531915,0.0,0.0,0.4500508905852417,0.0,0.0,0.0,0.0
601,30,0.9493333333333337,0.6666666666666833,0.9259081632653064,0.4655102040816341,0.01584863661658323,0.0,0.0,0.01177648570427381,0.0,0.0,0.3416666666666667,0.0,0.0,0.4493622448979592,0.0,0.0,0.0,0.0
602,42,1.1323809523809527,0.5238095238095325,0.925165441176471,0.46527777777777934,0.011901901901901834,0.0,0.0,0.011763937440590913,0.0,0.0,0.5952380952380952,0.0,0.0,0.44875919117647056,0.0,0.0,0.0,0.0
603,39,0.9994871794871801,0.5128205128204867,0.9262599713642876,0.4667621190427506,0.013249490142760117,0.0,0.0,0.011796185926323428,0.0,0.0,0.4166666666666667,0.0,0.0,0.4486091225199427,0.0,0.0,0.0,0.0
604,37,1.3191891891891896,0.9459459459459738,0.9269441031941037,0.4675470925470943,0.016412239408205322,0.0,0.0,0.011817189916536719,0.0,0.0,0.42567567567567566,0.0,0.0,0.44842854217854217,0.0,0.0,0.0,0.0
605,51,0.9131372549019612,0.3921568627450887,0.9260387414164194,0.4666393358614346,0.01236590546999499,0.0,0.0,0.011812317789020952,0.0,0.0,0.46078431372549017,0.0,0.0,0.447960438659424,0.0,0.0,0.0,0.0
606,47,0.7495744680851066,0.31914893617021656,0.9253120836322646,0.4657169211847922,0.00992114897212003,0.0,0.0,0.011809007957892772,0.0,0.0,0.40425531914893614,0.0,0.0,0.4480373065491442,0.0,0.0,0.0,0.0
607,60,1.1733333333333336,0.7000000000000449,0.9281832139201643,0.46867963152507874,0.012333566923616472,0.0,0.0,0.011818873757456586,0.0,0.0,0.44166666666666665,0.0,0.0,0.4482855680655067,0.0,0.0,0.0,0.0
608,56,0.9062500000000007,0.5357142857143067,0.9272230171708917,0.46770237121831776,0.011597349177330765,0.0,0.0,0.011805963137394758,0.0,0.0,0.4017857142857143,0.0,0.0,0.4481807031888798,0.0,0.0,0.0,0.0
609,53,1.1141509433962267,0.7547169811320921,0.9278399346672114,0.4693752552062088,0.011781723862729968,0.0,0.0,0.011801523050255492,0.0,0.0,0.4716981132075472,0.0,0.0,0.44793793385055125,0.0,0.0,0.0,0.0
610,75,0.6924000000000006,0.4266666666666749,0.9269399796541203,0.4689725330620573,0.008140774416052845,0.0,0.0,0.011777855333229956,0.0,0.0,0.35333333333333333,0.0,0.0,0.44801627670396743,0.0,0.0,0.0,0.0
611,55,0.9494545454545458,0.5454545454545413,0.9265368185516683,0.4692839707078949,0.009040858725761755,0.0,0.0,0.01175373654276899,0.0,0.0,0.4818181818181818,0.0,0.0,0.4477980065093572,0.0,0.0,0.0,0.0
612,59,1.2400000000000004,0.6440677966101906,0.9293566717402337,0.4706240487062428,0.013919330289193762,0.0,0.0,0.011777850648766153,0.0,0.0,0.5550847457627118,0.0,0.0,0.44926433282597666,0.0,0.0,0.0,0.0
613,55,0.8692727272727275,0.4727272727272702,0.9281361607142862,0.470576298701301,0.009917029661896127,0.0,0.0,0.011766330352640979,0.0,0.0,0.31363636363636366,0.0,0.0,0.4479251217532468,0.0,0.0,0.0,0.0
614,53,0.8569811320754722,0.6037735849057031,0.9270626459539044,0.4703015534572062,0.010287655719139602,0.0,0.0,0.011756668190333977,0.0,0.0,0.2358490566037736,0.0,0.0,0.4469996954005483,0.0,0.0,0.0,0.0
615,54,0.8977777777777781,0.5555555555555478,0.9268499543471649,0.4705285583849064,0.011071020781000135,0.0,0.0,0.011742215093233836,0.0,0.0,0.4583333333333333,0.0,0.0,0.4471948868824186,0.0,0.0,0.0,0.0
616,53,0.7124528301886797,0.6037735849056692,0.9263063976477749,0.47145898813748593,0.009279921356598919,0.0,0.0,0.011729401690308684,0.0,0.0,0.12264150943396226,0.0,0.0,0.4454020075027882,0.0,0.0,0.0,0.0
617,55,1.1998181818181823,0.6727272727273077,0.928357135622405,0.4722981869745798,0.015152698048220876,0.0,0.0,0.011760750066722817,0.0,0.0,0.5045454545454545,0.0,0.0,0.4462675985009622,0.0,0.0,0.0,0.0
618,49,0.8365306122448984,0.4897959183673357,0.9286845569620257,0.47179746835443304,0.014337180832458475,0.0,0.0,0.011778586070311205,0.0,0.0,0.34183673469387754,0.0,0.0,0.4468101265822785,0.0,0.0,0.0,0.0
619,48,1.4770833333333337,1.0833333333333273,0.9306683544303803,0.4741265822784837,0.01533636166991128,0.0,0.0,0.011790496375105717,0.0,0.0,0.5833333333333334,0.0,0.0,0.44724050632911394,0.0,0.0,0.0,0.0
620,45,0.908666666666667,0.355555555555553,0.9310101317122599,0.47375886524822963,0.011821335646140343,0.0,0.0,0.011784908147927787,0.0,0.0,0.5333333333333333,0.0,0.0,0.4481509625126646,0.0,0.0,0.0,0.0
621,49,0.8348979591836739,0.6530612244898539,0.9305871633934001,0.47337517716137156,0.0121214814814823,0.0,0.0,0.011793790783426733,0.0,0.0,0.2653061224489796,0.0,0.0,0.44821826280623606,0.0,0.0,0.0,0.0
622,61,1.0368852459016398,0.5245901639344281,0.9333636915604134,0.47581461242663714,0.013070882413722097,0.0,0.0,0.011819029874653103,0.0,0.0,0.5163934426229508,0.0,0.0,0.4493017607771706,0.0,0.0,0.0,0.0
623,40,0.8472500000000004,0.5750000000000247,0.930415568619502,0.47516724102980207,0.010348091603053755,0.0,0.0,0.011783368848039889,0.0,0.0,0.35,0.0,0.0,0.4475978106628826,0.0,0.0,0.0,0.0
624,49,0.6359183673469393,0.3673469387754873,0.929006588950837,0.47572225038013444,0.009572964669738776,0.0,0.0,0.011769771145300945,0.0,0.0,0.27040816326530615,0.0,0.0,0.4461226558540294,0.0,0.0,0.0,0.0
625,47,0.9657446808510642,0.5957446808510701,0.9296736265963922,0.47709304682749104,0.011567278287462303,0.0,0.0,0.011776149220158325,0.0,0.0,0.3723404255319149,0.0,0.0,0.4454692884654369,0.0,0.0,0.0,0.0
626,54,1.0709259259259265,0.5555555555555532,0.9293962111234936,0.4782696788572614,0.01481680758390988,0.0,0.0,0.011753506230950707,0.0,0.0,0.5324074074074074,0.0,0.0,0.44471178198764055,0.0,0.0,0.0,0.0
627,45,0.7846666666666671,0.22222222222221846,0.9301154313487247,0.4782300526528986,0.010318527177089382,0.0,0.0,0.011763812441250264,0.0,0.0,0.4722222222222222,0.0,0.0,0.444967598217902,0.0,0.0,0.0,0.0
628,53,0.9162264150943399,0.5660377358490405,0.9297679367653024,0.4796311309282556,0.011428571428571625,0.0,0.0,0.011759741092027728,0.0,0.0,0.4339622641509434,0.0,0.0,0.44451763275233075,0.0,0.0,0.0,0.0
629,52,0.8394230769230775,0.5769230769230801,0.9298693538586188,0.4798460603605455,0.010674981658106458,0.0,0.0,0.01175563869342105,0.0,0.0,0.3798076923076923,0.0,0.0,0.4450324083451489,0.0,0.0,0.0,0.0
630,48,0.8087500000000004,0.41666666666667623,0.9262259371833844,0.4782168186423532,0.010703060380479523,0.0,0.0,0.011725732389307924,0.0,0.0,0.4114583333333333,0.0,0.0,0.44359169199594733,0.0,0.0,0.0,0.0
631,36,0.7880555555555557,0.3611111111111114,0.9250487210718641,0.47736500203004734,0.009434652477552609,0.0,0.0,0.01172615578209502,0.0,0.0,0.375,0.0,0.0,0.44275274056029235,0.0,0.0,0.0,0.0
632,63,1.0831746031746037,0.6349206349205837,0.9249563894523332,0.4772819472616654,0.012646404744255116,0.0,0.0,0.011717801027612464,0.0,0.0,0.4603174603174603,0.0,0.0,0.44249492900608517,0.0,0.0,0.0,0.0
633,54,1.0229629629629635,0.53703703703702,0.9269064019448953,0.47801863857374594,0.013003766478343115,0.0,0.0,0.011740956350026149,0.0,0.0,0.48148148148148145,0.0,0.0,0.4435777957860616,0.0,0.0,0.0,0.0
634,48,1.3137500000000004,0.6250000000000145,0.9286709886547816,0.4786264181523522,0.01356712564543826,0.0,0.0,0.011760471145421671,0.0,0.0,0.6145833333333334,0.0,0.0,0.4445147893030794,0.0,0.0,0.0,0.0
635,57,0.8698245614035093,0.666666666666663,0.9288271604938277,0.4803683464885672,0.012657646157774356,0.0,0.0,0.011761358467162768,0.0,0.0,0.2807017543859649,0.0,0.0,0.4438119813802874,0.0,0.0,0.0,0.0
636,51,0.9829411764705885,0.5490196078431641,0.9280265423969207,0.4802958160267475,0.010195241000610847,0.0,0.0,0.011765548278878168,0.0,0.0,0.36764705882352944,0.0,0.0,0.4430655455374329,0.0,0.0,0.0,0.0
637,48,0.9112500000000004,0.5833333333333273,0.9290214748784443,0.4808549432739085,0.012804449648711917,0.0,0.0,0.011789136764167174,0.0,0.0,0.3645833333333333,0.0,0.0,0.44360311993517015,0.0,0.0,0.0,0.0
638,52,1.1330769230769238,0.4615384615384554,0.9300070957932087,0.48271667511404204,0.015007641365257198,0.0,0.0,0.01179668775394748,0.0,0.0,0.6057692307692307,0.0,0.0,0.44318297009630003,0.0,0.0,0.0,0.0
639,44,1.196363636363637,0.8636363636364098,0.9318635809987823,0.48599269183922306,0.013532133676093069,0.0,0.0,0.011809913889582154,0.0,0.0,0.4375,0.0,0.0,0.4431333739342265,0.0,0.0,0.0,0.0
640,57,0.9019298245614039,0.42105263157895156,0.9309050369919939,0.48545657241309664,0.012125000000000202,0.0,0.0,0.01181041089126739,0.0,0.0,0.47368421052631576,0.0,0.0,0.4430171277997365,0.0,0.0,0.0,0.0
641,45,1.071555555555556,0.46666666666669115,0.9313758116883122,0.4843750000000026,0.012906852248393936,0.0,0.0,0.011823231887399312,0.0,0.0,0.5777777777777777,0.0,0.0,0.44389204545454547,0.0,0.0,0.0,0.0
642,53,0.9307547169811325,0.45283018867924757,0.9320616883116887,0.48457792207792455,0.013095301300769841,0.0,0.0,0.0118410435544786,0.0,0.0,0.5047169811320755,0.0,0.0,0.44503348214285715,0.0,0.0,0.0,0.0
643,55,0.855636363636364,0.21818181818182403,0.9320527650938613,0.483815322171489,0.009182439024390018,0.0,0.0,0.011827212665989436,0.0,0.0,0.6090909090909091,0.0,0.0,0.4458904109589041,0.0,0.0,0.0,0.0
644,42,1.187619047619048,0.5952380952380794,0.9325065989847718,0.4839593908629465,0.017111492281303306,0.0,0.0,0.01184630940604599,0.0,0.0,0.6190476190476191,0.0,0.0,0.4461675126903553,0.0,0.0,0.0,0.0
645,53,0.8786792452830193,0.4528301886792387,0.932469060661392,0.4835666463785781,0.010335108743897441,0.0,0.0,0.011851739156221121,0.0,0.0,0.42452830188679247,0.0,0.0,0.44649016027591804,0.0,0.0,0.0,0.0
646,39,1.3430769230769235,0.8717948717948645,0.9331514352368396,0.4844304696216678,0.016166666666667086,0.0,0.0,0.011854080471692452,0.0,0.0,0.5,0.0,0.0,0.4462420123744802,0.0,0.0,0.0,0.0
647,46,1.006739130434783,0.5869565217391279,0.9331184103811844,0.4855028386050307,0.014179424372320889,0.0,0.0,0.011872966732453645,0.0,0.0,0.4076086956521739,0.0,0.0,0.44525547445255476,0.0,0.0,0.0,0.0
648,42,1.1778571428571434,0.42857142857143365,0.9351136825010153,0.4856881851400754,0.017153259361996843,0.0,0.0,0.011920152263443753,0.0,0.0,0.6726190476190477,0.0,0.0,0.4467113276492083,0.0,0.0,0.0,0.0
649,45,1.1586666666666672,0.8888888888889303,0.9356936973510609,0.487262762610375,0.011997238840313602,0.0,0.0,0.011907894991766008,0.0,0.0,0.39444444444444443,0.0,0.0,0.44600629249974627,0.0,0.0,0.0,0.0
650,59,0.7715254237288142,0.40677966101695245,0.9333881445391801,0.48599269183922267,0.02182166826462136,0.0,0.0,0.011920907030889499,0.0,0.0,0.3855932203389831,0.0,0.0,0.44523954526999593,0.0,0.0,0.0,0.0
651,51,1.131960784313726,0.6274509803921744,0.9346322410469717,0.4869635791823093,0.012452545297671124,0.0,0.0,0.01194895733085004,0.0,0.0,0.5196078431372549,0.0,0.0,0.4453434107740692,0.0,0.0,0.0,0.0
652,49,0.8500000000000004,0.3265306122448969,0.9327427528887088,0.4857084938171522,0.01176886126024282,0.0,0.0,0.011932887524750985,0.0,0.0,0.49489795918367346,0.0,0.0,0.4447597810662883,0.0,0.0,0.0,0.0
653,41,0.8919512195121957,0.5853658536585278,0.932427933414535,0.48639870077141945,0.011536277602524425,0.0,0.0,0.01193772197365366,0.0,0.0,0.34146341463414637,0.0,0.0,0.44356475842468535,0.0,0.0,0.0,0.0
654,46,0.8389130434782615,0.7391304347826025,0.9306929485876851,0.4870961186750685,0.013650512911213945,0.0,0.0,0.011944345921135044,0.0,0.0,0.22826086956521738,0.0,0.0,0.44165311928469825,0.0,0.0,0.0,0.0
655,58,1.1708620689655176,0.6206896551724351,0.9320678103745812,0.4888843772205894,0.013990523279768328,0.0,0.0,0.011944814846133382,0.0,0.0,0.603448275862069,0.0,0.0,0.4423408790985687,0.0,0.0,0.0,0.0
656,45,0.8717777777777782,0.6222222222221981,0.9312099644128115,0.48927300457549844,0.010043522785458888,0.0,0.0,0.0119399122606888,0.0,0.0,0.3,0.0,0.0,0.4411794611082867,0.0,0.0,0.0,0.0
657,54,0.8162962962962967,0.33333333333333454,0.9320438845997561,0.49024786672084797,0.012817679558010064,0.0,0.0,0.011960839014978734,0.0,0.0,0.37037037037037035,0.0,0.0,0.44100467289719625,0.0,0.0,0.0,0.0
658,56,0.768035714285715,0.500000000000019,0.931286686300396,0.4904031684777118,0.01238767281105979,0.0,0.0,0.011968072541524403,0.0,0.0,0.39732142857142855,0.0,0.0,0.4409718696049558,0.0,0.0,0.0,0.0
659,36,1.194166666666667,0.6111111111111062,0.9318808458723058,0.49074827165514723,0.029979079497908064,0.0,0.0,0.012008924828106705,0.0,0.0,0.5486111111111112,0.0,0.0,0.4411854412362749,0.0,0.0,0.0,0.0
660,44,1.0809090909090913,0.5909090909090936,0.9311499287023834,0.489203503768591,0.015243589743589204,0.0,0.0,0.0120027860236668,0.0,0.0,0.5909090909090909,0.0,0.0,0.4416632715420656,0.0,0.0,0.0,0.0
661,57,1.049824561403509,0.5614035087719254,0.9318998167379351,0.4892079006312387,0.013022850924918138,0.0,0.0,0.012008816583573901,0.0,0.0,0.5043859649122807,0.0,0.0,0.442425167990226,0.0,0.0,0.0,0.0
662,46,0.950434782608696,0.4347826086956531,0.9332212713936429,0.48991442542787556,0.01080573405832919,0.0,0.0,0.012006039389717608,0.0,0.0,0.5217391304347826,0.0,0.0,0.4435870008149959,0.0,0.0,0.0,0.0
663,46,0.9865217391304352,0.3043478260869417,0.9336283095723011,0.4895112016293305,0.011659815005138772,0.0,0.0,0.011999311575092665,0.0,0.0,0.6195652173913043,0.0,0.0,0.444806517311609,0.0,0.0,0.0,0.0
664,46,1.191956521739131,0.7391304347825844,0.9355864386072082,0.49042964772958914,0.02131804043545861,0.0,0.0,0.012047851419101795,0.0,0.0,0.5597826086956522,0.0,0.0,0.44616676847892484,0.0,0.0,0.0,0.0
665,51,0.6956862745098042,0.31372549019608575,0.9344702054098025,0.49003457392719385,0.010823672971323717,0.0,0.0,0.012035665966846087,0.0,0.0,0.37745098039215685,0.0,0.0,0.4457494407158837,0.0,0.0,0.0,0.0
666,54,1.3427777777777783,0.7037037037037089,0.9379066693777957,0.4925782838552281,0.019666395443449194,0.0,0.0,0.01208486819008298,0.0,0.0,0.7083333333333334,0.0,0.0,0.4475904839365596,0.0,0.0,0.0,0.0
667,47,0.8510638297872345,0.468085106382967,0.9382450970429833,0.4935474037191365,0.01151079136690648,0.0,0.0,0.012089324573095554,0.0,0.0,0.44148936170212766,0.0,0.0,0.44741388070318056,0.0,0.0,0.0,0.0
668,47,1.2300000000000004,0.7234042553191492,0.9407697783201138,0.49542403904820254,0.01690845276396599,0.0,0.0,0.01214309152670516,0.0,0.0,0.5372340425531915,0.0,0.0,0.4481645312182225,0.0,0.0,0.0,0.0
669,45,1.038444444444445,0.7555555555555399,0.9427811132593873,0.496591024727793,0.01534646962233135,0.0,0.0,0.012187312958682885,0.0,0.0,0.35555555555555557,0.0,0.0,0.4490434517146637,0.0,0.0,0.0,0.0
670,47,0.9238297872340432,0.38297872340425726,0.9421225694797922,0.49608062709966627,0.0182513661202189,0.0,0.0,0.012188208303206806,0.0,0.0,0.48936170212765956,0.0,0.0,0.4490481522956327,0.0,0.0,0.0,0.0
671,48,0.7756250000000003,0.4375000000000058,0.942097645499949,0.4951584955662035,0.01123076923076906,0.0,0.0,0.012183105367704169,0.0,0.0,0.46875,0.0,0.0,0.45036183875242075,0.0,0.0,0.0,0.0
672,47,1.162978723404256,0.7659574468084948,0.9445211353890136,0.49744741678578946,0.019570354457571812,0.0,0.0,0.012218695556268836,0.0,0.0,0.4521276595744681,0.0,0.0,0.4508117214621197,0.0,0.0,0.0,0.0
673,44,0.9975000000000004,0.13636363636363227,0.945346767594108,0.4961129296235702,0.01484776725304412,0.0,0.0,0.012260015468109321,0.0,0.0,0.7045454545454546,0.0,0.0,0.45233224222585927,0.0,0.0,0.0,0.0
674,37,1.2851351351351357,0.8648648648648706,0.9465687378442011,0.4981062544784546,0.016487517337031497,0.0,0.0,0.012279388037760979,0.0,0.0,0.527027027027027,0.0,0.0,0.45245163271573346,0.0,0.0,0.0,0.0
675,52,0.9613461538461543,0.6153846153846141,0.9461079254556624,0.49805447470817354,0.014468885672937784,0.0,0.0,0.012282885405076324,0.0,0.0,0.4375,0.0,0.0,0.45218103624820805,0.0,0.0,0.0,0.0
676,49,0.8655102040816331,0.40816326530612135,0.9450768442622951,0.49733606557377275,0.014386024423338294,0.0,0.0,0.012292928862151624,0.0,0.0,0.47959183673469385,0.0,0.0,0.4520235655737705,0.0,0.0,0.0,0.0
677,42,0.9340476190476195,0.2857142857142902,0.944951297036809,0.4972828873167253,0.012122991347342344,0.0,0.0,0.012283331600679228,0.0,0.0,0.5952380952380952,0.0,0.0,0.45214293038039577,0.0,0.0,0.0,0.0
678,54,1.026296296296297,0.703703703703721,0.9453686258447674,0.49856645504812847,0.01440228690228724,0.0,0.0,0.012282332939108992,0.0,0.0,0.3888888888888889,0.0,0.0,0.4514898627892689,0.0,0.0,0.0,0.0
679,53,0.9735849056603779,0.6415094339622452,0.9457810741687978,0.49953964194373623,0.014679943100995447,0.0,0.0,0.012294468492549544,0.0,0.0,0.36792452830188677,0.0,0.0,0.4511764705882353,0.0,0.0,0.0,0.0
680,38,0.907368421052632,0.3157894736842043,0.9466188524590162,0.5001024590163956,0.019965257672263842,0.0,0.0,0.01233634876656544,0.0,0.0,0.5197368421052632,0.0,0.0,0.4516137295081967,0.0,0.0,0.0,0.0
681,39,0.817692307692308,0.46153846153846867,0.9462242281259614,0.4992306903272149,0.010012558869701836,0.0,0.0,0.012328518504658936,0.0,0.0,0.41025641025641024,0.0,0.0,0.4518925017950559,0.0,0.0,0.0,0.0
682,46,0.9382608695652179,0.26086956521738847,0.9459874961566054,0.4980014348672767,0.013070866141732099,0.0,0.0,0.012320843850991236,0.0,0.0,0.5706521739130435,0.0,0.0,0.45247002152300914,0.0,0.0,0.0,0.0
683,49,0.9708163265306127,0.44897959183673036,0.9463794693166683,0.4973875627497201,0.012410644403860657,0.0,0.0,0.012318965045894713,0.0,0.0,0.5,0.0,0.0,0.4531298022743571,0.0,0.0,0.0,0.0
684,46,0.6789130434782613,0.5217391304348028,0.9443948392381731,0.4965185336883084,0.00977158948685877,0.0,0.0,0.012302529079073768,0.0,0.0,0.3695652173913043,0.0,0.0,0.4525394224861765,0.0,0.0,0.0,0.0
685,57,0.890350877192983,0.5263157894736706,0.9438779688779688,0.4966216216216235,0.014376770538243482,0.0,0.0,0.012319858251744828,0.0,0.0,0.3684210526315789,0.0,0.0,0.45203726453726456,0.0,0.0,0.0,0.0
686,49,1.0797959183673473,0.612244897959162,0.9447675133142154,0.4976444080294979,0.018991385498922833,0.0,0.0,0.012328577270868397,0.0,0.0,0.5,0.0,0.0,0.45209442851290454,0.0,0.0,0.0,0.0
687,48,0.9250000000000004,0.6249999999999645,0.9442111737570478,0.4987186058431589,0.012638770281809614,0.0,0.0,0.01231764805000465,0.0,0.0,0.4166666666666667,0.0,0.0,0.4512045105074321,0.0,0.0,0.0,0.0
688,59,0.882881355932204,0.5593220338982908,0.9445593202989047,0.5003582761797538,0.01235824436536112,0.0,0.0,0.012330491487826422,0.0,0.0,0.3898305084745763,0.0,0.0,0.45089057221824136,0.0,0.0,0.0,0.0
689,47,0.9765957446808515,0.680851063829781,0.9451887854292438,0.5015860022511015,0.013964101003954872,0.0,0.0,0.01233135271588444,0.0,0.0,0.4148936170212766,0.0,0.0,0.4512943824823493,0.0,0.0,0.0,0.0
690,49,0.9606122448979596,0.5306122448979235,0.9460622185837084,0.5020466639377827,0.012315541601255533,0.0,0.0,0.012338767153637359,0.0,0.0,0.4489795918367347,0.0,0.0,0.45182664756446994,0.0,0.0,0.0,0.0
691,52,0.8605769230769236,0.5769230769230865,0.9454614282791077,0.5034786167382866,0.01081440309328192,0.0,0.0,0.012325328908759191,0.0,0.0,0.36538461538461536,0.0,0.0,0.4505576018006957,0.0,0.0,0.0,0.0
692,47,1.0987234042553198,0.6170212765957722,0.9466479132569559,0.5051145662847806,0.012913228307076485,0.0,0.0,0.012328193938231367,0.0,0.0,0.48404255319148937,0.0,0.0,0.4503631342062193,0.0,0.0,0.0,0.0
693,55,0.692545454545455,0.399999999999998,0.9462289045719546,0.5058811496369043,0.01070846218723677,0.0,0.0,0.012326789269049275,0.0,0.0,0.2818181818181818,0.0,0.0,0.4494988237700726,0.0,0.0,0.0,0.0
694,58,0.9379310344827589,0.6206896551724236,0.9473031757377718,0.5068926784437879,0.010908361740524435,0.0,0.0,0.012332305745320373,0.0,0.0,0.47413793103448276,0.0,0.0,0.4506535280302257,0.0,0.0,0.0,0.0
695,44,0.791136363636364,0.3181818181818239,0.9468763402430306,0.5056673133871148,0.008536047081902951,0.0,0.0,0.01231304874356648,0.0,0.0,0.44886363636363635,0.0,0.0,0.4511130399264781,0.0,0.0,0.0,0.0
696,48,0.9304166666666672,0.39583333333333653,0.9465282171650167,0.5057658944790302,0.01372043010752769,0.0,0.0,0.012300448252082145,0.0,0.0,0.4635416666666667,0.0,0.0,0.4506582304316767,0.0,0.0,0.0,0.0
697,53,0.6728301886792455,0.18867924528301844,0.9439275879653239,0.5044365119836834,0.010297429974010923,0.0,0.0,0.012276393647458647,0.0,0.0,0.4009433962264151,0.0,0.0,0.4493115757266701,0.0,0.0,0.0,0.0
698,53,0.8928301886792457,0.33962264150943355,0.9434927107758182,0.5036191252930999,0.011739022575044047,0.0,0.0,0.012263576143144342,0.0,0.0,0.5424528301886793,0.0,0.0,0.44958711387501277,0.0,0.0,0.0,0.0
699,41,1.1924390243902443,0.5853658536585431,0.9448947906026558,0.5035750766087864,0.0148964046313223,0.0,0.0,0.012271784177319328,0.0,0.0,0.6097560975609756,0.0,0.0,0.45076608784473954,0.0,0.0,0.0,0.0
700,46,1.2789130434782616,0.7173913043478154,0.9477300112325131,0.5057694271418378,0.01783267656865624,0.0,0.0,0.012307773914381136,0.0,0.0,0.5489130434782609,0.0,0.0,0.4518278362095374,0.0,0.0,0.0,0.0
701,46,1.1213043478260876,0.608695652173903,0.9509378831221905,0.5068451164691478,0.016143974960876634,0.0,0.0,0.012337990455991536,0.0,0.0,0.5434782608695652,0.0,0.0,0.4536932979158153,0.0,0.0,0.0,0.0
702,53,0.9654716981132082,0.5283018867924472,0.9524655436447167,0.5075038284839223,0.012498778700537318,0.0,0.0,0.012361962458558945,0.0,0.0,0.35377358490566035,0.0,0.0,0.45416028586013274,0.0,0.0,0.0,0.0
703,51,1.0149019607843142,0.5882352941176461,0.9532461428425463,0.5079186676203148,0.016489327811404633,0.0,0.0,0.012395824752267413,0.0,0.0,0.4803921568627451,0.0,0.0,0.4547358741187289,0.0,0.0,0.0,0.0
704,58,1.0470689655172416,0.3793103448275914,0.956476171037861,0.5089294826002675,0.010924626731426863,0.0,0.0,0.012408973376177199,0.0,0.0,0.6293103448275862,0.0,0.0,0.4567047657924278,0.0,0.0,0.0,0.0
705,51,0.9949019607843141,0.5490196078431488,0.9566867224148481,0.5086681623495842,0.013769335142469792,0.0,0.0,0.012409530499105146,0.0,0.0,0.5294117647058824,0.0,0.0,0.4573220477258821,0.0,0.0,0.0,0.0
706,52,0.7788461538461543,0.6538461538461514,0.9555914746073835,0.5094839893942508,0.01046782114241378,0.0,0.0,0.012394782581090644,0.0,0.0,0.22596153846153846,0.0,0.0,0.45597083418315315,0.0,0.0,0.0,0.0
707,47,0.8438297872340431,0.4680851063829853,0.955457142857143,0.5104081632653085,0.012036418816388663,0.0,0.0,0.012413304874653681,0.0,0.0,0.35638297872340424,0.0,0.0,0.455,0.0,0.0,0.0,0.0
708,45,1.125333333333334,0.7111111111111217,0.9572618683001533,0.5127105666156226,0.01391973611874719,0.0,0.0,0.012430423075954312,0.0,0.0,0.46111111111111114,0.0,0.0,0.45500255232261355,0.0,0.0,0.0,0.0
709,40,0.9310000000000003,0.6250000000000053,0.9565913274698301,0.5122724483534489,0.0149919484702097,0.0,0.0,0.012439108075436193,0.0,0.0,0.35,0.0,0.0,0.45461750869298423,0.0,0.0,0.0,0.0
710,44,1.0129545454545459,0.5454545454545336,0.956460783311177,0.5120155435116086,0.013551231377318302,0.0,0.0,0.012434779834162723,0.0,0.0,0.45454545454545453,0.0,0.0,0.4547755394212087,0.0,0.0,0.0,0.0
711,52,1.2080769230769235,0.7115384615384701,0.9572352399467922,0.5130461475493728,0.014428112080845098,0.0,0.0,0.012442969534538852,0.0,0.0,0.47596153846153844,0.0,0.0,0.4544408063030799,0.0,0.0,0.0,0.0
712,52,1.1023076923076929,0.6153846153846152,0.9574290091930541,0.5135852911133831,0.015396185871609396,0.0,0.0,0.012446327938684805,0.0,0.0,0.5432692307692307,0.0,0.0,0.45436670071501534,0.0,0.0,0.0,0.0
713,59,1.2130508474576276,0.7966101694915891,0.9598122832075084,0.5157110793715594,0.013943113189169378,0.0,0.0,0.012465012010456354,0.0,0.0,0.4406779661016949,0.0,0.0,0.4546776168128953,0.0,0.0,0.0,0.0
714,50,1.2314000000000005,0.44000000000000006,0.962627714897522,0.5164678291016646,0.01655552567894615,0.0,0.0,0.012482038168726225,0.0,0.0,0.64,0.0,0.0,0.4562047517079637,0.0,0.0,0.0,0.0
715,48,1.0797916666666671,0.4166666666666727,0.9629286442405707,0.5167176350662614,0.018704438830746864,0.0,0.0,0.012503729412122914,0.0,0.0,0.671875,0.0,0.0,0.45632008154943937,0.0,0.0,0.0,0.0
716,63,1.0826984126984136,0.6984126984127671,0.9650961832061068,0.518473282442751,0.02390816684192255,0.0,0.0,0.012554809375388987,0.0,0.0,0.4087301587301587,0.0,0.0,0.45633587786259544,0.0,0.0,0.0,0.0
717,40,0.8492500000000002,0.44999999999999246,0.9657368528332654,0.5193640440277241,0.01060237203495642,0.0,0.0,0.012561289877857745,0.0,0.0,0.45625,0.0,0.0,0.45640542193232775,0.0,0.0,0.0,0.0
718,54,1.1885185185185194,0.7777777777777817,0.9651451267949893,0.5196048477441725,0.01941318814277037,0.0,0.0,0.012574200542149293,0.0,0.0,0.4675925925925926,0.0,0.0,0.4559527446786842,0.0,0.0,0.0,0.0
719,55,0.9681818181818188,0.6181818181818062,0.9646776000814916,0.5204237547112182,0.013057871505639777,0.0,0.0,0.012548499982111924,0.0,0.0,0.37272727272727274,0.0,0.0,0.45517979015992666,0.0,0.0,0.0,0.0
720,58,0.9139655172413799,0.6206896551723955,0.9653451435552843,0.5223986968030979,0.012910375060886173,0.0,0.0,0.012567409050964899,0.0,0.0,0.375,0.0,0.0,0.45423538994094886,0.0,0.0,0.0,0.0
721,47,0.9374468085106387,0.553191489361692,0.9659940924831942,0.5239356284375664,0.011349819680577194,0.0,0.0,0.012574836087852974,0.0,0.0,0.3829787234042553,0.0,0.0,0.45314728050519454,0.0,0.0,0.0,0.0
722,49,1.2161224489795925,0.8979591836735072,0.9678561239046263,0.5261870796820896,0.016339457088017734,0.0,0.0,0.012570291966745846,0.0,0.0,0.4387755102040816,0.0,0.0,0.45356123904626044,0.0,0.0,0.0,0.0
723,62,1.0267741935483878,0.6129032258064396,0.9675916870415648,0.5264873675631648,0.013975850713501693,0.0,0.0,0.012573761572097527,0.0,0.0,0.43951612903225806,0.0,0.0,0.45275570497147516,0.0,0.0,0.0,0.0
724,53,1.0503773584905667,0.6415094339622671,0.9681024648604607,0.5280097779588538,0.015541596873255471,0.0,0.0,0.012595601730683895,0.0,0.0,0.3915094339622642,0.0,0.0,0.45172132817274396,0.0,0.0,0.0,0.0
725,30,0.9263333333333336,0.33333333333332976,0.9682322357019068,0.5266591905393034,0.009413956639566446,0.0,0.0,0.012587026763396977,0.0,0.0,0.575,0.0,0.0,0.4527729636048527,0.0,0.0,0.0,0.0
726,45,0.7904444444444447,0.3999999999999951,0.9666884309324629,0.5260150989593988,0.010241865822055909,0.0,0.0,0.012585778193371554,0.0,0.0,0.36666666666666664,0.0,0.0,0.45184656192613754,0.0,0.0,0.0,0.0
727,59,1.0835593220338988,0.7457627118643798,0.9684893920848635,0.5283557731538173,0.0135444915254233,0.0,0.0,0.012603629075077031,0.0,0.0,0.423728813559322,0.0,0.0,0.4519328845369237,0.0,0.0,0.0,0.0
728,55,1.0100000000000002,0.654545454545495,0.96999898000816,0.5295797633618958,0.00954303384298298,0.0,0.0,0.012598474119783903,0.0,0.0,0.43636363636363634,0.0,0.0,0.4522898816809465,0.0,0.0,0.0,0.0
729,43,0.956976744186047,0.5581395348837134,0.9712220520673815,0.5312914752424733,0.016532744073925167,0.0,0.0,0.012630656538901266,0.0,0.0,0.42441860465116277,0.0,0.0,0.4520673813169985,0.0,0.0,0.0,0.0
730,53,1.0154716981132081,0.6415094339622756,0.9721276813074569,0.5317671092952021,0.01208894878706242,0.0,0.0,0.012641704169301207,0.0,0.0,0.4669811320754717,0.0,0.0,0.4526046986721144,0.0,0.0,0.0,0.0
731,50,1.0298000000000005,0.5599999999999971,0.9737609805924415,0.5319713993871326,0.015527744270205,0.0,0.0,0.012657277942783457,0.0,0.0,0.445,0.0,0.0,0.45352400408580185,0.0,0.0,0.0,0.0
732,47,0.8168085106382982,0.42553191489361447,0.973125894134478,0.5325975883915826,0.011031609195402553,0.0,0.0,0.012652876025063969,0.0,0.0,0.39361702127659576,0.0,0.0,0.45261087267525035,0.0,0.0,0.0,0.0
733,53,0.9935849056603778,0.3962264150943278,0.9738483547925609,0.5326997751890483,0.014290366350067444,0.0,0.0,0.012667571422305167,0.0,0.0,0.589622641509434,0.0,0.0,0.4533517269568772,0.0,0.0,0.0,0.0
734,60,0.6803333333333337,0.16666666666666957,0.9716799265605878,0.5300897592819284,0.007516111213404623,0.0,0.0,0.012633980791113367,0.0,0.0,0.4041666666666667,0.0,0.0,0.4529018767849857,0.0,0.0,0.0,0.0
735,43,0.8700000000000002,0.558139534883702,0.9714949453691413,0.5304809557847467,0.015012038523274816,0.0,0.0,0.012640990992786587,0.0,0.0,0.26744186046511625,0.0,0.0,0.45198100684162157,0.0,0.0,0.0,0.0
736,55,0.8638181818181824,0.43636363636363307,0.9707899571341091,0.5302102469891838,0.011704853412170424,0.0,0.0,0.012641172921379137,0.0,0.0,0.37727272727272726,0.0,0.0,0.4517248418044499,0.0,0.0,0.0,0.0
737,43,0.7167441860465122,0.23255813953488363,0.969873340143003,0.5298263534218615,0.010852112676056331,0.0,0.0,0.012640663940187934,0.0,0.0,0.37790697674418605,0.0,0.0,0.45109805924412666,0.0,0.0,0.0,0.0
738,50,0.7414000000000003,0.4400000000000114,0.9694417797734463,0.5297479334626009,0.00913954635108498,0.0,0.0,0.012615684545469097,0.0,0.0,0.34,0.0,0.0,0.4509388713133993,0.0,0.0,0.0,0.0
739,43,0.7979069767441864,0.32558139534882763,0.9697337549729674,0.5301438335203535,0.012917921686747134,0.0,0.0,0.012616659942240782,0.0,0.0,0.42441860465116277,0.0,0.0,0.45113740691625015,0.0,0.0,0.0,0.0
740,55,1.1160000000000003,0.6545454545454363,0.9696394744882368,0.5298910275995545,0.011831148804934886,0.0,0.0,0.012614727642750454,0.0,0.0,0.4909090909090909,0.0,0.0,0.4510897240044811,0.0,0.0,0.0,0.0
741,60,1.2431666666666672,0.4999999999999822,0.9713296032553406,0.531129196337744,0.01803433268858721,0.0,0.0,0.012646817291976338,0.0,0.0,0.6833333333333333,0.0,0.0,0.4517293997965412,0.0,0.0,0.0,0.0
742,41,0.9175609756097562,0.4878048780487825,0.9718977804927713,0.5306454897169646,0.011077738515901228,0.0,0.0,0.012647803125256771,0.0,0.0,0.40853658536585363,0.0,0.0,0.4519446141315414,0.0,0.0,0.0,0.0
743,61,0.7227868852459021,0.2622950819672116,0.9708917845871933,0.5287590349180521,0.011041823190583736,0.0,0.0,0.012637655617467656,0.0,0.0,0.39344262295081966,0.0,0.0,0.45197495673419524,0.0,0.0,0.0,0.0
744,42,0.9300000000000004,0.38095238095237144,0.9716442542787286,0.529136104319481,0.01205183585313218,0.0,0.0,0.012661507009345868,0.0,0.0,0.47619047619047616,0.0,0.0,0.4522208638956805,0.0,0.0,0.0,0.0
745,46,1.0378260869565221,0.26086956521739774,0.9744249770805744,0.5298971172455971,0.017583793738489787,0.0,0.0,0.012731876641240958,0.0,0.0,0.6630434782608695,0.0,0.0,0.45398288682897014,0.0,0.0,0.0,0.0
746,42,1.0171428571428578,0.6190476190476188,0.9754942481930162,0.5307950727883566,0.010640099626400694,0.0,0.0,0.012739767734044255,0.0,0.0,0.44047619047619047,0.0,0.0,0.4543164002850453,0.0,0.0,0.0,0.0
747,42,1.08452380952381,0.7380952380952478,0.976838992556337,0.5328846742122999,0.012524058289798882,0.0,0.0,0.012787724672793722,0.0,0.0,0.44047619047619047,0.0,0.0,0.4541144080758642,0.0,0.0,0.0,0.0
748,60,1.1210000000000007,0.5333333333333583,0.9789884893551999,0.5333604970968755,0.012709750566893333,0.0,0.0,0.012801061834688446,0.0,0.0,0.55,0.0,0.0,0.45538351838647245,0.0,0.0,0.0,0.0
749,43,1.0676744186046516,0.5581395348836983,0.9790307786384018,0.5340399510803124,0.015979812043160464,0.0,0.0,0.012821051816735603,0.0,0.0,0.43023255813953487,0.0,0.0,0.45485120260905015,0.0,0.0,0.0,0.0
750,46,1.1578260869565224,0.5217391304347726,0.979736118186449,0.5346917982679598,0.018635409377187304,0.0,0.0,0.012853837393331551,0.0,0.0,0.532608695652174,0.0,0.0,0.454763117677025,0.0,0.0,0.0,0.0
751,50,0.9886000000000007,0.5599999999999814,0.979179393198941,0.5350234168193875,0.02090063424947106,0.0,0.0,0.012866255160548993,0.0,0.0,0.47,0.0,0.0,0.45408267155365506,0.0,0.0,0.0,0.0
752,48,1.1835416666666672,0.6250000000000012,0.98005389465121,0.5355908074028903,0.013927433194411,0.0,0.0,0.012866987879103507,0.0,0.0,0.5989583333333334,0.0,0.0,0.45439292251372787,0.0,0.0,0.0,0.0
753,56,0.9594642857142862,0.5000000000000215,0.9811973550356053,0.5370295015259435,0.010767535070140203,0.0,0.0,0.012871691052831122,0.0,0.0,0.48214285714285715,0.0,0.0,0.4546286876907426,0.0,0.0,0.0,0.0
754,39,0.6597435897435902,0.4358974358974382,0.9803198859005703,0.5372860635696847,0.008949565217391382,0.0,0.0,0.012848157123497163,0.0,0.0,0.32051282051282054,0.0,0.0,0.4540036674816626,0.0,0.0,0.0,0.0
755,51,0.9260784313725495,0.6470588235294006,0.980366785532348,0.538359653591444,0.011463592233009206,0.0,0.0,0.012848543601165502,0.0,0.0,0.35294117647058826,0.0,0.0,0.45369332654100863,0.0,0.0,0.0,0.0
756,45,1.053333333333334,0.7111111111111079,0.9801212429954147,0.5392766174223151,0.015295256534365413,0.0,0.0,0.012859147944718456,0.0,0.0,0.4222222222222222,0.0,0.0,0.4530056036678553,0.0,0.0,0.0,0.0
757,53,0.8503773584905663,0.3584905660377512,0.9800854874821897,0.537349888052109,0.009538624338624164,0.0,0.0,0.012857947763485766,0.0,0.0,0.4811320754716981,0.0,0.0,0.4543049053531447,0.0,0.0,0.0,0.0
758,45,0.8184444444444451,0.4888888888889029,0.9806847781847776,0.5380545380545405,0.011020347097545964,0.0,0.0,0.012871247065359408,0.0,0.0,0.40555555555555556,0.0,0.0,0.4547720797720798,0.0,0.0,0.0,0.0
759,38,0.8015789473684212,0.49999999999999983,0.9803174926223663,0.5369899257148696,0.008116173727684597,0.0,0.0,0.012860377257739447,0.0,0.0,0.3355263157894737,0.0,0.0,0.4551490790678742,0.0,0.0,0.0,0.0
760,51,0.8052941176470593,0.37254901960783793,0.9783053776557891,0.5351224966961496,0.010949080245267835,0.0,0.0,0.012828784946064608,0.0,0.0,0.4019607843137255,0.0,0.0,0.45433058859408354,0.0,0.0,0.0,0.0
761,47,0.930851063829788,0.5531914893617025,0.9785032008942177,0.535616299156592,0.013950892857143269,0.0,0.0,0.012850112161330892,0.0,0.0,0.4148936170212766,0.0,0.0,0.45429834366426175,0.0,0.0,0.0,0.0
762,65,1.2163076923076925,0.7692307692307906,0.9804168779795106,0.5380870270818566,0.01494517958412161,0.0,0.0,0.012852399770234831,0.0,0.0,0.5461538461538461,0.0,0.0,0.4544832133076377,0.0,0.0,0.0,0.0
763,36,0.8675000000000003,0.6666666666666375,0.9795099135739699,0.5381799694966981,0.011727375140818133,0.0,0.0,0.012823472721028557,0.0,0.0,0.25,0.0,0.0,0.4533807829181495,0.0,0.0,0.0,0.0
764,43,0.8423255813953493,0.39534883720930714,0.9794517343098357,0.5379920659139483,0.010627934272300212,0.0,0.0,0.012843311174185905,0.0,0.0,0.5116279069767442,0.0,0.0,0.45351439324585496,0.0,0.0,0.0,0.0
765,45,1.006666666666667,0.4444444444444604,0.9790452926208643,0.5378117048346084,0.011143911439114244,0.0,0.0,0.012812134547711653,0.0,0.0,0.5166666666666667,0.0,0.0,0.45302798982188297,0.0,0.0,0.0,0.0
766,38,1.2405263157894741,0.5789473684210427,0.9792418993274905,0.5369879763603043,0.022761950748430376,0.0,0.0,0.012824479229219275,0.0,0.0,0.6644736842105263,0.0,0.0,0.4535357652333401,0.0,0.0,0.0,0.0
767,42,0.9600000000000005,0.4761904761904647,0.9776521561830961,0.535834437761242,0.01405857740585756,0.0,0.0,0.012827520248262822,0.0,0.0,0.49404761904761907,0.0,0.0,0.4530023447854012,0.0,0.0,0.0,0.0
768,53,1.0924528301886798,0.5283018867924608,0.9775664934270857,0.536023642107411,0.012886712664144106,0.0,0.0,0.01282749158906504,0.0,0.0,0.5471698113207547,0.0,0.0,0.4531488841332926,0.0,0.0,0.0,0.0
769,56,0.6083928571428573,0.3035714285714287,0.9757831448079072,0.5346988688474498,0.00733318984072316,0.0,0.0,0.012805974380989885,0.0,0.0,0.2767857142857143,0.0,0.0,0.45253745032100273,0.0,0.0,0.0,0.0
770,44,0.7479545454545456,0.3181818181818309,0.9753378240457229,0.5335782812818969,0.011182466870540541,0.0,0.0,0.01281559699711143,0.0,0.0,0.4090909090909091,0.0,0.0,0.4530771586037967,0.0,0.0,0.0,0.0
771,42,1.2059523809523813,0.7619047619047591,0.9757808191195988,0.5344704320294175,0.025148957298907124,0.0,0.0,0.012861552669273,0.0,0.0,0.5297619047619048,0.0,0.0,0.45294147686651004,0.0,0.0,0.0,0.0
772,56,0.8750000000000003,0.6250000000000088,0.9752323087919933,0.5350760747472713,0.012173913043477626,0.0,0.0,0.012850271121217479,0.0,0.0,0.26339285714285715,0.0,0.0,0.4517512508934953,0.0,0.0,0.0,0.0
773,62,1.2191935483870973,0.7419354838709523,0.9766911464708274,0.5367197062423529,0.01769014743739858,0.0,0.0,0.0128738506546849,0.0,0.0,0.5241935483870968,0.0,0.0,0.4520093839249286,0.0,0.0,0.0,0.0
774,52,0.6603846153846157,0.4615384615384599,0.974540915112605,0.5362274533781746,0.009867816091954057,0.0,0.0,0.012858839000462608,0.0,0.0,0.2932692307692308,0.0,0.0,0.45088148374605114,0.0,0.0,0.0,0.0
775,45,1.079333333333334,0.6222222222222118,0.9744818098440835,0.5368388871904644,0.013861301369863013,0.0,0.0,0.012848850567762747,0.0,0.0,0.5,0.0,0.0,0.45085600733720577,0.0,0.0,0.0,0.0
776,58,1.0329310344827591,0.6896551724137681,0.9754106034395026,0.5379057698178513,0.01339369550637119,0.0,0.0,0.012867325871414861,0.0,0.0,0.4396551724137931,0.0,0.0,0.4510023404904854,0.0,0.0,0.0,0.0
777,54,0.857592592592593,0.5925925925925938,0.9736852285452501,0.5373103939733306,0.009164852562834124,0.0,0.0,0.01282967515717666,0.0,0.0,0.35648148148148145,0.0,0.0,0.45037157691133056,0.0,0.0,0.0,0.0
778,50,1.0946000000000005,0.8799999999999701,0.9743812334622421,0.5399959291675172,0.013037160552643872,0.0,0.0,0.012834314132897281,0.0,0.0,0.32,0.0,0.0,0.44939446366782004,0.0,0.0,0.0,0.0
779,50,0.9316000000000005,0.44000000000000256,0.9737908961593164,0.5395244868929102,0.011986618630982849,0.0,0.0,0.012826756710457342,0.0,0.0,0.54,0.0,0.0,0.4496037390774233,0.0,0.0,0.0,0.0
780,41,0.9285365853658542,0.5853658536585364,0.9747813262815289,0.5400732302685132,0.01829408938010546,0.0,0.0,0.012853678850148988,0.0,0.0,0.45121951219512196,0.0,0.0,0.4502644426362897,0.0,0.0,0.0,0.0
781,41,0.8004878048780492,0.3414634146341199,0.9741064522694883,0.5391817626704684,0.010542884677160868,0.0,0.0,0.012874305782533955,0.0,0.0,0.4451219512195122,0.0,0.0,0.4504884998982292,0.0,0.0,0.0,0.0
782,65,1.16723076923077,0.8153846153846179,0.9747789858754186,0.5409003150086394,0.016935267857144037,0.0,0.0,0.01289119193265753,0.0,0.0,0.4346153846153846,0.0,0.0,0.4501575043186668,0.0,0.0,0.0,0.0
783,55,1.148363636363637,0.5090909090908943,0.975108154767949,0.5399614095663673,0.014750116767865787,0.0,0.0,0.012897878313665765,0.0,0.0,0.6045454545454545,0.0,0.0,0.45092413933177616,0.0,0.0,0.0,0.0
784,56,0.8932142857142864,0.5357142857142868,0.9752596875633998,0.5405761817812964,0.014161947904869724,0.0,0.0,0.012931663651465182,0.0,0.0,0.32589285714285715,0.0,0.0,0.45052241834043416,0.0,0.0,0.0,0.0
785,51,0.8872549019607848,0.47058823529407734,0.974533928390303,0.5408256415457975,0.01470588235294055,0.0,0.0,0.012918398902842448,0.0,0.0,0.39215686274509803,0.0,0.0,0.4498174257024039,0.0,0.0,0.0,0.0
786,44,0.9125000000000001,0.3636363636363791,0.9754956874682899,0.5400304414003062,0.01101206801974785,0.0,0.0,0.012920655016786744,0.0,0.0,0.4602272727272727,0.0,0.0,0.45088787417554543,0.0,0.0,0.0,0.0
787,41,0.8692682926829272,0.439024390243914,0.9745503451075919,0.5389768574908667,0.013313410534180092,0.0,0.0,0.01292858306660442,0.0,0.0,0.49390243902439024,0.0,0.0,0.4508475436459602,0.0,0.0,0.0,0.0
788,46,1.050652173913044,0.4347826086956782,0.9745983548288815,0.538844318066418,0.017341227125941917,0.0,0.0,0.012945039825724572,0.0,0.0,0.5489130434782609,0.0,0.0,0.4511526353204022,0.0,0.0,0.0,0.0
789,54,0.8996296296296302,0.3333333333333396,0.9735083798882677,0.5381411884205198,0.012386537480876604,0.0,0.0,0.01291499235949974,0.0,0.0,0.4537037037037037,0.0,0.0,0.4506348400203149,0.0,0.0,0.0,0.0
790,48,1.0014583333333338,0.45833333333332416,0.9735417724088921,0.5361892193685935,0.013002434406274877,0.0,0.0,0.012919076273572434,0.0,0.0,0.5104166666666666,0.0,0.0,0.4518323012892092,0.0,0.0,0.0,0.0
791,45,0.825555555555556,0.33333333333332954,0.9731178977272721,0.5354099025974042,0.00866169270226159,0.0,0.0,0.012909745319551927,0.0,0.0,0.46111111111111114,0.0,0.0,0.45226258116883117,0.0,0.0,0.0,0.0
792,44,0.8959090909090914,0.5000000000000079,0.9730901897128938,0.5365729938115061,0.014752994011975445,0.0,0.0,0.012933353469187463,0.0,0.0,0.42045454545454547,0.0,0.0,0.4516587196915897,0.0,0.0,0.0,0.0
793,50,0.7830000000000004,0.4599999999999801,0.9744692510655568,0.5376496854069428,0.013897763578274623,0.0,0.0,0.012975121070610147,0.0,0.0,0.365,0.0,0.0,0.4520499289628577,0.0,0.0,0.0,0.0
794,41,0.7795121951219516,0.2439024390244057,0.9733844747002637,0.5364763259500117,0.00802208835341375,0.0,0.0,0.012944736532747483,0.0,0.0,0.5304878048780488,0.0,0.0,0.4520422678317415,0.0,0.0,0.0,0.0
795,41,1.074634146341464,0.48780487804878414,0.9749756147124562,0.5370859581385913,0.013507050889024694,0.0,0.0,0.012955778092515944,0.0,0.0,0.573170731707317,0.0,0.0,0.45310912416175575,0.0,0.0,0.0,0.0
796,39,0.8112820512820517,0.5128205128204995,0.9739979664463645,0.5372648703609572,0.010031705770450027,0.0,0.0,0.012932341688244748,0.0,0.0,0.4166666666666667,0.0,0.0,0.45264361972547024,0.0,0.0,0.0,0.0
797,48,0.8675000000000005,0.49999999999999534,0.9731618544123622,0.5372102480683218,0.009288422931072548,0.0,0.0,0.012920251493546666,0.0,0.0,0.4322916666666667,0.0,0.0,0.4524705164701098,0.0,0.0,0.0,0.0
798,55,0.6967272727272732,0.4727272727272746,0.9705018285249893,0.5363673303535161,0.009503968253967892,0.0,0.0,0.012886561643891075,0.0,0.0,0.2681818181818182,0.0,0.0,0.4509599756196668,0.0,0.0,0.0,0.0
799,51,1.0372549019607848,0.8235294117647236,0.9703356387306749,0.5370219690805547,0.012704130643612168,0.0,0.0,0.012887248697475217,0.0,0.0,0.37254901960784315,0.0,0.0,0.4505695687550854,0.0,0.0,0.0,0.0
800,57,0.9049122807017548,0.5964912280701608,0.969088599878073,0.5376955903271705,0.013623877443211535,0.0,0.0,0.01288682345247652,0.0,0.0,0.3684210526315789,0.0,0.0,0.44967994310099574,0.0,0.0,0.0,0.0
801,49,0.9826530612244903,0.40816326530612107,0.9692161038434229,0.5366595679951336,0.010119798234552424,0.0,0.0,0.012861943346535183,0.0,0.0,0.4846938775510204,0.0,0.0,0.45018253726802554,0.0,0.0,0.0,0.0
802,43,0.6548837209302328,0.27906976744186074,0.9671506793753796,0.5355911579801269,0.010195510499637937,0.0,0.0,0.012857187148258753,0.0,0.0,0.3546511627906977,0.0,0.0,0.44914824579192864,0.0,0.0,0.0,0.0
803,45,1.098222222222223,0.7555555555555344,0.9676205918119165,0.5366842318605606,0.01609247802018839,0.0,0.0,0.012869022364665089,0.0,0.0,0.4111111111111111,0.0,0.0,0.44910316173490067,0.0,0.0,0.0,0.0
804,49,1.1514285714285721,0.6122448979591653,0.9672155870445337,0.5355263157894747,0.015803921568627807,0.0,0.0,0.012868941648598803,0.0,0.0,0.6020408163265306,0.0,0.0,0.44994939271255063,0.0,0.0,0.0,0.0
805,40,0.7285000000000004,0.5999999999999966,0.9665275103860568,0.5365285236599464,0.010185249912617936,0.0,0.0,0.012861143508187673,0.0,0.0,0.23125,0.0,0.0,0.4490069915898267,0.0,0.0,0.0,0.0
806,44,0.937045454545455,0.363636363636363,0.9674295560510839,0.5367930265558494,0.01324020552344264,0.0,0.0,0.012876820627391318,0.0,0.0,0.5227272727272727,0.0,0.0,0.44954895601054123,0.0,0.0,0.0,0.0
807,56,0.9433928571428574,0.3392857142857051,0.9660403569255723,0.5346785641857642,0.013405227099721136,0.0,0.0,0.012883830249330267,0.0,0.0,0.5133928571428571,0.0,0.0,0.44995944027580614,0.0,0.0,0.0,0.0
808,44,0.8156818181818184,0.45454545454545414,0.965708629441624,0.5343147208121832,0.007607036880033732,0.0,0.0,0.012857787816486293,0.0,0.0,0.3977272727272727,0.0,0.0,0.45,0.0,0.0,0.0,0.0
809,45,0.8955555555555558,0.355555555555562,0.9645884982727082,0.5323105059947169,0.010143468411779351,0.0,0.0,0.012850490819801729,0.0,0.0,0.48333333333333334,0.0,0.0,0.45003556187766713,0.0,0.0,0.0,0.0
810,64,1.2176562500000006,0.7500000000000321,0.9683124809276772,0.5345336181466793,0.01544391597304807,0.0,0.0,0.01290897724668478,0.0,0.0,0.53125,0.0,0.0,0.451302003865324,0.0,0.0,0.0,0.0
811,53,0.6667924528301893,0.37735849056602555,0.9667921456913209,0.5336249872825317,0.008644814090019888,0.0,0.0,0.012915651253222941,0.0,0.0,0.2971698113207547,0.0,0.0,0.45030013226167465,0.0,0.0,0.0,0.0
812,50,0.9714000000000005,0.4999999999999972,0.9651741344195512,0.5327902240325869,0.012866225165563207,0.0,0.0,0.012908212599862183,0.0,0.0,0.44,0.0,0.0,0.4496181262729124,0.0,0.0,0.0,0.0
813,42,0.7614285714285717,0.45238095238093234,0.9648394004282648,0.532782706230244,0.00941418899028616,0.0,0.0,0.012911693989667574,0.0,0.0,0.4226190476190476,0.0,0.0,0.45026511675333947,0.0,0.0,0.0,0.0
814,42,1.1145238095238101,0.5238095238095233,0.9660647202939968,0.532360146998775,0.01641304347826141,0.0,0.0,0.01294119175412807,0.0,0.0,0.625,0.0,0.0,0.45217435688035934,0.0,0.0,0.0,0.0
815,58,0.9687931034482763,0.8275862068965961,0.9664571428571421,0.5339795918367349,0.01365160349854298,0.0,0.0,0.012956394696667097,0.0,0.0,0.21120689655172414,0.0,0.0,0.45071428571428573,0.0,0.0,0.0,0.0
816,56,0.9658928571428577,0.7142857142857324,0.9678271957564002,0.5346322554320109,0.01294948527651428,0.0,0.0,0.012976816391290084,0.0,0.0,0.3392857142857143,0.0,0.0,0.45185147403855963,0.0,0.0,0.0,0.0
817,49,0.6336734693877555,0.32653061224489743,0.9648535265897716,0.5328161682147597,0.007864741641337523,0.0,0.0,0.012936228040283949,0.0,0.0,0.29591836734693877,0.0,0.0,0.45077574767786055,0.0,0.0,0.0,0.0
818,47,0.8257446808510642,0.297872340425534,0.964827973455844,0.5319040326697296,0.01216995923486992,0.0,0.0,0.012927406458990792,0.0,0.0,0.4627659574468085,0.0,0.0,0.4513782542113323,0.0,0.0,0.0,0.0
819,49,1.2869387755102046,0.7346938775510192,0.9639291547570429,0.5302164148632098,0.01403829029385454,0.0,0.0,0.012918997088568801,0.0,0.0,0.6224489795918368,0.0,0.0,0.45158738260514497,0.0,0.0,0.0,0.0
820,50,1.0492000000000004,0.5599999999999795,0.9646178961330466,0.5311702887460465,0.009263641179586704,0.0,0.0,0.01289594006951151,0.0,0.0,0.535,0.0,0.0,0.4516375880012244,0.0,0.0,0.0,0.0
821,59,1.0933898305084755,0.49152542372881003,0.9660401590051975,0.5303231067169504,0.015200282752121114,0.0,0.0,0.012912825193975354,0.0,0.0,0.5805084745762712,0.0,0.0,0.4533431862195495,0.0,0.0,0.0,0.0
822,42,0.9678571428571433,0.333333333333333,0.965606617647058,0.5295138888888888,0.013911704312114461,0.0,0.0,0.012915767387729003,0.0,0.0,0.5297619047619048,0.0,0.0,0.45327818627450983,0.0,0.0,0.0,0.0
823,50,0.8214000000000006,0.5200000000000086,0.9653540093858388,0.5292797388288104,0.010891010342084562,0.0,0.0,0.012916823649537782,0.0,0.0,0.29,0.0,0.0,0.45286676188532954,0.0,0.0,0.0,0.0
824,56,0.8775000000000005,0.32142857142859144,0.9664981139769593,0.5289020287491081,0.009195359281437146,0.0,0.0,0.01290456855141134,0.0,0.0,0.5223214285714286,0.0,0.0,0.45417473748598225,0.0,0.0,0.0,0.0
825,48,0.5464583333333337,0.16666666666667027,0.9644464831804275,0.5268093781855251,0.0081662515566626,0.0,0.0,0.012890981700163904,0.0,0.0,0.25,0.0,0.0,0.4535677879714577,0.0,0.0,0.0,0.0
826,31,0.9532258064516133,0.8387096774193777,0.9638234392561557,0.5276387044038011,0.012317632346811495,0.0,0.0,0.012878841456671354,0.0,0.0,0.2903225806451613,0.0,0.0,0.45261571472361295,0.0,0.0,0.0,0.0
827,58,1.1250000000000004,0.7758620689655862,0.9655999999999993,0.5305102040816332,0.013673512154233998,0.0,0.0,0.012895949369503688,0.0,0.0,0.3793103448275862,0.0,0.0,0.4520918367346939,0.0,0.0,0.0,0.0
828,40,1.3160000000000005,0.8500000000000008,0.9672994789005818,0.5316235823030557,0.01822083766008995,0.0,0.0,0.012925465609541978,0.0,0.0,0.55625,0.0,0.0,0.45261571472361295,0.0,0.0,0.0,0.0
829,39,1.1638461538461542,0.5897435897435976,0.968764067935338,0.5316144874155929,0.01485274869109943,0.0,0.0,0.012946100186766646,0.0,0.0,0.6025641025641025,0.0,0.0,0.4536013914466953,0.0,0.0,0.0,0.0
830,42,0.9357142857142859,0.8095238095237915,0.9694082719082712,0.5333742833742838,0.00849729729729773,0.0,0.0,0.012929114463292892,0.0,0.0,0.23214285714285715,0.0,0.0,0.45285626535626533,0.0,0.0,0.0,0.0
831,62,1.1025806451612912,0.516129032258072,0.9709179089238302,0.5338983050847463,0.020696336663638785,0.0,0.0,0.012978471054527992,0.0,0.0,0.4798387096774194,0.0,0.0,0.45331325301204817,0.0,0.0,0.0,0.0
832,59,1.2220338983050856,0.6779661016949537,0.9717088866189983,0.5341164453524013,0.018978678599632183,0.0,0.0,0.013012101092750432,0.0,0.0,0.6101694915254238,0.0,0.0,0.4542134831460674,0.0,0.0,0.0,0.0
833,56,1.0164285714285721,0.39285714285714474,0.971681985294117,0.5332924836601318,0.013510562544505224,0.0,0.0,0.013015022105009749,0.0,0.0,0.5178571428571429,0.0,0.0,0.4544270833333333,0.0,0.0,0.0,0.0
834,59,0.8701694915254244,0.4915254237288242,0.9693961032337034,0.5325920636539847,0.013422222222222495,0.0,0.0,0.013013640851618605,0.0,0.0,0.4110169491525424,0.0,0.0,0.45338161787208,0.0,0.0,0.0,0.0
835,43,1.1774418604651167,0.5348837209302351,0.9708897742363871,0.5318214322198398,0.011946672958943045,0.0,0.0,0.013009360019930092,0.0,0.0,0.5988372093023255,0.0,0.0,0.4550260496475636,0.0,0.0,0.0,0.0
836,47,1.18936170212766,0.7446808510638226,0.9718763413387832,0.5327542156361789,0.01938280166435514,0.0,0.0,0.013053583904925191,0.0,0.0,0.5212765957446809,0.0,0.0,0.455799693408278,0.0,0.0,0.0,0.0
837,49,0.9810204081632657,0.42857142857142394,0.9722194972409558,0.5319844676067862,0.01544169611307379,0.0,0.0,0.013064961316528843,0.0,0.0,0.5918367346938775,0.0,0.0,0.45692826486817906,0.0,0.0,0.0,0.0
838,32,1.3187500000000003,0.7812500000000115,0.9724984640589796,0.5331763260290815,0.015071428571427464,0.0,0.0,0.01306219845631639,0.0,0.0,0.546875,0.0,0.0,0.45643047306983414,0.0,0.0,0.0,0.0
839,43,0.7876744186046513,0.34883720930233403,0.970675883256528,0.5308755760368674,0.008377442493197784,0.0,0.0,0.013033640657550064,0.0,0.0,0.47674418604651164,0.0,0.0,0.45660522273425497,0.0,0.0,0.0,0.0
840,47,0.8506382978723408,0.5957446808510939,0.9704992311635054,0.5318298308559724,0.011409817351598926,0.0,0.0,0.013031111796275063,0.0,0.0,0.324468085106383,0.0,0.0,0.4558687852383393,0.0,0.0,0.0,0.0
841,39,1.254102564102565,0.564102564102561,0.971167299210175,0.5322597189455339,0.0216415929203544,0.0,0.0,0.013058591815820798,0.0,0.0,0.6282051282051282,0.0,0.0,0.4559954867165863,0.0,0.0,0.0,0.0
842,64,0.8375000000000005,0.5156249999999836,0.970510245901639,0.5325819672131157,0.010808630772333506,0.0,0.0,0.013043037626080077,0.0,0.0,0.2890625,0.0,0.0,0.4546362704918033,0.0,0.0,0.0,0.0
843,62,0.8830645161290327,0.3870967741935258,0.9706020272345649,0.5334288932118365,0.010308793070984878,0.0,0.0,0.013050284205497996,0.0,0.0,0.4435483870967742,0.0,0.0,0.45369611958636225,0.0,0.0,0.0,0.0
844,42,0.7614285714285719,0.6190476190475989,0.9687693252790005,0.5335312787959462,0.011633321207711595,0.0,0.0,0.013028619818380858,0.0,0.0,0.27976190476190477,0.0,0.0,0.4522371250127982,0.0,0.0,0.0,0.0
845,49,1.0508163265306127,0.4897959183673575,0.969670183345283,0.5337498719655851,0.013871228448275975,0.0,0.0,0.013049661520902176,0.0,0.0,0.5561224489795918,0.0,0.0,0.45290894192358905,0.0,0.0,0.0,0.0
846,38,0.9026315789473687,0.4736842105263063,0.9679174349518541,0.5321655398483924,0.012094499294781586,0.0,0.0,0.01303199654643079,0.0,0.0,0.506578947368421,0.0,0.0,0.4529297275148535,0.0,0.0,0.0,0.0
847,54,0.8101851851851857,0.40740740740740683,0.9668628454452405,0.531218014329581,0.01198301835113699,0.0,0.0,0.013021551296331021,0.0,0.0,0.39814814814814814,0.0,0.0,0.4528403275332651,0.0,0.0,0.0,0.0
848,47,0.9978723404255323,0.5531914893617117,0.9661053708439896,0.5317647058823537,0.01238120380147872,0.0,0.0,0.013001806326548607,0.0,0.0,0.40425531914893614,0.0,0.0,0.4516624040920716,0.0,0.0,0.0,0.0
849,45,1.197555555555556,0.6888888888889084,0.9662843989769819,0.5308439897698216,0.013982874935132521,0.0,0.0,0.01301303034811889,0.0,0.0,0.5777777777777777,0.0,0.0,0.45250639386189256,0.0,0.0,0.0,0.0
850,41,1.1436585365853666,0.7073170731707262,0.9682074408117246,0.5323357589422987,0.015184585492228042,0.0,0.0,0.012996975975653724,0.0,0.0,0.5121951219512195,0.0,0.0,0.4531618325304909,0.0,0.0,0.0,0.0
851,51,1.0962745098039222,0.5098039215686619,0.9680209080660038,0.5317208158245371,0.015025530771298107,0.0,0.0,0.01301085089354223,0.0,0.0,0.5882352941176471,0.0,0.0,0.4535205493491852,0.0,0.0,0.0,0.0
852,55,1.2212727272727277,0.5272727272727183,0.9700399467376832,0.5327255966403777,0.02224172185430506,0.0,0.0,0.01305533958633164,0.0,0.0,0.6227272727272727,0.0,0.0,0.45426610672948886,0.0,0.0,0.0,0.0
853,51,1.0570588235294125,0.6666666666666865,0.9708216514887958,0.533203724547223,0.016878522229180713,0.0,0.0,0.0130788105360087,0.0,0.0,0.5,0.0,0.0,0.45497800061393634,0.0,0.0,0.0,0.0
854,66,0.9569696969696974,0.5454545454545521,0.9713479015623406,0.5323190033697549,0.011220465446793466,0.0,0.0,0.013062226909334593,0.0,0.0,0.45075757575757575,0.0,0.0,0.45601450015317063,0.0,0.0,0.0,0.0
855,44,1.3559090909090916,1.0454545454545594,0.9718948767767669,0.5341036915840075,0.021615942028985605,0.0,0.0,0.013088533403842778,0.0,0.0,0.4715909090909091,0.0,0.0,0.4552101441865221,0.0,0.0,0.0,0.0
856,61,0.9300000000000004,0.40983606557375807,0.97209392547218,0.5329249617151618,0.010968677494199486,0.0,0.0,0.013089811798023135,0.0,0.0,0.5,0.0,0.0,0.4562021439509954,0.0,0.0,0.0,0.0
857,48,1.060416666666667,0.541666666666693,0.9733864541832673,0.5340688527939536,0.012997957099080908,0.0,0.0,0.013090603349146244,0.0,0.0,0.5625,0.0,0.0,0.4571968536111962,0.0,0.0,0.0,0.0
858,44,1.0545454545454551,0.7727272727272717,0.9749278919914085,0.5353380382530438,0.011253941304875252,0.0,0.0,0.01308355912800707,0.0,0.0,0.4318181818181818,0.0,0.0,0.4574255906719853,0.0,0.0,0.0,0.0
859,43,1.0365116279069775,0.46511627906976594,0.9743918642681929,0.5347506132461171,0.017070088088855257,0.0,0.0,0.013064621119204096,0.0,0.0,0.5465116279069767,0.0,0.0,0.45748160261651677,0.0,0.0,0.0,0.0
860,47,0.8327659574468088,0.25531914893617436,0.9732328599162152,0.533156227648923,0.010854132002218495,0.0,0.0,0.013044394625589416,0.0,0.0,0.4521276595744681,0.0,0.0,0.4568560335138449,0.0,0.0,0.0,0.0
861,48,0.7914583333333338,0.4166666666666757,0.9718940478625486,0.5324197177336888,0.01106290040768767,0.0,0.0,0.013035196971359622,0.0,0.0,0.3802083333333333,0.0,0.0,0.45620269993863777,0.0,0.0,0.0,0.0
862,59,1.1086440677966107,0.7118644067796753,0.9728189153304055,0.5339597589623134,0.013275827075299892,0.0,0.0,0.013049179294745625,0.0,0.0,0.423728813559322,0.0,0.0,0.45569911142886327,0.0,0.0,0.0,0.0
863,53,1.064528301886793,0.6415094339622753,0.973250663400694,0.5356195141865698,0.016358364743404224,0.0,0.0,0.013072237956456567,0.0,0.0,0.5094339622641509,0.0,0.0,0.45522045315370485,0.0,0.0,0.0,0.0
864,60,1.269333333333334,0.5166666666666565,0.9740358744394618,0.5345495311863037,0.013340339814329097,0.0,0.0,0.01304537854125295,0.0,0.0,0.6791666666666667,0.0,0.0,0.4560996738687322,0.0,0.0,0.0,0.0
865,51,0.8592156862745103,0.549019607843107,0.9748858540562576,0.5357725234406859,0.008151041666666957,0.0,0.0,0.013019478354132882,0.0,0.0,0.3382352941176471,0.0,0.0,0.4558958418263351,0.0,0.0,0.0,0.0
866,49,1.1173469387755108,0.6122448979591802,0.9735719384113385,0.535229937799532,0.01316105769230778,0.0,0.0,0.012986944800363493,0.0,0.0,0.4897959183673469,0.0,0.0,0.45467523197715914,0.0,0.0,0.0,0.0
867,54,1.2527777777777782,0.7037037037037206,0.9756949256164659,0.5364785001018963,0.01569969830587144,0.0,0.0,0.013009795929458485,0.0,0.0,0.6064814814814815,0.0,0.0,0.45557367026696555,0.0,0.0,0.0,0.0
868,34,0.7829411764705884,0.5294117647058949,0.9738067544128147,0.5355575961636578,0.007108144192256492,0.0,0.0,0.012961678341431927,0.0,0.0,0.3161764705882353,0.0,0.0,0.4546985001530456,0.0,0.0,0.0,0.0
869,53,1.0235849056603779,0.37735849056603565,0.9737791823835251,0.5336935467427886,0.012109374999999482,0.0,0.0,0.012946660323320923,0.0,0.0,0.5660377358490566,0.0,0.0,0.4557549189519829,0.0,0.0,0.0,0.0
870,50,1.0332000000000006,0.5200000000000049,0.9743212392988173,0.5343456991439067,0.012499395112508613,0.0,0.0,0.012927096080645314,0.0,0.0,0.505,0.0,0.0,0.45584488381573585,0.0,0.0,0.0,0.0
871,46,0.49304347826086997,0.34782608695652467,0.973036697247706,0.5339449541284417,0.00779113706630034,0.0,0.0,0.01291447659481206,0.0,0.0,0.10326086956521739,0.0,0.0,0.4541284403669725,0.0,0.0,0.0,0.0
872,39,0.6679487179487184,0.46153846153845635,0.9709120587635174,0.5325443786982261,0.00904199930579655,0.0,0.0,0.012874236187111037,0.0,0.0,0.2692307692307692,0.0,0.0,0.45340236686390534,0.0,0.0,0.0,0.0
873,48,1.022291666666667,0.5833333333333265,0.9710442586171729,0.5345706710177456,0.014104627766599669,0.0,0.0,0.012872136501645214,0.0,0.0,0.5104166666666666,0.0,0.0,0.4525545584336121,0.0,0.0,0.0,0.0
874,43,1.065116279069768,0.5813953488372183,0.9702721157765999,0.5335303709743184,0.011813257673458883,0.0,0.0,0.012852518107015376,0.0,0.0,0.5290697674418605,0.0,0.0,0.45260905014268243,0.0,0.0,0.0,0.0
875,47,0.9108510638297878,0.5319148936170015,0.970034669113898,0.5330886101764059,0.00962238705327003,0.0,0.0,0.012825614206806033,0.0,0.0,0.3776595744680851,0.0,0.0,0.45232996838992556,0.0,0.0,0.0,0.0
876,52,0.9819230769230772,0.4615384615384745,0.9706197757390415,0.5333333333333347,0.010486752926678672,0.0,0.0,0.012804114838969984,0.0,0.0,0.5384615384615384,0.0,0.0,0.45265035677879717,0.0,0.0,0.0,0.0
877,47,0.9659574468085113,0.5957446808510849,0.9707539480387162,0.5346917982679587,0.01236046828205818,0.0,0.0,0.012804887062937573,0.0,0.0,0.4148936170212766,0.0,0.0,0.4518593988792664,0.0,0.0,0.0,0.0
878,59,0.909661016949153,0.5423728813559274,0.9700814663951117,0.533808553971488,0.012718009478673391,0.0,0.0,0.01279613786655817,0.0,0.0,0.4449152542372881,0.0,0.0,0.45216395112016294,0.0,0.0,0.0,0.0
879,46,0.9869565217391307,0.3043478260869607,0.9701416488331801,0.5321512279629076,0.013807785888077306,0.0,0.0,0.012791710111900627,0.0,0.0,0.6304347826086957,0.0,0.0,0.45345460103943747,0.0,0.0,0.0,0.0
880,56,1.1028571428571434,0.642857142857179,0.9711402705726779,0.5336181466788744,0.015925734914904746,0.0,0.0,0.0127913953024118,0.0,0.0,0.41964285714285715,0.0,0.0,0.45300579798596274,0.0,0.0,0.0,0.0
881,59,0.8147457627118649,0.44067796610168763,0.9708110851690182,0.5333468683382413,0.012849505479818037,0.0,0.0,0.012803535496205214,0.0,0.0,0.3898305084745763,0.0,0.0,0.452796670388793,0.0,0.0,0.0,0.0
882,49,0.6936734693877555,0.3877551020408278,0.969584940125837,0.5338948650294313,0.010989330746847785,0.0,0.0,0.012794838830634937,0.0,0.0,0.32142857142857145,0.0,0.0,0.45159326161964686,0.0,0.0,0.0,0.0
883,44,1.0320454545454552,0.36363636363634744,0.9698578535891966,0.533556706264597,0.017103578154425425,0.0,0.0,0.012812157971543272,0.0,0.0,0.6363636363636364,0.0,0.0,0.4521778860798051,0.0,0.0,0.0,0.0
884,47,0.8774468085106388,0.510638297872352,0.9707756345177663,0.5335025380710675,0.01638458482320136,0.0,0.0,0.012837275616111778,0.0,0.0,0.3829787234042553,0.0,0.0,0.45223350253807104,0.0,0.0,0.0,0.0
885,53,1.0047169811320762,0.6792452830188676,0.9714239284988826,0.5343286613853357,0.01276366251198485,0.0,0.0,0.012829574186971459,0.0,0.0,0.37735849056603776,0.0,0.0,0.45231566118220595,0.0,0.0,0.0,0.0
886,42,1.0271428571428574,0.42857142857142755,0.9711220652505334,0.5334891757292425,0.013578847969782702,0.0,0.0,0.012809750826511687,0.0,0.0,0.5535714285714286,0.0,0.0,0.4525104177253786,0.0,0.0,0.0,0.0
887,45,1.4980000000000007,0.7999999999999877,0.9737576250508334,0.5342618950793023,0.021019644527596464,0.0,0.0,0.012845869098712487,0.0,0.0,0.7222222222222222,0.0,0.0,0.4539192761285075,0.0,0.0,0.0,0.0
888,42,1.1759523809523815,0.5714285714285724,0.9751685507689171,0.5342702922904591,0.013280451734337131,0.0,0.0,0.012850796667310916,0.0,0.0,0.5595238095238095,0.0,0.0,0.45475608514105303,0.0,0.0,0.0,0.0
889,42,1.051428571428572,0.6666666666666826,0.9754880782555532,0.5341349093132279,0.01553288779458312,0.0,0.0,0.01285612225713753,0.0,0.0,0.4583333333333333,0.0,0.0,0.45496229875687794,0.0,0.0,0.0,0.0
890,56,0.8762500000000004,0.5714285714285677,0.9749964362081253,0.5343651359332064,0.009815963192638158,0.0,0.0,0.012838515654224763,0.0,0.0,0.36607142857142855,0.0,0.0,0.4544852866306893,0.0,0.0,0.0,0.0
891,39,0.9502564102564107,0.5128205128205214,0.9755046900489392,0.5340538336052223,0.012722279437006346,0.0,0.0,0.012849309439009892,0.0,0.0,0.5,0.0,0.0,0.4551386623164764,0.0,0.0,0.0,0.0
892,49,1.0167346938775517,0.530612244897958,0.9751202854230374,0.5336391437308887,0.013172924378635611,0.0,0.0,0.012850610227097218,0.0,0.0,0.5561224489795918,0.0,0.0,0.4555045871559633,0.0,0.0,0.0,0.0
893,47,1.1946808510638303,0.5957446808509974,0.9777586206896548,0.5346867986125298,0.014683577405857608,0.0,0.0,0.012870255229889577,0.0,0.0,0.5053191489361702,0.0,0.0,0.4567180167312793,0.0,0.0,0.0,0.0
894,42,0.985476190476191,0.6666666666666495,0.9780277948089102,0.5347435111383624,0.013828934179753054,0.0,0.0,0.012887292841485078,0.0,0.0,0.39285714285714285,0.0,0.0,0.45634069078275086,0.0,0.0,0.0,0.0
895,54,0.8425925925925931,0.5555555555555629,0.9781206614944872,0.5358309514087397,0.010381017567875817,0.0,0.0,0.01289639058216118,0.0,0.0,0.33796296296296297,0.0,0.0,0.4557217231523071,0.0,0.0,0.0,0.0
896,56,1.1282142857142865,0.7678571428571374,0.9792115463076292,0.5378416972664234,0.013326302467834002,0.0,0.0,0.012895525475546721,0.0,0.0,0.40625,0.0,0.0,0.4554008567931457,0.0,0.0,0.0,0.0
897,47,1.0159574468085113,0.5106382978723586,0.981045111247193,0.5395999183506854,0.015255591054313263,0.0,0.0,0.012917543534293974,0.0,0.0,0.5,0.0,0.0,0.45590936925903247,0.0,0.0,0.0,0.0
898,55,0.9256363636363641,0.10909090909090804,0.9812112244897955,0.5382653061224506,0.010499071973602047,0.0,0.0,0.012908178332868014,0.0,0.0,0.6181818181818182,0.0,0.0,0.4563520408163265,0.0,0.0,0.0,0.0
899,43,0.7497674418604656,0.6511627906976744,0.979312385227504,0.5385635584574593,0.010464135021097245,0.0,0.0,0.012889305438251893,0.0,0.0,0.1744186046511628,0.0,0.0,0.45447357682105693,0.0,0.0,0.0,0.0
900,44,0.8497727272727276,0.3863636363636316,0.9773244897959177,0.5370408163265323,0.009775163398692558,0.0,0.0,0.01285144021822997,0.0,0.0,0.45454545454545453,0.0,0.0,0.45403061224489794,0.0,0.0,0.0,0.0
901,37,1.0891891891891894,0.48648648648648657,0.9770707792870996,0.5365131242978262,0.011497860199714313,0.0,0.0,0.012830967610407524,0.0,0.0,0.5202702702702703,0.0,0.0,0.45386068838729443,0.0,0.0,0.0,0.0
902,56,1.1087500000000006,0.6071428571428649,0.9778864610986313,0.5369614049418028,0.012881742738588942,0.0,0.0,0.012833117827161856,0.0,0.0,0.5714285714285714,0.0,0.0,0.455074535429855,0.0,0.0,0.0,0.0
903,55,0.7621818181818185,0.32727272727272544,0.9764829557052455,0.5355174525413366,0.011612188365651236,0.0,0.0,0.012811847193803806,0.0,0.0,0.32727272727272727,0.0,0.0,0.45422535211267606,0.0,0.0,0.0,0.0
904,56,0.684821428571429,0.21428571428572982,0.9743977133523882,0.5346059616169883,0.009647798742138372,0.0,0.0,0.012809047869542388,0.0,0.0,0.3705357142857143,0.0,0.0,0.4527102899142507,0.0,0.0,0.0,0.0
905,45,0.9160000000000003,0.7999999999999967,0.974022471910112,0.5357507660878466,0.007683131407269522,0.0,0.0,0.012767488940541395,0.0,0.0,0.2222222222222222,0.0,0.0,0.4512512768130746,0.0,0.0,0.0,0.0
906,46,0.9395652173913049,0.4782608695652066,0.9748977923139815,0.5348528209321358,0.00949890109890071,0.0,0.0,0.012759496651073612,0.0,0.0,0.4782608695652174,0.0,0.0,0.4525756336876533,0.0,0.0,0.0,0.0
907,60,1.1265000000000005,0.6333333333332914,0.9764550372563026,0.5357762580381764,0.016385454545453794,0.0,0.0,0.012782666094767024,0.0,0.0,0.5166666666666667,0.0,0.0,0.45342962131264675,0.0,0.0,0.0,0.0
908,47,0.8951063829787239,0.4255319148936078,0.9753811613429937,0.5344422900295962,0.011602316602316743,0.0,0.0,0.012771419523204434,0.0,0.0,0.43617021276595747,0.0,0.0,0.45331156240432696,0.0,0.0,0.0,0.0
909,55,0.7001818181818188,0.1818181818181823,0.9740197676788257,0.5320970042796019,0.0093425521591457,0.0,0.0,0.012745220390688676,0.0,0.0,0.4590909090909091,0.0,0.0,0.453765029549623,0.0,0.0,0.0,0.0
910,55,0.8818181818181825,0.6181818181818155,0.9733292620865135,0.5325190839694671,0.013335166345888959,0.0,0.0,0.012744546928995163,0.0,0.0,0.32272727272727275,0.0,0.0,0.45302798982188297,0.0,0.0,0.0,0.0
911,40,0.9635000000000004,0.45000000000000295,0.9720452461021091,0.531234077244473,0.009871926229508334,0.0,0.0,0.012719817257339942,0.0,0.0,0.45,0.0,0.0,0.4528941200448385,0.0,0.0,0.0,0.0
912,45,0.8642222222222227,0.4444444444444372,0.9708596777483169,0.5303895574138298,0.011358060747663669,0.0,0.0,0.01270030469258602,0.0,0.0,0.43333333333333335,0.0,0.0,0.4523251070772996,0.0,0.0,0.0,0.0
913,45,1.1922222222222227,0.7555555555555509,0.9704176879084964,0.5298202614379096,0.015929334916864997,0.0,0.0,0.012706316700163027,0.0,0.0,0.4722222222222222,0.0,0.0,0.45248672385620914,0.0,0.0,0.0,0.0
914,40,1.153,0.749999999999955,0.9698303005520342,0.5311797178491116,0.011914234048048736,0.0,0.0,0.012683079432349167,0.0,0.0,0.46875,0.0,0.0,0.4515947658965447,0.0,0.0,0.0,0.0
915,39,1.0548717948717952,0.5641025641025446,0.9696295917323234,0.5318735291108163,0.01490039840637446,0.0,0.0,0.01266895726518582,0.0,0.0,0.46794871794871795,0.0,0.0,0.4505781234012074,0.0,0.0,0.0,0.0
916,47,0.8451063829787236,0.17021276595746102,0.9682996822793889,0.5290560623142364,0.009929999999999502,0.0,0.0,0.012611529076317667,0.0,0.0,0.574468085106383,0.0,0.0,0.4514451163267398,0.0,0.0,0.0,0.0
917,54,1.0290740740740745,0.5185185185185343,0.9691229147477224,0.5293214614676088,0.013056860902255213,0.0,0.0,0.012622636579825756,0.0,0.0,0.5185185185185185,0.0,0.0,0.45179613140927233,0.0,0.0,0.0,0.0
918,40,0.8722500000000004,0.45000000000000445,0.9675115301834575,0.5276211950394594,0.014993553932101333,0.0,0.0,0.0126000360382005,0.0,0.0,0.4625,0.0,0.0,0.45175258788562056,0.0,0.0,0.0,0.0
919,42,1.2678571428571435,0.6190476190476261,0.9688023399014775,0.5275041050903126,0.0208905453118874,0.0,0.0,0.012625803155377476,0.0,0.0,0.5833333333333334,0.0,0.0,0.45276580459770116,0.0,0.0,0.0,0.0
920,43,0.9686046511627912,0.6976744186046561,0.9691283790728745,0.5277006886627615,0.014263698630137205,0.0,0.0,0.012630644750766936,0.0,0.0,0.4476744186046512,0.0,0.0,0.4532069071847055,0.0,0.0,0.0,0.0
921,57,0.9766666666666673,0.5614035087719347,0.9693253927507954,0.5277749255570394,0.014344241174955174,0.0,0.0,0.01264621447871303,0.0,0.0,0.44298245614035087,0.0,0.0,0.45348598418728825,0.0,0.0,0.0,0.0
922,56,0.990714285714286,0.5535714285714244,0.9682074697311713,0.5260619741432389,0.012920353982301108,0.0,0.0,0.012629762185197894,0.0,0.0,0.47767857142857145,0.0,0.0,0.4536989534167864,0.0,0.0,0.0,0.0
923,47,0.9782978723404261,0.5106382978723486,0.967883054156818,0.5254341794265754,0.0104738041002276,0.0,0.0,0.012608883075782076,0.0,0.0,0.44148936170212766,0.0,0.0,0.45373034631589765,0.0,0.0,0.0,0.0
924,61,1.0245901639344266,0.573770491803273,0.9677893007495632,0.525105246945272,0.01294263822737632,0.0,0.0,0.012596997131851966,0.0,0.0,0.4959016393442623,0.0,0.0,0.45433309374679126,0.0,0.0,0.0,0.0
925,41,0.846585365853659,0.43902439024389533,0.9674071794871789,0.5253333333333338,0.007475769976308766,0.0,0.0,0.012577819442092329,0.0,0.0,0.43902439024390244,0.0,0.0,0.4538974358974359,0.0,0.0,0.0,0.0
926,45,0.5348888888888891,0.1777777777777793,0.9662276923076917,0.5243076923076928,0.008189860496767516,0.0,0.0,0.012571436196830713,0.0,0.0,0.3333333333333333,0.0,0.0,0.45374358974358975,0.0,0.0,0.0,0.0
927,44,0.9636363636363641,0.3181818181818237,0.965504879301489,0.5220338983050854,0.015514087083790748,0.0,0.0,0.012576051528790958,0.0,0.0,0.5568181818181818,0.0,0.0,0.4543913713405239,0.0,0.0,0.0,0.0
928,44,0.992045454545455,0.4545454545454486,0.9653733031674203,0.5209790209790215,0.011270333075136163,0.0,0.0,0.012592951813693944,0.0,0.0,0.5284090909090909,0.0,0.0,0.4548282599753188,0.0,0.0,0.0,0.0
929,44,1.0372727272727276,0.6363636363636209,0.9657357326478142,0.5213367609254501,0.013978560490045927,0.0,0.0,0.012585873259217189,0.0,0.0,0.44886363636363635,0.0,0.0,0.4549357326478149,0.0,0.0,0.0,0.0
930,47,1.2214893617021283,0.6808510638297933,0.9667013067187976,0.5214528243646468,0.024041038525963464,0.0,0.0,0.012625606058977215,0.0,0.0,0.5638297872340425,0.0,0.0,0.4553966457454471,0.0,0.0,0.0,0.0
931,55,0.9392727272727277,0.38181818181818866,0.966221719457013,0.5204648292883589,0.01282522343594829,0.0,0.0,0.012613765734415963,0.0,0.0,0.4863636363636364,0.0,0.0,0.45562525709584534,0.0,0.0,0.0,0.0
932,45,0.8215555555555558,0.6222222222222534,0.9662744291298082,0.5213947747377087,0.009061274509803848,0.0,0.0,0.01260170846613654,0.0,0.0,0.3055555555555556,0.0,0.0,0.45523040526640607,0.0,0.0,0.0,0.0
933,58,1.002586206896552,0.4827586206896597,0.9663421404338435,0.5218464069086054,0.01429098058490982,0.0,0.0,0.012602581222983788,0.0,0.0,0.5646551724137931,0.0,0.0,0.4551506116993934,0.0,0.0,0.0,0.0
934,62,0.8956451612903232,0.3870967741935562,0.9676554630486172,0.523178127248433,0.014040455120100931,0.0,0.0,0.01264733224785458,0.0,0.0,0.42338709677419356,0.0,0.0,0.4552626169184911,0.0,0.0,0.0,0.0
935,51,0.9884313725490202,0.5294117647058852,0.9681955427749817,0.5230563828694677,0.016719734660033604,0.0,0.0,0.012655904523456338,0.0,0.0,0.4215686274509804,0.0,0.0,0.45591557974735547,0.0,0.0,0.0,0.0
936,51,1.008039215686275,0.47058823529410937,0.9689941436350555,0.5232713449090729,0.012759990071977251,0.0,0.0,0.012661650097668713,0.0,0.0,0.5588235294117647,0.0,0.0,0.45689920887701635,0.0,0.0,0.0,0.0
937,54,1.1353703703703706,0.6296296296296257,0.9710293513957302,0.5251436781609202,0.012623018324068576,0.0,0.0,0.01266827959436699,0.0,0.0,0.5231481481481481,0.0,0.0,0.45761494252873564,0.0,0.0,0.0,0.0
938,56,0.8571428571428577,0.446428571428567,0.9715528205128201,0.5251282051282057,0.012151898734176301,0.0,0.0,0.012684714024017916,0.0,0.0,0.3794642857142857,0.0,0.0,0.45776923076923076,0.0,0.0,0.0,0.0
939,45,0.782666666666667,0.31111111111112977,0.9714468826907294,0.5250205086136185,0.007540141297366514,0.0,0.0,0.012651794693045188,0.0,0.0,0.4888888888888889,0.0,0.0,0.45805988515176377,0.0,0.0,0.0,0.0
940,61,0.6650819672131151,0.3606557377049188,0.9687169501947113,0.523262963722075,0.006700247729149333,0.0,0.0,0.012609403221202199,0.0,0.0,0.30327868852459017,0.0,0.0,0.4569071531051445,0.0,0.0,0.0,0.0
941,56,0.8541071428571433,0.4642857142857286,0.9663707197047359,0.5230674595037943,0.009625679211108396,0.0,0.0,0.012559750883088538,0.0,0.0,0.3705357142857143,0.0,0.0,0.45501845396760304,0.0,0.0,0.0,0.0
942,43,1.0867441860465121,0.9302325581395897,0.9671063960639599,0.5250102501025024,0.012115633912367944,0.0,0.0,0.012564171877829747,0.0,0.0,0.3372093023255814,0.0,0.0,0.45469454694546946,0.0,0.0,0.0,0.0
943,42,0.9676190476190479,0.5238095238095384,0.968639211256033,0.5266509191742851,0.011654717522224998,0.0,0.0,0.01256804620185863,0.0,0.0,0.47023809523809523,0.0,0.0,0.45514532196775187,0.0,0.0,0.0,0.0
944,41,1.3309756097560983,0.7804878048780514,0.9703317584223494,0.5283483976992619,0.019385435168738703,0.0,0.0,0.012595864110290391,0.0,0.0,0.6341463414634146,0.0,0.0,0.4558083401807724,0.0,0.0,0.0,0.0
945,44,0.6152272727272732,0.36363636363637714,0.9684076433121013,0.5288678857612508,0.007022049286640667,0.0,0.0,0.012549230523457052,0.0,0.0,0.25,0.0,0.0,0.4538987055681118,0.0,0.0,0.0,0.0
946,39,1.0482051282051283,0.5641025641025808,0.9685171102661589,0.5286198746274807,0.010004894762604194,0.0,0.0,0.012545595163138903,0.0,0.0,0.5384615384615384,0.0,0.0,0.4542955503031549,0.0,0.0,0.0,0.0
947,55,1.0832727272727278,0.7636363636363783,0.9686648193760256,0.5290435139573088,0.013178500331784767,0.0,0.0,0.012549503732806819,0.0,0.0,0.4090909090909091,0.0,0.0,0.4540999589490969,0.0,0.0,0.0,0.0
948,52,1.201538461538462,0.9230769230770258,0.9689698027937543,0.5311216105176686,0.014708097928438347,0.0,0.0,0.012560583486780883,0.0,0.0,0.39903846153846156,0.0,0.0,0.45321487263763355,0.0,0.0,0.0,0.0
949,59,0.9362711864406784,0.4406779661016878,0.9683367514356022,0.5304552912223156,0.010261935723574013,0.0,0.0,0.01253112804064859,0.0,0.0,0.4661016949152542,0.0,0.0,0.45339417555373257,0.0,0.0,0.0,0.0
950,49,1.295510204081633,0.7755102040816222,0.9690866222450021,0.5317273193234261,0.012547934374382178,0.0,0.0,0.01250815711408846,0.0,0.0,0.5459183673469388,0.0,0.0,0.453485392106612,0.0,0.0,0.0,0.0
951,50,0.9766000000000006,0.40000000000001135,0.9690251153254735,0.5309072270630469,0.012533367556468196,0.0,0.0,0.012482078083962648,0.0,0.0,0.545,0.0,0.0,0.4538698103536648,0.0,0.0,0.0,0.0
952,59,1.0791525423728818,0.4915254237287924,0.9686360843743596,0.5302068400573441,0.014613266008722032,0.0,0.0,0.012486552770558264,0.0,0.0,0.5466101694915254,0.0,0.0,0.4537169772680729,0.0,0.0,0.0,0.0
953,44,1.1436363636363642,0.545454545454546,0.9694781628050024,0.5304490465450092,0.015715178013741313,0.0,0.0,0.012511580398595939,0.0,0.0,0.6079545454545454,0.0,0.0,0.4542495386508099,0.0,0.0,0.0,0.0
954,55,0.877454545454546,0.6181818181818081,0.9701965199590578,0.5313203684749251,0.012101303911735587,0.0,0.0,0.012522948385289792,0.0,0.0,0.2818181818181818,0.0,0.0,0.4538126919140225,0.0,0.0,0.0,0.0
955,45,0.6182222222222225,0.2666666666666684,0.9688047931175744,0.5294961081523986,0.00868831980012491,0.0,0.0,0.012512480191746556,0.0,0.0,0.3277777777777778,0.0,0.0,0.45375870544858665,0.0,0.0,0.0,0.0
956,51,1.0390196078431377,0.333333333333337,0.9687819856704193,0.5276356192425814,0.021824546952223602,0.0,0.0,0.012530996508796868,0.0,0.0,0.6029411764705882,0.0,0.0,0.45468270214943707,0.0,0.0,0.0,0.0
957,37,0.7421621621621624,0.5405405405405511,0.9685657166290749,0.5286036497847056,0.010940239043824983,0.0,0.0,0.012544468817387074,0.0,0.0,0.25,0.0,0.0,0.4537625589501743,0.0,0.0,0.0,0.0
958,46,1.043260869565218,0.4347826086956519,0.9696104561763194,0.5283444387493612,0.014316825775656235,0.0,0.0,0.012559120567451246,0.0,0.0,0.5489130434782609,0.0,0.0,0.45443362378267554,0.0,0.0,0.0,0.0
959,57,1.3638596491228074,0.736842105263129,0.9725629220380598,0.5296705545324346,0.012589473684210978,0.0,0.0,0.012581438010228417,0.0,0.0,0.5701754385964912,0.0,0.0,0.4555709023941068,0.0,0.0,0.0,0.0
960,51,0.9672549019607848,0.6666666666666696,0.973408021280949,0.5312052383875606,0.011374221812312391,0.0,0.0,0.012582611455702086,0.0,0.0,0.37745098039215685,0.0,0.0,0.4554430120728463,0.0,0.0,0.0,0.0
961,41,1.0036585365853663,0.6097560975609797,0.9737397624897621,0.5314291564291583,0.013096753660089019,0.0,0.0,0.01257907307680102,0.0,0.0,0.4329268292682927,0.0,0.0,0.4555436117936118,0.0,0.0,0.0,0.0
962,47,0.8080851063829793,0.34042553191489,0.971324102564102,0.5289230769230785,0.01182072829131662,0.0,0.0,0.012559242711777214,0.0,0.0,0.39893617021276595,0.0,0.0,0.45466666666666666,0.0,0.0,0.0,0.0
963,51,1.198823529411765,0.6470588235294202,0.9728950332821295,0.5290322580645178,0.014529467680608085,0.0,0.0,0.012573146780588794,0.0,0.0,0.6029411764705882,0.0,0.0,0.45619559651817715,0.0,0.0,0.0,0.0
964,60,0.6460000000000005,0.18333333333333487,0.9714639133101608,0.5274994888570861,0.008620996441281151,0.0,0.0,0.012558425356684113,0.0,0.0,0.4083333333333333,0.0,0.0,0.45565835207524025,0.0,0.0,0.0,0.0
965,41,1.2126829268292687,0.8292682926829225,0.972313356514624,0.5291470648394372,0.0161743656473649,0.0,0.0,0.012580742912871645,0.0,0.0,0.5,0.0,0.0,0.4555635099202291,0.0,0.0,0.0,0.0
966,55,1.0880000000000007,0.6363636363636388,0.9719224093925466,0.529555895865239,0.014848635235732082,0.0,0.0,0.012564976374627163,0.0,0.0,0.4863636363636364,0.0,0.0,0.45492598264420625,0.0,0.0,0.0,0.0
967,50,0.8646000000000004,0.6800000000000196,0.9714260940528405,0.530551871875958,0.012122826696578605,0.0,0.0,0.012557248687295467,0.0,0.0,0.3,0.0,0.0,0.45396817300826275,0.0,0.0,0.0,0.0
968,47,1.0140425531914898,0.5531914893616754,0.9709758089210977,0.530672654894357,0.013162109914387682,0.0,0.0,0.012558185893864721,0.0,0.0,0.48404255319148937,0.0,0.0,0.4536082474226804,0.0,0.0,0.0,0.0
969,47,0.8702127659574472,0.5957446808510742,0.9725664078463419,0.5322844299141823,0.010302267002518736,0.0,0.0,0.012578427874895961,0.0,0.0,0.2978723404255319,0.0,0.0,0.45387208827135267,0.0,0.0,0.0,0.0
970,55,1.0349090909090914,0.5454545454545379,0.9739248902949275,0.533319726502706,0.014719420739591878,0.0,0.0,0.01259477600318847,0.0,0.0,0.5363636363636364,0.0,0.0,0.4545361771609348,0.0,0.0,0.0,0.0
971,61,0.8468852459016396,0.4754098360655758,0.9721430026481966,0.531982073742108,0.013045454545454416,0.0,0.0,0.012563842670598162,0.0,0.0,0.42213114754098363,0.0,0.0,0.45401303727846815,0.0,0.0,0.0,0.0
972,52,0.9325000000000006,0.3846153846153655,0.9724872630935395,0.5306704707560643,0.011946292190195,0.0,0.0,0.012562609087103854,0.0,0.0,0.47596153846153844,0.0,0.0,0.4552170368860811,0.0,0.0,0.0,0.0
973,51,0.7825490196078437,0.3137254901960649,0.9699387942466587,0.5282056513312268,0.011608493310063868,0.0,0.0,0.012529415097795583,0.0,0.0,0.39215686274509803,0.0,0.0,0.4544527185555442,0.0,0.0,0.0,0.0
974,44,0.8972727272727277,0.7727272727272417,0.9712557427258801,0.529657988769782,0.01109300365271123,0.0,0.0,0.01253488335322905,0.0,0.0,0.19886363636363635,0.0,0.0,0.45416028586013274,0.0,0.0,0.0,0.0
975,55,1.2149090909090914,0.6909090909090932,0.9721264660887298,0.5301376848546675,0.012133648084256952,0.0,0.0,0.012525871890937927,0.0,0.0,0.6136363636363636,0.0,0.0,0.45484446710861803,0.0,0.0,0.0,0.0
976,65,0.8743076923076927,0.5999999999999871,0.9711190379127594,0.5296575621687745,0.009781411359724124,0.0,0.0,0.0124998622585918,0.0,0.0,0.29615384615384616,0.0,0.0,0.4538830004076641,0.0,0.0,0.0,0.0
977,49,1.088367346938776,0.4489795918367448,0.9723299683899251,0.5289079229122072,0.014809775062483072,0.0,0.0,0.012532943591738689,0.0,0.0,0.5663265306122449,0.0,0.0,0.45498113592332007,0.0,0.0,0.0,0.0
978,57,0.9005263157894742,0.38596491228070173,0.9712899938862845,0.5262889749337699,0.011303677604051751,0.0,0.0,0.012522829415559098,0.0,0.0,0.4780701754385965,0.0,0.0,0.45580293458324844,0.0,0.0,0.0,0.0
979,50,1.0136000000000007,0.4800000000000034,0.9717077644181777,0.5264927654371323,0.013630984400215708,0.0,0.0,0.012530981405243767,0.0,0.0,0.495,0.0,0.0,0.45557367026696555,0.0,0.0,0.0,0.0
980,41,0.985365853658537,0.3414634146341459,0.9719451803545951,0.5254738129203196,0.01880819366852914,0.0,0.0,0.012532939686343784,0.0,0.0,0.524390243902439,0.0,0.0,0.45587935602200935,0.0,0.0,0.0,0.0
981,53,0.9039622641509437,0.5094339622641557,0.9722939141054342,0.5261550987176896,0.012265745007680722,0.0,0.0,0.012539701081927517,0.0,0.0,0.4528301886792453,0.0,0.0,0.45590779564420925,0.0,0.0,0.0,0.0
982,55,1.0378181818181824,0.4727272727272727,0.97137021189894,0.5239405052974754,0.013026015518028235,0.0,0.0,0.012516648441879134,0.0,0.0,0.5727272727272728,0.0,0.0,0.45670334148329256,0.0,0.0,0.0,0.0
983,53,0.7905660377358494,0.41509433962263526,0.9694018748726305,0.5234359078866944,0.008674948240165785,0.0,0.0,0.012479762727739013,0.0,0.0,0.4528301886792453,0.0,0.0,0.45585388220908907,0.0,0.0,0.0,0.0
984,47,1.1823404255319154,0.6170212765957569,0.9708577256501784,0.523814380418156,0.016677671068426686,0.0,0.0,0.012490319905633034,0.0,0.0,0.5531914893617021,0.0,0.0,0.4570627231004589,0.0,0.0,0.0,0.0
985,44,0.9484090909090913,0.5227272727272655,0.9711920800163295,0.5240865482751601,0.013319502074689198,0.0,0.0,0.012484783917857446,0.0,0.0,0.48863636363636365,0.0,0.0,0.457542355582772,0.0,0.0,0.0,0.0
986,47,1.0544680851063832,0.5319148936170048,0.9718549127640033,0.5248444036322842,0.011968123641632284,0.0,0.0,0.012489019014477869,0.0,0.0,0.574468085106383,0.0,0.0,0.4580910111213142,0.0,0.0,0.0,0.0
987,53,1.0905660377358495,0.5849056603773559,0.9729246917354526,0.5255273616631019,0.014475331830703951,0.0,0.0,0.012496511770973238,0.0,0.0,0.5424528301886793,0.0,0.0,0.4583970243554469,0.0,0.0,0.0,0.0
988,55,0.9378181818181824,0.6545454545454505,0.9723640806353081,0.526674811647324,0.013414824447333948,0.0,0.0,0.012483478333612196,0.0,0.0,0.36363636363636365,0.0,0.0,0.4574424760741193,0.0,0.0,0.0,0.0
989,44,0.956136363636364,0.7727272727272488,0.9726916021198528,0.5288422339991863,0.013730417754568819,0.0,0.0,0.012488975370257465,0.0,0.0,0.3409090909090909,0.0,0.0,0.45694048104362006,0.0,0.0,0.0,0.0
990,52,0.6551923076923079,0.44230769230767886,0.9708689894050525,0.5287286063569697,0.006924796747967474,0.0,0.0,0.01245072972912948,0.0,0.0,0.2980769230769231,0.0,0.0,0.45583740831295844,0.0,0.0,0.0,0.0
991,51,0.9735294117647063,0.6666666666666764,0.9715485644471588,0.5303400529423759,0.010241336633663363,0.0,0.0,0.012457962348886412,0.0,0.0,0.36764705882352944,0.0,0.0,0.45535532478110363,0.0,0.0,0.0,0.0
992,64,0.8545312500000004,0.4375000000000017,0.9711257874415765,0.5298719772403999,0.012348159855497368,0.0,0.0,0.012449341376018108,0.0,0.0,0.44921875,0.0,0.0,0.4554714488925015,0.0,0.0,0.0,0.0
993,47,1.3472340425531921,0.7872340425531781,0.9738784429311919,0.5314564488261017,0.016485290288986897,0.0,0.0,0.012464198886259858,0.0,0.0,0.6117021276595744,0.0,0.0,0.45667750787681677,0.0,0.0,0.0,0.0
994,46,0.9669565217391312,0.47826086956521646,0.9746556277935795,0.5324055262088596,0.012143052143052217,0.0,0.0,0.012485698297850206,0.0,0.0,0.5597826086956522,0.0,0.0,0.45685188947582284,0.0,0.0,0.0,0.0
995,35,0.9871428571428574,0.45714285714285513,0.9742833909331161,0.5323236430168748,0.014365904365904649,0.0,0.0,0.012487248935945707,0.0,0.0,0.5285714285714286,0.0,0.0,0.4566222809514129,0.0,0.0,0.0,0.0
996,52,1.137884615384616,0.6923076923077016,0.9757923053497104,0.533245355801443,0.01467509920634938,0.0,0.0,0.012508806562727341,0.0,0.0,0.46634615384615385,0.0,0.0,0.4568317937265252,0.0,0.0,0.0,0.0
997,62,0.7435483870967746,0.2903225806451642,0.9748596046629496,0.5318803852002043,0.014397251717676285,0.0,0.0,0.012535506660757603,0.0,0.0,0.4435483870967742,0.0,0.0,0.45686771414090216,0.0,0.0,0.0,0.0
998,38,0.8610526315789478,0.26315789473684,0.9759738017871646,0.5311738424045507,0.01150087873462219,0.0,0.0,0.01254762119236079,0.0,0.0,0.4473684210526316,0.0,0.0,0.45788484971567833,0.0,0.0,0.0,0.0
999,49,0.6830612244897963,0.2448979591836737,0.9741986593540521,0.5282348161690043,0.007176243567752953,0.0,0.0,0.012514086886638257,0.0,0.0,0.4030612244897959,0.0,0.0,0.4580540320942515,0.0,0.0,0.0,0.0
1000,41,1.078536585365854,0.6829268292683227,0.9750356052899285,0.5284842319430334,0.01099999999999914,0.0,0.0,0.012500668425658695,0.0,0.0,0.5365853658536586,0.0,0.0,0.45890132248219734,0.0,0.0,0.0,0.0
1001,46,1.2297826086956527,0.6956521739130477,0.9761900885315963,0.5298666938027901,0.0146668395125745,0.0,0.0,0.012526370219867194,0.0,0.0,0.5760869565217391,0.0,0.0,0.45932125775923477,0.0,0.0,0.0,0.0
1002,57,1.3101754385964919,0.7719298245613666,0.9795285032008939,0.5323645970937929,0.020761745899360362,0.0,0.0,0.012573405977348543,0.0,0.0,0.5921052631578947,0.0,0.0,0.46054770856620264,0.0,0.0,0.0,0.0
1003,52,0.9421153846153849,0.5384615384615498,0.978788586515028,0.5313769293257533,0.011899441340781752,0.0,0.0,0.012555714615081029,0.0,0.0,0.4375,0.0,0.0,0.4606519090170593,0.0,0.0,0.0,0.0
1004,59,1.1779661016949157,0.6779661016949219,0.979122540068979,0.5318523026983181,0.015281442392260074,0.0,0.0,0.012556756018395062,0.0,0.0,0.5466101694915254,0.0,0.0,0.4604635828768513,0.0,0.0,0.0,0.0
1005,43,1.0460465116279074,0.41860465116279766,0.9804309907717266,0.5310820403610201,0.015639777468706064,0.0,0.0,0.012577117210875514,0.0,0.0,0.5988372093023255,0.0,0.0,0.4619967548930129,0.0,0.0,0.0,0.0
1006,53,0.9305660377358494,0.5471698113207266,0.9803566362715292,0.5319148936170233,0.01096487327701151,0.0,0.0,0.012565018881057138,0.0,0.0,0.4481132075471698,0.0,0.0,0.4616514690982776,0.0,0.0,0.0,0.0
1007,44,0.7325000000000004,0.5000000000000072,0.979460336782308,0.5328667072428503,0.009987604586303454,0.0,0.0,0.012549904467291428,0.0,0.0,0.23863636363636365,0.0,0.0,0.46036214242239804,0.0,0.0,0.0,0.0
1008,39,1.076410256410257,0.6153846153845928,0.9805754592509889,0.5335430833248775,0.013818301514154288,0.0,0.0,0.012585301358621329,0.0,0.0,0.4423076923076923,0.0,0.0,0.46057038465441996,0.0,0.0,0.0,0.0
1009,46,1.0593478260869569,0.3913043478260946,0.9813314390095387,0.5336919017657823,0.018169276659209307,0.0,0.0,0.012617500805716093,0.0,0.0,0.5869565217391305,0.0,0.0,0.4610564237872945,0.0,0.0,0.0,0.0
1010,63,0.9195238095238101,0.5238095238095183,0.9794011976047897,0.5322236882167884,0.011072247706422277,0.0,0.0,0.012588349628547399,0.0,0.0,0.42063492063492064,0.0,0.0,0.4603420278087892,0.0,0.0,0.0,0.0
1011,53,0.9764150943396231,0.3773584905660407,0.9810666801989235,0.5322236882167884,0.013636363636364043,0.0,0.0,0.012614577732770289,0.0,0.0,0.5188679245283019,0.0,0.0,0.4615345580026388,0.0,0.0,0.0,0.0
1012,52,1.0398076923076927,0.7692307692307604,0.9814256722475894,0.533637747336379,0.011123225673729729,0.0,0.0,0.012603892736044044,0.0,0.0,0.3557692307692308,0.0,0.0,0.4610857432775241,0.0,0.0,0.0,0.0
1013,56,1.047678571428572,0.6785714285714144,0.9827378660451914,0.5348059580504625,0.012937155457552188,0.0,0.0,0.012619958465406061,0.0,0.0,0.39732142857142855,0.0,0.0,0.4608876279258283,0.0,0.0,0.0,0.0
1014,46,0.6717391304347831,0.3913043478260955,0.9807282487592418,0.5341841385597098,0.009397810218977858,0.0,0.0,0.012592112381527068,0.0,0.0,0.2608695652173913,0.0,0.0,0.45925757115365134,0.0,0.0,0.0,0.0
1015,40,1.0222500000000003,0.499999999999991,0.9809670218163362,0.532318619989854,0.019480705097666022,0.0,0.0,0.012605279456538035,0.0,0.0,0.55,0.0,0.0,0.4610857432775241,0.0,0.0,0.0,0.0
1016,49,1.1361224489795922,0.7755102040816433,0.9818247359870017,0.5324939073923651,0.0194242847173762,0.0,0.0,0.012628927515333895,0.0,0.0,0.45408163265306123,0.0,0.0,0.46174350121852153,0.0,0.0,0.0,0.0
1017,35,0.951428571428572,0.8000000000000015,0.9834512914378679,0.5344722391702269,0.012030346820809135,0.0,0.0,0.01265136491358425,0.0,0.0,0.20714285714285716,0.0,0.0,0.4616636160260321,0.0,0.0,0.0,0.0
1018,55,1.0290909090909097,0.5090909090908934,0.9844594594594588,0.5354602723023787,0.015726590719644627,0.0,0.0,0.012667842490200743,0.0,0.0,0.44545454545454544,0.0,0.0,0.4615677707782971,0.0,0.0,0.0,0.0
1019,52,1.0688461538461544,0.6153846153846072,0.9833996952767897,0.534890807516507,0.01348701771414752,0.0,0.0,0.012664205744274242,0.0,0.0,0.46153846153846156,0.0,0.0,0.46076688674454036,0.0,0.0,0.0,0.0
1020,53,0.885283018867925,0.5283018867924537,0.9825375710804217,0.5347278635255901,0.010883785664579839,0.0,0.0,0.012679382701004162,0.0,0.0,0.44339622641509435,0.0,0.0,0.4602965069049553,0.0,0.0,0.0,0.0
1021,46,1.0543478260869572,0.7391304347825833,0.9822084392475845,0.5359430604982217,0.016463000678886806,0.0,0.0,0.012679970544725692,0.0,0.0,0.42934782608695654,0.0,0.0,0.4594306049822064,0.0,0.0,0.0,0.0
1022,42,0.6921428571428573,0.30952380952381914,0.9810310116929327,0.5358413828164728,0.009441377070477208,0.0,0.0,0.012662160920747002,0.0,0.0,0.39285714285714285,0.0,0.0,0.45884595831215047,0.0,0.0,0.0,0.0
1023,56,0.9896428571428577,0.4642857142857215,0.9818910679808954,0.5355146834671283,0.015690826727066537,0.0,0.0,0.012684971860883684,0.0,0.0,0.4732142857142857,0.0,0.0,0.45978559089523424,0.0,0.0,0.0,0.0
1024,44,0.8859090909090913,0.5909090909090806,0.9820561603418447,0.5369823990232991,0.011384345794392568,0.0,0.0,0.012703653838814166,0.0,0.0,0.35795454545454547,0.0,0.0,0.458973445925323,0.0,0.0,0.0,0.0
1025,43,0.9765116279069774,0.7906976744186033,0.984160219869706,0.539902280130294,0.014996428571428407,0.0,0.0,0.01273129853216736,0.0,0.0,0.2616279069767442,0.0,0.0,0.4591307003257329,0.0,0.0,0.0,0.0
1026,49,1.2059183673469394,0.6122448979591856,0.9853617150985565,0.5393212761633822,0.02218926023282026,0.0,0.0,0.012765758875741598,0.0,0.0,0.6224489795918368,0.0,0.0,0.46047551310709206,0.0,0.0,0.0,0.0
1027,61,1.1518032786885253,0.6557377049180185,0.9855703402742501,0.5386490604367701,0.01503852739726119,0.0,0.0,0.012774035227223363,0.0,0.0,0.5163934426229508,0.0,0.0,0.4613001523616049,0.0,0.0,0.0,0.0
1028,45,1.2500000000000007,0.6666666666666579,0.9854365482233496,0.5379695431472082,0.018844221105527744,0.0,0.0,0.012777172990170855,0.0,0.0,0.5444444444444444,0.0,0.0,0.4612944162436548,0.0,0.0,0.0,0.0
1029,46,1.2226086956521744,0.8695652173913127,0.9858374759054473,0.5393121639444051,0.019781920506506467,0.0,0.0,0.012795042832727213,0.0,0.0,0.4891304347826087,0.0,0.0,0.4608653748605052,0.0,0.0,0.0,0.0
1030,46,1.3602173913043483,0.7608695652173677,0.987797383632491,0.5391948078288206,0.020863621207069385,0.0,0.0,0.012853201203420253,0.0,0.0,0.6630434782608695,0.0,0.0,0.4627826792414562,0.0,0.0,0.0,0.0
1031,45,0.7273333333333337,0.2888888888888885,0.9858837870784227,0.5381958553433563,0.008512353706111595,0.0,0.0,0.012797033684871218,0.0,0.0,0.3888888888888889,0.0,0.0,0.4623374644453474,0.0,0.0,0.0,0.0
1032,42,1.0530952380952385,0.714285714285697,0.9847532308944739,0.5381092907296222,0.01397914032869775,0.0,0.0,0.0127709776482124,0.0,0.0,0.34523809523809523,0.0,0.0,0.46094942505342423,0.0,0.0,0.0,0.0
1033,45,1.2980000000000005,0.666666666666665,0.9860085574572122,0.5395273023634879,0.025004280821917163,0.0,0.0,0.01280466217735854,0.0,0.0,0.6777777777777778,0.0,0.0,0.46161878565607173,0.0,0.0,0.0,0.0
1034,45,0.7440000000000004,0.355555555555546,0.9855947765762081,0.538971638441134,0.010397515527950358,0.0,0.0,0.012791271937664262,0.0,0.0,0.40555555555555556,0.0,0.0,0.46166598653336055,0.0,0.0,0.0,0.0
1035,46,0.8091304347826089,0.6086956521739003,0.9839255481896984,0.5393166751657312,0.009432336543334868,0.0,0.0,0.01277845697793166,0.0,0.0,0.33695652173913043,0.0,0.0,0.4604793472718001,0.0,0.0,0.0,0.0
1036,49,0.9491836734693885,0.2857142857142837,0.982767411032935,0.5370653614764959,0.01720044378698181,0.0,0.0,0.012769063836045112,0.0,0.0,0.5459183673469388,0.0,0.0,0.46061486693178344,0.0,0.0,0.0,0.0
1037,51,0.756666666666667,0.6274509803921706,0.9816005709042707,0.5380772759710467,0.013357563170647659,0.0,0.0,0.012760290974052738,0.0,0.0,0.20588235294117646,0.0,0.0,0.45863492710775816,0.0,0.0,0.0,0.0
1038,57,1.1275438596491232,0.5964912280701958,0.9813494000406743,0.53762456782591,0.017892538975500645,0.0,0.0,0.012776129559243858,0.0,0.0,0.5350877192982456,0.0,0.0,0.4587909294285133,0.0,0.0,0.0,0.0
1039,39,1.2279487179487185,0.8205128205127983,0.9831749745676492,0.539572736520854,0.01848321111539946,0.0,0.0,0.012819332306684231,0.0,0.0,0.5128205128205128,0.0,0.0,0.4589267548321465,0.0,0.0,0.0,0.0
1040,41,1.3002439024390249,0.8780487804878188,0.985132328990227,0.5407166123778498,0.013479140328697747,0.0,0.0,0.012829338777241633,0.0,0.0,0.5060975609756098,0.0,0.0,0.4597668973941368,0.0,0.0,0.0,0.0
1041,51,1.0813725490196082,0.7450980392156723,0.9845648637657576,0.5416836112240742,0.012852481938942032,0.0,0.0,0.012803140174856651,0.0,0.0,0.4264705882352941,0.0,0.0,0.45892639284261894,0.0,0.0,0.0,0.0
1042,54,0.9088888888888894,0.3703703703703551,0.9851068593527367,0.540911866476694,0.011510318949343708,0.0,0.0,0.01280893375113802,0.0,0.0,0.5277777777777778,0.0,0.0,0.4604111540810096,0.0,0.0,0.0,0.0
1043,51,1.1303921568627455,0.7254901960784672,0.9865063678043801,0.5428425878757003,0.012403184165232655,0.0,0.0,0.01282402226127864,0.0,0.0,0.39705882352941174,0.0,0.0,0.46018848700967907,0.0,0.0,0.0,0.0
1044,37,0.9700000000000004,0.48648648648648696,0.9874077471967371,0.5423037716615698,0.010033547665641677,0.0,0.0,0.012815147229450912,0.0,0.0,0.5,0.0,0.0,0.46111111111111114,0.0,0.0,0.0,0.0
1045,43,0.9746511627906983,0.5116279069767388,0.9870348837209293,0.5424316605467154,0.01201203783319038,0.0,0.0,0.012806251141419565,0.0,0.0,0.4186046511627907,0.0,0.0,0.4604498164014688,0.0,0.0,0.0,0.0
1046,47,0.930425531914894,0.6382978723404277,0.9870905941098531,0.543157036584123,0.012635076567466067,0.0,0.0,0.012808136851862379,0.0,0.0,0.3829787234042553,0.0,0.0,0.459900132477326,0.0,0.0,0.0,0.0
1047,45,0.9346666666666673,0.3111111111111122,0.98782435740514,0.5428396572827415,0.009620311070448162,0.0,0.0,0.01279370501886433,0.0,0.0,0.5,0.0,0.0,0.4604243166054672,0.0,0.0,0.0,0.0
1048,42,1.080714285714286,0.4285714285714388,0.9881743035003562,0.5423002347178282,0.016571741511500884,0.0,0.0,0.012809461130917335,0.0,0.0,0.5476190476190477,0.0,0.0,0.46106745586284315,0.0,0.0,0.0,0.0
1049,44,0.565909090909091,0.1363636363636393,0.9853163911002237,0.539804041641151,0.00760537568723281,0.0,0.0,0.01278091758179928,0.0,0.0,0.29545454545454547,0.0,0.0,0.45978771177791383,0.0,0.0,0.0,0.0
1050,55,0.5452727272727276,0.4181818181818108,0.9821881369751315,0.5384223399918465,0.00804021447721155,0.0,0.0,0.012747709316306803,0.0,0.0,0.11363636363636363,0.0,0.0,0.45762841418671013,0.0,0.0,0.0,0.0
1051,48,1.0762500000000006,0.5208333333333427,0.9820552553777132,0.5384850647364663,0.013641404805914893,0.0,0.0,0.012740975289096271,0.0,0.0,0.546875,0.0,0.0,0.45738607401366094,0.0,0.0,0.0,0.0
1052,42,0.8747619047619053,0.5476190476190509,0.9802521437321345,0.5385871784401794,0.019752688172043467,0.0,0.0,0.012720243527976436,0.0,0.0,0.35714285714285715,0.0,0.0,0.456027970600245,0.0,0.0,0.0,0.0
1053,47,1.1646808510638305,0.4255319148936137,0.9807373366013061,0.5373774509803918,0.01505500550055071,0.0,0.0,0.012713898946838853,0.0,0.0,0.5957446808510638,0.0,0.0,0.456469566993464,0.0,0.0,0.0,0.0
1054,52,0.8844230769230774,0.5384615384615391,0.9803855594191031,0.5373286970750661,0.010757894736842175,0.0,0.0,0.012713958124168583,0.0,0.0,0.34134615384615385,0.0,0.0,0.4558958887298016,0.0,0.0,0.0,0.0
1055,50,1.3380000000000003,0.6600000000000178,0.9805243254292713,0.5356704824202777,0.020565631724562352,0.0,0.0,0.012715246446578055,0.0,0.0,0.66,0.0,0.0,0.45686835650040886,0.0,0.0,0.0,0.0
1056,52,1.1171153846153852,0.6153846153846153,0.981566240409206,0.5368797953964192,0.015041429311237841,0.0,0.0,0.012739167841693948,0.0,0.0,0.5192307692307693,0.0,0.0,0.4569309462915601,0.0,0.0,0.0,0.0
1057,46,1.191739130434783,0.7173913043478573,0.9821682185613413,0.5377059244858282,0.018104359313078525,0.0,0.0,0.012759415966799857,0.0,0.0,0.4945652173913043,0.0,0.0,0.4565895835465057,0.0,0.0,0.0,0.0
1058,33,0.8572727272727276,0.6060606060606083,0.981419791026428,0.5368776889981558,0.00820475638051051,0.0,0.0,0.012746779916738839,0.0,0.0,0.4015151515151515,0.0,0.0,0.45651505838967427,0.0,0.0,0.0,0.0
1059,56,0.8646428571428577,0.5714285714285652,0.9805084398976972,0.5373913043478258,0.011743875818579124,0.0,0.0,0.012726301015903108,0.0,0.0,0.375,0.0,0.0,0.45565217391304347,0.0,0.0,0.0,0.0
1060,47,0.975106382978724,0.4255319148936191,0.9811928388746792,0.5382097186700765,0.022620927936821474,0.0,0.0,0.012761957732292092,0.0,0.0,0.48404255319148937,0.0,0.0,0.45580562659846546,0.0,0.0,0.0,0.0
1061,53,0.7184905660377362,0.6415094339622758,0.9807004089979539,0.539366053169734,0.010951970089157697,0.0,0.0,0.01276134733749697,0.0,0.0,0.2169811320754717,0.0,0.0,0.45488241308793453,0.0,0.0,0.0,0.0
1062,61,0.9972131147540989,0.590163934426231,0.9800316908607636,0.5386424044162744,0.013706624605679044,0.0,0.0,0.012763557836071773,0.0,0.0,0.4057377049180328,0.0,0.0,0.45476385197301167,0.0,0.0,0.0,0.0
1063,55,0.7789090909090913,0.5454545454545545,0.9784433769419449,0.5381234668847095,0.01221905305191138,0.0,0.0,0.012744510446592843,0.0,0.0,0.33181818181818185,0.0,0.0,0.4537765739983647,0.0,0.0,0.0,0.0
1064,55,0.7194545454545459,0.3636363636363547,0.9752019633909387,0.5372737498721747,0.009809122459097784,0.0,0.0,0.012724172391754803,0.0,0.0,0.37272727272727274,0.0,0.0,0.451937825953574,0.0,0.0,0.0,0.0
1065,46,0.9236956521739136,0.5652173913043591,0.9755647636586852,0.5373439738080621,0.013391112511818471,0.0,0.0,0.012759903971223476,0.0,0.0,0.3858695652173913,0.0,0.0,0.45222017597708203,0.0,0.0,0.0,0.0
1066,48,0.9881250000000007,0.6249999999999822,0.9749155837511501,0.537398956308196,0.02411286222674078,0.0,0.0,0.012787635739910843,0.0,0.0,0.4166666666666667,0.0,0.0,0.45185715747467514,0.0,0.0,0.0,0.0
1067,41,0.9402439024390247,0.34146341463414187,0.9732325819672122,0.5356557377049178,0.014691310975610267,0.0,0.0,0.012777475860844385,0.0,0.0,0.573170731707317,0.0,0.0,0.4515112704918033,0.0,0.0,0.0,0.0
1068,41,0.7087804878048785,0.3902439024390128,0.9727848878877844,0.5350670625575916,0.01036376604850197,0.0,0.0,0.01279695659142549,0.0,0.0,0.32926829268292684,0.0,0.0,0.451469233131975,0.0,0.0,0.0,0.0
1069,59,1.257118644067797,0.6101694915254078,0.9742259285787367,0.5363757290494215,0.01695701874714158,0.0,0.0,0.01282561753132951,0.0,0.0,0.614406779661017,0.0,0.0,0.4518315767932058,0.0,0.0,0.0,0.0
1070,48,1.1247916666666673,0.41666666666666785,0.9746638010439047,0.5358714563504243,0.01430198675496732,0.0,0.0,0.012834945882238777,0.0,0.0,0.6197916666666666,0.0,0.0,0.45238460751202536,0.0,0.0,0.0,0.0
1071,57,1.0043859649122813,0.4561403508771913,0.9771018196687788,0.536291147004702,0.016090500281056585,0.0,0.0,0.01287031401486588,0.0,0.0,0.4824561403508772,0.0,0.0,0.45420159476589655,0.0,0.0,0.0,0.0
1072,62,1.1654838709677424,0.6290322580645048,0.979522692503824,0.5371749107598158,0.016190902980057938,0.0,0.0,0.012905047149909565,0.0,0.0,0.5483870967741935,0.0,0.0,0.45553289138194797,0.0,0.0,0.0,0.0
1073,51,1.3507843137254905,0.8431372549019158,0.9812438825448607,0.5385399673735719,0.016239981140971374,0.0,0.0,0.012918434599354343,0.0,0.0,0.5686274509803921,0.0,0.0,0.45585236541598695,0.0,0.0,0.0,0.0
1074,37,1.197567567567568,0.7027027027026974,0.9816925117322989,0.5389716384411336,0.01612445414847224,0.0,0.0,0.012936038695661522,0.0,0.0,0.49324324324324326,0.0,0.0,0.4556723117731075,0.0,0.0,0.0,0.0
1075,38,1.2100000000000004,0.5789473684210558,0.9829184111099757,0.5391606249361781,0.015666098807496313,0.0,0.0,0.012966691902115197,0.0,0.0,0.5328947368421053,0.0,0.0,0.4563463698560196,0.0,0.0,0.0,0.0
1076,59,0.844745762711865,0.3559322033898252,0.9820918367346931,0.5384693877551013,0.010834782608695552,0.0,0.0,0.012969748259268297,0.0,0.0,0.4533898305084746,0.0,0.0,0.45589285714285716,0.0,0.0,0.0,0.0
1077,45,0.8455555555555558,0.4444444444444641,0.981542151459481,0.5377628087364761,0.009016587677725518,0.0,0.0,0.012950297595001489,0.0,0.0,0.4111111111111111,0.0,0.0,0.455883853847724,0.0,0.0,0.0,0.0
1078,54,0.9240740740740745,0.3703703703703663,0.981658327376697,0.5368120085775546,0.010549682875264687,0.0,0.0,0.012936336845504832,0.0,0.0,0.5277777777777778,0.0,0.0,0.4563463698560196,0.0,0.0,0.0,0.0
1079,47,0.9853191489361706,0.44680851063828825,0.981651010822952,0.537471921584643,0.01604643104643136,0.0,0.0,0.012944563824172523,0.0,0.0,0.5585106382978723,0.0,0.0,0.45601899121911377,0.0,0.0,0.0,0.0
1080,59,1.0933898305084755,0.508474576271184,0.9816311115647639,0.5366949066040615,0.016373096446700933,0.0,0.0,0.012947185611007161,0.0,0.0,0.5805084745762712,0.0,0.0,0.4569766254976013,0.0,0.0,0.0,0.0
1081,55,1.1101818181818184,0.5636363636363727,0.983358521392831,0.5374246911058912,0.014788084281908068,0.0,0.0,0.012957905104833576,0.0,0.0,0.5363636363636364,0.0,0.0,0.45782701929949965,0.0,0.0,0.0,0.0
1082,49,0.8908163265306126,0.6734693877550774,0.9843449402634527,0.5388542836720097,0.010502887391722338,0.0,0.0,0.012952376985411991,0.0,0.0,0.33163265306122447,0.0,0.0,0.45787807617686105,0.0,0.0,0.0,0.0
1083,53,1.0977358490566045,0.5471698113207614,0.984743929810242,0.539685778412568,0.018475706573515504,0.0,0.0,0.012960932412200322,0.0,0.0,0.5707547169811321,0.0,0.0,0.4576872066925117,0.0,0.0,0.0,0.0
1084,49,1.3571428571428577,0.7551020408163731,0.9871195430436548,0.5409016727866172,0.018154518154519055,0.0,0.0,0.012974884733623744,0.0,0.0,0.5561224489795918,0.0,0.0,0.45853733170134636,0.0,0.0,0.0,0.0
1085,47,0.8963829787234044,0.382978723404275,0.9865890998162882,0.5393957950602158,0.010503615058588713,0.0,0.0,0.012962774231615098,0.0,0.0,0.5159574468085106,0.0,0.0,0.4592518881404368,0.0,0.0,0.0,0.0
1086,49,1.220816326530613,0.7755102040816064,0.9875859255481888,0.5410504844467102,0.02146393972012847,0.0,0.0,0.012991936457676479,0.0,0.0,0.5255102040816326,0.0,0.0,0.4591789903110658,0.0,0.0,0.0,0.0
1087,52,0.9467307692307696,0.4615384615384676,0.9850285364859347,0.5394415002038315,0.012164566345440855,0.0,0.0,0.012952946379511377,0.0,0.0,0.46153846153846156,0.0,0.0,0.457985120260905,0.0,0.0,0.0,0.0
1088,44,0.8247727272727274,0.4318181818182049,0.9834929692276333,0.538822090890564,0.010105820105820588,0.0,0.0,0.012937609410730234,0.0,0.0,0.4602272727272727,0.0,0.0,0.45756062767475036,0.0,0.0,0.0,0.0
1089,62,0.98241935483871,0.45161290322581293,0.9831960545047786,0.5377262558470608,0.01125669931620771,0.0,0.0,0.012915603585311448,0.0,0.0,0.5564516129032258,0.0,0.0,0.45818080130160665,0.0,0.0,0.0,0.0
1090,55,0.6301818181818184,0.5090909090909267,0.9818305705278138,0.5373741482762123,0.007554489973844923,0.0,0.0,0.012903438791016835,0.0,0.0,0.1409090909090909,0.0,0.0,0.45693074341503104,0.0,0.0,0.0,0.0
1091,47,0.8914893617021281,0.46808510638297474,0.9815242353419361,0.5371405344985261,0.014069845533915458,0.0,0.0,0.012908786203799736,0.0,0.0,0.4574468085106383,0.0,0.0,0.45676252413372626,0.0,0.0,0.0,0.0
1092,57,0.8650877192982459,0.49122807017545816,0.980675195451314,0.5369073002335258,0.012073947110676301,0.0,0.0,0.012902897005741654,0.0,0.0,0.42543859649122806,0.0,0.0,0.45608691237689103,0.0,0.0,0.0,0.0
1093,47,1.15404255319149,0.7659574468085261,0.9804812671337184,0.5377195654381156,0.016981840951784365,0.0,0.0,0.012911211654473122,0.0,0.0,0.43617021276595747,0.0,0.0,0.4557569296375267,0.0,0.0,0.0,0.0
1094,43,0.9841860465116284,0.3720930232558158,0.9804761421319786,0.5364467005076144,0.01887600356824348,0.0,0.0,0.012925433460254166,0.0,0.0,0.4941860465116279,0.0,0.0,0.4561928934010152,0.0,0.0,0.0,0.0
1095,43,1.1565116279069771,0.7209302325581527,0.9820022359995927,0.537148084154894,0.015802351445821698,0.0,0.0,0.012952520882794954,0.0,0.0,0.5116279069767442,0.0,0.0,0.4570840532574449,0.0,0.0,0.0,0.0
1096,52,0.8571153846153851,0.4230769230769219,0.980509405185561,0.5352313167259789,0.011128589263421215,0.0,0.0,0.012940340546930896,0.0,0.0,0.40384615384615385,0.0,0.0,0.4570920183019827,0.0,0.0,0.0,0.0
1097,54,0.7251851851851856,0.2592592592592544,0.9789392399918706,0.5338345864661656,0.01145029239766142,0.0,0.0,0.012923784344261547,0.0,0.0,0.5046296296296297,0.0,0.0,0.45714793741109533,0.0,0.0,0.0,0.0
1098,62,0.9937096774193557,0.5645161290322707,0.9793298812062133,0.5363996344806581,0.015915784035134044,0.0,0.0,0.012955132467009196,0.0,0.0,0.4435483870967742,0.0,0.0,0.4561630622398213,0.0,0.0,0.0,0.0
1099,47,1.1574468085106386,0.6595744680850951,0.981181366081396,0.536486349335228,0.014924554183813608,0.0,0.0,0.01297506740805464,0.0,0.0,0.5212765957446809,0.0,0.0,0.4577032375926114,0.0,0.0,0.0,0.0
1100,56,1.0192857142857148,0.571428571428554,0.9819837810440948,0.5373542828180436,0.015112523166534468,0.0,0.0,0.013002331415318116,0.0,0.0,0.5,0.0,0.0,0.4579574252407501,0.0,0.0,0.0,0.0
1101,47,0.6680851063829789,0.34042553191489716,0.9800881012658219,0.536607594936709,0.009010043041607,0.0,0.0,0.012990734489363422,0.0,0.0,0.425531914893617,0.0,0.0,0.45756962025316456,0.0,0.0,0.0,0.0
1102,43,0.9895348837209305,0.8372093023255947,0.9793987020888251,0.5375177448793349,0.010739525492176025,0.0,0.0,0.012979454769989945,0.0,0.0,0.36046511627906974,0.0,0.0,0.45649969580206856,0.0,0.0,0.0,0.0
1103,60,1.1320000000000006,0.5333333333333111,0.9815374480591864,0.5386642343164082,0.017082494969818944,0.0,0.0,0.013007995659000557,0.0,0.0,0.525,0.0,0.0,0.4576365663322185,0.0,0.0,0.0,0.0
1104,48,0.9962500000000006,0.33333333333332005,0.9832944517699558,0.5395070493964903,0.013773041474654102,0.0,0.0,0.013029517785668814,0.0,0.0,0.5885416666666666,0.0,0.0,0.45876863779287963,0.0,0.0,0.0,0.0
1105,51,0.983725490196079,0.47058823529411953,0.983603649265078,0.5379624936644702,0.016880888290713537,0.0,0.0,0.013083627616354754,0.0,0.0,0.5049019607843137,0.0,0.0,0.4600861632032438,0.0,0.0,0.0,0.0
1106,54,1.1329629629629638,0.44444444444443926,0.984625746986731,0.5377291603362705,0.018105948505475113,0.0,0.0,0.013128573782314324,0.0,0.0,0.5972222222222222,0.0,0.0,0.4607515446166312,0.0,0.0,0.0,0.0
1107,50,0.7798000000000003,0.3600000000000106,0.9827243232282264,0.5362465781202477,0.012675552665799568,0.0,0.0,0.013108519866434631,0.0,0.0,0.385,0.0,0.0,0.4600273750380209,0.0,0.0,0.0,0.0
1108,46,1.0247826086956524,0.49999999999998457,0.9833380653011556,0.5366051510849728,0.013807850029290868,0.0,0.0,0.01311913809640413,0.0,0.0,0.5489130434782609,0.0,0.0,0.4605556682214561,0.0,0.0,0.0,0.0
1109,53,0.7500000000000002,0.4339622641509544,0.9836632860040564,0.538032454361055,0.01540100736148776,0.0,0.0,0.013148225469728643,0.0,0.0,0.3867924528301887,0.0,0.0,0.46016734279918864,0.0,0.0,0.0,0.0
1110,42,0.9854761904761908,0.6190476190476495,0.9842398700111705,0.5379303341119125,0.014366539396042698,0.0,0.0,0.013152065940746735,0.0,0.0,0.40476190476190477,0.0,0.0,0.4606986899563319,0.0,0.0,0.0,0.0
1111,54,1.2609259259259264,0.6666666666666581,0.9858391643849503,0.5389919886421257,0.02139176877159971,0.0,0.0,0.013205086235351856,0.0,0.0,0.6388888888888888,0.0,0.0,0.4617178785113072,0.0,0.0,0.0,0.0
1112,49,1.2528571428571433,0.6938775510203746,0.9877202230106432,0.5401926001013686,0.011765044078190557,0.0,0.0,0.013203473820999885,0.0,0.0,0.5306122448979592,0.0,0.0,0.4621895590471363,0.0,0.0,0.0,0.0
1113,51,0.7200000000000001,0.4705882352941263,0.9854047208996042,0.5388511802249013,0.007852865697176893,0.0,0.0,0.013157212712282854,0.0,0.0,0.3333333333333333,0.0,0.0,0.46147806706514033,0.0,0.0,0.0,0.0
1114,62,1.1200000000000006,0.3548387096774076,0.9855706054786205,0.5368442332962703,0.017243605661782988,0.0,0.0,0.013185974269752468,0.0,0.0,0.6370967741935484,0.0,0.0,0.46254927726675427,0.0,0.0,0.0,0.0
1115,51,0.8362745098039222,0.352941176470602,0.9845290257445729,0.5357900050479559,0.012742754705706473,0.0,0.0,0.013177573250705761,0.0,0.0,0.4264705882352941,0.0,0.0,0.4623422513881878,0.0,0.0,0.0,0.0
1116,51,0.8629411764705889,0.4509803921568729,0.9845645372893324,0.5370874962155621,0.01961229946524053,0.0,0.0,0.013214727383305095,0.0,0.0,0.4166666666666667,0.0,0.0,0.4615753355535372,0.0,0.0,0.0,0.0
1117,58,0.9337931034482763,0.5172413793103462,0.9840250176535856,0.5370725310198732,0.013742704897235003,0.0,0.0,0.013218457469009048,0.0,0.0,0.38362068965517243,0.0,0.0,0.46080903863613437,0.0,0.0,0.0,0.0
1118,40,1.1515000000000004,0.6999999999999715,0.9851518208413189,0.5380813073741554,0.016093640810622235,0.0,0.0,0.013224006792229074,0.0,0.0,0.525,0.0,0.0,0.46106123272470495,0.0,0.0,0.0,0.0
1119,63,0.9128571428571433,0.2698412698412697,0.9834980873766855,0.5360378498087378,0.011830898991976986,0.0,0.0,0.013188486007751105,0.0,0.0,0.5277777777777778,0.0,0.0,0.46096738473927923,0.0,0.0,0.0,0.0
1120,46,1.091956521739131,0.608695652173899,0.9840646070242522,0.5356747509308646,0.019408809891808508,0.0,0.0,0.013205986459969454,0.0,0.0,0.5,0.0,0.0,0.4612055952500755,0.0,0.0,0.0,0.0
1121,47,0.8878723404255323,0.5957446808510628,0.983651657096806,0.5358114233907525,0.01319317104015159,0.0,0.0,0.013199959986644244,0.0,0.0,0.35106382978723405,0.0,0.0,0.46078875793291024,0.0,0.0,0.0,0.0
1122,60,0.8280000000000006,0.4833333333333379,0.9826714328869192,0.53539422011882,0.014590308370044618,0.0,0.0,0.013207992269213332,0.0,0.0,0.3958333333333333,0.0,0.0,0.46030107743429666,0.0,0.0,0.0,0.0
1123,57,0.8580701754385971,0.40350877192982165,0.981977668242631,0.5347550548234584,0.01445330969267117,0.0,0.0,0.013229971078446048,0.0,0.0,0.42105263157894735,0.0,0.0,0.46016497334272205,0.0,0.0,0.0,0.0
1124,54,0.6524074074074078,0.518518518518532,0.9799245017112942,0.534427219649688,0.009096307771753588,0.0,0.0,0.01321012834813862,0.0,0.0,0.23148148148148148,0.0,0.0,0.45870243607811556,0.0,0.0,0.0,0.0
1125,60,0.9490000000000006,0.4166666666666502,0.9802873505475732,0.5341103184969357,0.014600000000000809,0.0,0.0,0.013253658516706372,0.0,0.0,0.4666666666666667,0.0,0.0,0.45883150808801365,0.0,0.0,0.0,0.0
1126,41,0.8595121951219518,0.3414634146341482,0.9818042014272786,0.5349281334807519,0.016583529411764594,0.0,0.0,0.013283519980417418,0.0,0.0,0.47560975609756095,0.0,0.0,0.4594682882701779,0.0,0.0,0.0,0.0
1127,50,1.1280000000000003,0.6399999999999795,0.9826187845303863,0.5364138623807131,0.021347464042392465,0.0,0.0,0.013304205077429085,0.0,0.0,0.5,0.0,0.0,0.45924158714213964,0.0,0.0,0.0,0.0
1128,51,0.8086274509803926,0.43137254901958905,0.9816864083517362,0.536237703272435,0.010568939005637603,0.0,0.0,0.013300402702088912,0.0,0.0,0.38235294117647056,0.0,0.0,0.4585424613531419,0.0,0.0,0.0,0.0
1129,46,0.8197826086956523,0.5652173913043677,0.9806934965877151,0.5359293456443195,0.010275204359673242,0.0,0.0,0.01328230173660579,0.0,0.0,0.3695652173913043,0.0,0.0,0.4581744279405861,0.0,0.0,0.0,0.0
1130,48,1.1906250000000005,0.541666666666686,0.9805689914701449,0.5352734570998495,0.0146388319672132,0.0,0.0,0.013254635080656154,0.0,0.0,0.671875,0.0,0.0,0.458705469141997,0.0,0.0,0.0,0.0
1131,34,1.2541176470588242,0.5882352941176499,0.9817327031375699,0.5363032984714401,0.021362725450901794,0.0,0.0,0.01327900137654867,0.0,0.0,0.5955882352941176,0.0,0.0,0.4590205148833467,0.0,0.0,0.0,0.0
1132,49,0.9100000000000007,0.44897959183673875,0.9821039404905503,0.5354845195014072,0.019677846425419986,0.0,0.0,0.013322238251986127,0.0,0.0,0.5,0.0,0.0,0.45991656614394855,0.0,0.0,0.0,0.0
1133,56,0.9019642857142863,0.535714285714274,0.9815332797104358,0.5357932837321534,0.014790629575402347,0.0,0.0,0.013323702340918082,0.0,0.0,0.38839285714285715,0.0,0.0,0.45890307661371404,0.0,0.0,0.0,0.0
1134,41,0.5385365853658539,0.2926829268292625,0.9802397984886644,0.5357178841309819,0.013057362507392013,0.0,0.0,0.01331920486282247,0.0,0.0,0.17073170731707318,0.0,0.0,0.4579345088161209,0.0,0.0,0.0,0.0
1135,64,0.7318750000000004,0.4375000000000294,0.9785983095190173,0.5351177299255381,0.011289467341527547,0.0,0.0,0.013293679108333595,0.0,0.0,0.36328125,0.0,0.0,0.4575115717448179,0.0,0.0,0.0,0.0
1136,51,0.7103921568627455,0.5098039215686365,0.9770708392030584,0.5353189776615013,0.00957199471598442,0.0,0.0,0.013277357690782608,0.0,0.0,0.24509803921568626,0.0,0.0,0.4559015898571141,0.0,0.0,0.0,0.0
1137,41,1.1097560975609762,0.6829268292682967,0.9767576826196468,0.5354156171284635,0.015455163043478482,0.0,0.0,0.01329050460847505,0.0,0.0,0.5182926829268293,0.0,0.0,0.4557934508816121,0.0,0.0,0.0,0.0
1138,54,0.8544444444444449,0.5370370370370265,0.9767671067217569,0.5359266350901944,0.00974857384322831,0.0,0.0,0.013273705834018143,0.0,0.0,0.33796296296296297,0.0,0.0,0.4555829890154187,0.0,0.0,0.0,0.0
1139,50,1.2544000000000006,0.559999999999999,0.9790451248992741,0.5370668815471392,0.021472098596371433,0.0,0.0,0.01334334545953744,0.0,0.0,0.73,0.0,0.0,0.4568140612409347,0.0,0.0,0.0,0.0
1140,66,0.8812121212121216,0.37878787878788717,0.9803231652068856,0.5370985603543743,0.013370114942528528,0.0,0.0,0.013398853793283818,0.0,0.0,0.5113636363636364,0.0,0.0,0.4581193999798651,0.0,0.0,0.0,0.0
1141,49,0.9265306122448985,0.3673469387755176,0.9807696957485387,0.5366713681241183,0.01183833116036524,0.0,0.0,0.013416444899539907,0.0,0.0,0.45918367346938777,0.0,0.0,0.45861877896433606,0.0,0.0,0.0,0.0
1142,42,1.0352380952380957,0.4761904761904711,0.9805410579345082,0.5347103274559191,0.012030990592141782,0.0,0.0,0.013416458956005845,0.0,0.0,0.5416666666666666,0.0,0.0,0.4594962216624685,0.0,0.0,0.0,0.0
1143,45,0.5604444444444445,0.4000000000000049,0.978691579371474,0.5341458501208698,0.007257553956834893,0.0,0.0,0.013395422385697577,0.0,0.0,0.25555555555555554,0.0,0.0,0.458526390008058,0.0,0.0,0.0,0.0
1144,48,0.9943750000000003,0.6250000000000157,0.9773135379969797,0.5335681932561647,0.01305882352941098,0.0,0.0,0.013370508788261092,0.0,0.0,0.40625,0.0,0.0,0.45754906894816305,0.0,0.0,0.0,0.0
1145,60,0.9456666666666671,0.6333333333333273,0.9787237463571493,0.5349211134559336,0.011464942412608549,0.0,0.0,0.01339119195919104,0.0,0.0,0.425,0.0,0.0,0.45827052557531905,0.0,0.0,0.0,0.0
1146,47,0.9908510638297877,0.46808510638299067,0.9785088864343804,0.5344914148006823,0.013222600795003113,0.0,0.0,0.013409414277182945,0.0,0.0,0.5,0.0,0.0,0.45815342905914247,0.0,0.0,0.0,0.0
1147,40,1.1680000000000006,0.474999999999989,0.9786916733708763,0.5329847144006431,0.01812960807140041,0.0,0.0,0.013427637551705273,0.0,0.0,0.575,0.0,0.0,0.4588948109412711,0.0,0.0,0.0,0.0
1148,44,0.9200000000000004,0.681818181818196,0.9772654991948462,0.5316022544283404,0.012478421701603447,0.0,0.0,0.013415867848981383,0.0,0.0,0.3465909090909091,0.0,0.0,0.45871074879227053,0.0,0.0,0.0,0.0
1149,53,1.0109433962264156,0.6792452830188922,0.9776888217522652,0.5329305135951653,0.017063694267516298,0.0,0.0,0.013455272440006442,0.0,0.0,0.42452830188679247,0.0,0.0,0.458484390735146,0.0,0.0,0.0,0.0
1150,46,0.9760869565217396,0.43478260869565827,0.9761126221416333,0.531278331822302,0.012510448592922776,0.0,0.0,0.013456937915327155,0.0,0.0,0.5978260869565217,0.0,0.0,0.458698499043014,0.0,0.0,0.0,0.0
1151,51,1.2776470588235302,0.8235294117646875,0.9776591458501203,0.533440773569701,0.016212988305548053,0.0,0.0,0.013477314256833002,0.0,0.0,0.4950980392156863,0.0,0.0,0.4584508460918614,0.0,0.0,0.0,0.0
1152,49,1.2604081632653068,0.6122448979591867,0.9784523089332521,0.5340794515023182,0.024391785150078574,0.0,0.0,0.01350889452825388,0.0,0.0,0.6224489795918368,0.0,0.0,0.458736640451704,0.0,0.0,0.0,0.0
1153,52,0.9390384615384622,0.7115384615384722,0.9775136006447707,0.5349586943381012,0.014307061236449,0.0,0.0,0.01350285426413987,0.0,0.0,0.39903846153846156,0.0,0.0,0.4577624420713278,0.0,0.0,0.0,0.0
1154,47,1.2280851063829792,0.5957446808510811,0.9792558983666054,0.534785238959467,0.0149922077922076,0.0,0.0,0.013518615436865692,0.0,0.0,0.5957446808510638,0.0,0.0,0.45939201451905626,0.0,0.0,0.0,0.0
1155,48,1.156041666666667,0.5833333333333306,0.9817488156435836,0.5362362665053919,0.014722738126823266,0.0,0.0,0.013546438610131025,0.0,0.0,0.578125,0.0,0.0,0.46056345126499343,0.0,0.0,0.0,0.0
1156,59,0.8927118644067802,0.4067796610169608,0.9809255715580616,0.5365092154295492,0.011751450245426188,0.0,0.0,0.013507406487975344,0.0,0.0,0.4957627118644068,0.0,0.0,0.46004129318158926,0.0,0.0,0.0,0.0
1157,55,1.081454545454546,0.7090909090909345,0.9823695586609021,0.5374484769277164,0.011498163541465904,0.0,0.0,0.013501948267285745,0.0,0.0,0.4681818181818182,0.0,0.0,0.46086759827083545,0.0,0.0,0.0,0.0
1158,56,1.2144642857142867,0.6428571428571511,0.9833935924475238,0.5385156171537608,0.018297013720742102,0.0,0.0,0.013522790832568053,0.0,0.0,0.5848214285714286,0.0,0.0,0.46115797931103747,0.0,0.0,0.0,0.0
1159,42,0.9302380952380958,0.7142857142857186,0.9809877288271972,0.5381211023938844,0.014454310025897369,0.0,0.0,0.013534282617715799,0.0,0.0,0.35714285714285715,0.0,0.0,0.46009354254677126,0.0,0.0,0.0,0.0
1160,50,1.1348000000000005,0.6800000000000088,0.9818318076652243,0.5381752338798912,0.014931578947369354,0.0,0.0,0.013554666451874576,0.0,0.0,0.47,0.0,0.0,0.4605673473493612,0.0,0.0,0.0,0.0
1161,55,1.0272727272727276,0.4727272727272648,0.9819929683576086,0.5375188347564036,0.016911104459743375,0.0,0.0,0.013572232827739462,0.0,0.0,0.4681818181818182,0.0,0.0,0.4607232546459066,0.0,0.0,0.0,0.0
1162,44,0.8554545454545459,0.6363636363636236,0.9822548231511247,0.5388866559485528,0.009997343957503435,0.0,0.0,0.01356136770681459,0.0,0.0,0.30113636363636365,0.0,0.0,0.4603094855305466,0.0,0.0,0.0,0.0
1163,50,1.0446000000000004,0.6400000000000026,0.9814581449100583,0.5388403175560241,0.011428884026258216,0.0,0.0,0.013542205995931778,0.0,0.0,0.53,0.0,0.0,0.4599286503868958,0.0,0.0,0.0,0.0
1164,49,0.9775510204081638,0.7142857142857112,0.9834637826961761,0.5418511066398387,0.009845837615621456,0.0,0.0,0.013547947635533167,0.0,0.0,0.37755102040816324,0.0,0.0,0.45983400402414487,0.0,0.0,0.0,0.0
1165,47,0.9908510638297877,0.6170212765957397,0.9825537904685291,0.5410215161874116,0.01573842514362953,0.0,0.0,0.013545740966368848,0.0,0.0,0.39361702127659576,0.0,0.0,0.45935551980695755,0.0,0.0,0.0,0.0
1166,53,0.9271698113207553,0.4528301886792634,0.9816753821399828,0.5400241351568782,0.011127717391303759,0.0,0.0,0.013523673889522364,0.0,0.0,0.4858490566037736,0.0,0.0,0.4593473451327434,0.0,0.0,0.0,0.0
1167,54,0.8990740740740745,0.5925925925925799,0.9818154402895045,0.5396059509449131,0.010091457077530775,0.0,0.0,0.013507746095143842,0.0,0.0,0.4351851851851852,0.0,0.0,0.4600170888620828,0.0,0.0,0.0,0.0
1168,54,1.085185185185186,0.6666666666666645,0.982224008036162,0.5402310396785532,0.015902306648575247,0.0,0.0,0.013521679126252587,0.0,0.0,0.5,0.0,0.0,0.46012054244098444,0.0,0.0,0.0,0.0
1169,46,0.6700000000000004,0.4347826086956628,0.9813100261201521,0.5394816154309824,0.01171863117870755,0.0,0.0,0.01353281666061702,0.0,0.0,0.30978260869565216,0.0,0.0,0.4601918826602371,0.0,0.0,0.0,0.0
1170,47,1.2300000000000004,0.4680851063829485,0.9821888196259798,0.5391112004826057,0.017287679425836772,0.0,0.0,0.01354386329763272,0.0,0.0,0.7287234042553191,0.0,0.0,0.46103961391514175,0.0,0.0,0.0,0.0
1171,51,0.9309803921568632,0.5294117647059123,0.9827566425120767,0.539452495974235,0.011267204556241554,0.0,0.0,0.013533302195753797,0.0,0.0,0.45588235294117646,0.0,0.0,0.46125201288244766,0.0,0.0,0.0,0.0
1172,45,0.7775555555555561,0.355555555555555,0.9820898378487254,0.5394299526639137,0.01064496501369008,0.0,0.0,0.013529067355572045,0.0,0.0,0.35,0.0,0.0,0.46067076241313326,0.0,0.0,0.0,0.0
1173,53,1.0800000000000005,0.4905660377358556,0.9836370959621382,0.540328265028698,0.01501180173092056,0.0,0.0,0.013546063688756067,0.0,0.0,0.6037735849056604,0.0,0.0,0.46178632564696404,0.0,0.0,0.0,0.0
1174,59,0.8842372881355938,0.4745762711864465,0.9834295194047853,0.5389101146189424,0.011114188325521806,0.0,0.0,0.013542346528361454,0.0,0.0,0.4025423728813559,0.0,0.0,0.4625980293585361,0.0,0.0,0.0,0.0
1175,60,1.066666666666667,0.699999999999977,0.9826519947743942,0.5390413023816701,0.01124780316344495,0.0,0.0,0.013535012803654288,0.0,0.0,0.3958333333333333,0.0,0.0,0.46136066726962116,0.0,0.0,0.0,0.0
1176,38,1.2539473684210531,0.5263157894736857,0.9844004433696087,0.5385933091495365,0.027687391051713844,0.0,0.0,0.01359927668679124,0.0,0.0,0.7302631578947368,0.0,0.0,0.46347239016525593,0.0,0.0,0.0,0.0
1177,40,0.39875,0.20000000000000787,0.9815239536056476,0.5376701966717096,0.003719682835821038,0.0,0.0,0.01353429812752423,0.0,0.0,0.28125,0.0,0.0,0.4622289460413515,0.0,0.0,0.0,0.0
1178,60,0.7123333333333337,0.5666666666666457,0.9803609598709415,0.5387174833635813,0.008044419348766936,0.0,0.0,0.01350784918451841,0.0,0.0,0.25,0.0,0.0,0.4608540028231498,0.0,0.0,0.0,0.0
1179,34,0.9867647058823534,0.4117647058823603,0.9802151080589778,0.538578065037366,0.011224489795918361,0.0,0.0,0.01349772142885954,0.0,0.0,0.5441176470588235,0.0,0.0,0.4609674813169057,0.0,0.0,0.0,0.0
1180,41,0.985365853658537,0.6829268292682966,0.9802151080589776,0.5399919208240759,0.01159586681974752,0.0,0.0,0.013472690501605348,0.0,0.0,0.35365853658536583,0.0,0.0,0.4602605534235508,0.0,0.0,0.0,0.0
1181,58,0.9872413793103454,0.517241379310358,0.980664176844655,0.5400222065206419,0.014120838471023842,0.0,0.0,0.013482880362376817,0.0,0.0,0.5258620689655172,0.0,0.0,0.46068436459069345,0.0,0.0,0.0,0.0
1182,63,1.1261904761904769,0.603174603174612,0.9812718103883004,0.540796772566818,0.01745816929133862,0.0,0.0,0.013508090156582832,0.0,0.0,0.5476190476190477,0.0,0.0,0.4606152294503278,0.0,0.0,0.0,0.0
1183,51,1.0715686274509808,0.6274509803921562,0.9827559769998987,0.5419146575204278,0.011240230357877464,0.0,0.0,0.013525191242416301,0.0,0.0,0.47549019607843135,0.0,0.0,0.4607333804095632,0.0,0.0,0.0,0.0
1184,42,0.8885714285714291,0.4285714285714314,0.9814099717400079,0.541077916834881,0.016825969341749444,0.0,0.0,0.013520765431549498,0.0,0.0,0.5297619047619048,0.0,0.0,0.4605874041178845,0.0,0.0,0.0,0.0
1185,60,1.354500000000001,0.98333333333331,0.9838119709794436,0.5438331318016928,0.018622823098074864,0.0,0.0,0.013552547379467494,0.0,0.0,0.5,0.0,0.0,0.4607013301088271,0.0,0.0,0.0,0.0
1186,53,1.143396226415095,0.6792452830188476,0.9843293051359516,0.5446122860020141,0.014192037470725843,0.0,0.0,0.013565442948027634,0.0,0.0,0.44339622641509435,0.0,0.0,0.4600704934541793,0.0,0.0,0.0,0.0
1187,57,0.9589473684210532,0.5263157894736771,0.9836168713509157,0.5442923293738674,0.01266743916570146,0.0,0.0,0.013555027481140585,0.0,0.0,0.4780701754385965,0.0,0.0,0.4597342460237568,0.0,0.0,0.0,0.0
1188,49,0.8040816326530617,0.6122448979591975,0.982984488315874,0.544016921837228,0.009837702871411136,0.0,0.0,0.013535126723604742,0.0,0.0,0.3673469387755102,0.0,0.0,0.4598106365834005,0.0,0.0,0.0,0.0
1189,54,1.0987037037037042,0.7407407407407258,0.9837321392634331,0.5440732541758906,0.012864267129228174,0.0,0.0,0.013530016635158649,0.0,0.0,0.5231481481481481,0.0,0.0,0.46068122358623464,0.0,0.0,0.0,0.0
1190,38,0.7165789473684214,0.47368421052630916,0.984430673115679,0.5443369609028618,0.010953338696701384,0.0,0.0,0.013566248965467506,0.0,0.0,0.2236842105263158,0.0,0.0,0.4606257557436518,0.0,0.0,0.0,0.0
1191,53,0.7247169811320759,0.33962264150942795,0.9830999395526897,0.5426153536167638,0.009612112112111488,0.0,0.0,0.013566691691691753,0.0,0.0,0.37735849056603776,0.0,0.0,0.4606588756800322,0.0,0.0,0.0,0.0
1192,51,0.9852941176470594,0.647058823529425,0.9839412892161805,0.5438313325935639,0.016794786096256394,0.0,0.0,0.013587664712200366,0.0,0.0,0.4019607843137255,0.0,0.0,0.4604307475032785,0.0,0.0,0.0,0.0
1193,43,1.2476744186046518,0.6976744186046416,0.9833625996568773,0.5433444343526087,0.013279702970297118,0.0,0.0,0.013570431813180909,0.0,0.0,0.5523255813953488,0.0,0.0,0.46011201937632457,0.0,0.0,0.0,0.0
1194,46,0.9291304347826091,0.6956521739130167,0.9831870017156118,0.5443536179231002,0.010416768218376695,0.0,0.0,0.01355969947750959,0.0,0.0,0.29347826086956524,0.0,0.0,0.4588757695024725,0.0,0.0,0.0,0.0
1195,57,1.1068421052631585,0.6666666666666735,0.9838827912596917,0.5453630047326553,0.013248635027299857,0.0,0.0,0.013554954712494812,0.0,0.0,0.43859649122807015,0.0,0.0,0.4585137448393918,0.0,0.0,0.0,0.0
1196,51,1.1225490196078436,0.47058823529410637,0.9837885196374621,0.5442094662638468,0.01465318658817495,0.0,0.0,0.013554641647033423,0.0,0.0,0.5392156862745098,0.0,0.0,0.4588872104733132,0.0,0.0,0.0,0.0
1197,51,0.6862745098039221,0.5490196078431457,0.9837604597237622,0.5458211513257384,0.011207172590457965,0.0,0.0,0.013540724499920278,0.0,0.0,0.2107843137254902,0.0,0.0,0.4577074301844944,0.0,0.0,0.0,0.0
1198,56,1.1114285714285719,0.7142857142857116,0.9849491798329474,0.547851464224615,0.011586001489202817,0.0,0.0,0.013534228844989154,0.0,0.0,0.41964285714285715,0.0,0.0,0.45753245446311763,0.0,0.0,0.0,0.0
1199,42,0.9676190476190482,0.5714285714285783,0.9863655589123865,0.54944612286002,0.014165214360404643,0.0,0.0,0.013577845950812899,0.0,0.0,0.47023809523809523,0.0,0.0,0.4578549848942598,0.0,0.0,0.0,0.0
1200,48,0.8139583333333339,0.6458333333333357,0.9851524605011572,0.5493609741370631,0.012490409207160961,0.0,0.0,0.013587508241091013,0.0,0.0,0.21875,0.0,0.0,0.4563751635302405,0.0,0.0,0.0,0.0
1201,47,1.570851063829788,1.085106382978787,0.9867900986113906,0.5512175488025759,0.02347535771065185,0.0,0.0,0.01362492931701136,0.0,0.0,0.6329787234042553,0.0,0.0,0.45665626886697525,0.0,0.0,0.0,0.0
1202,47,1.2602127659574474,0.6808510638297942,0.9862278404512489,0.5505640612409349,0.023318897637795613,0.0,0.0,0.013623470515064646,0.0,0.0,0.6063829787234043,0.0,0.0,0.4565874294923449,0.0,0.0,0.0,0.0
1203,42,0.6900000000000004,0.42857142857142916,0.9852046783625731,0.550110909457552,0.008325193909795832,0.0,0.0,0.013607670561365958,0.0,0.0,0.26785714285714285,0.0,0.0,0.45588828392821135,0.0,0.0,0.0,0.0
1204,50,1.1150000000000007,0.7599999999999941,0.9847118780906249,0.5504087193460491,0.014748677248677759,0.0,0.0,0.013603070951984039,0.0,0.0,0.43,0.0,0.0,0.45521747905944093,0.0,0.0,0.0,0.0
1205,49,1.0765306122448985,0.6530612244897999,0.984899646999496,0.5514876449823499,0.019486516438861432,0.0,0.0,0.013617111470257334,0.0,0.0,0.4387755102040816,0.0,0.0,0.4545133635905194,0.0,0.0,0.0,0.0
1206,53,0.9384905660377363,0.6037735849056389,0.9849420070600101,0.551790216843167,0.013476022758059834,0.0,0.0,0.013633038588575667,0.0,0.0,0.4339622641509434,0.0,0.0,0.4544377206253152,0.0,0.0,0.0,0.0
1207,66,1.2221212121212126,0.6363636363636853,0.9876351011371642,0.5525812619502872,0.014486350574713567,0.0,0.0,0.013656018712421825,0.0,0.0,0.625,0.0,0.0,0.45652611452148534,0.0,0.0,0.0,0.0
1208,50,1.0748000000000004,0.520000000000022,0.987725170888621,0.5521712907117013,0.015402694181713668,0.0,0.0,0.013663807608765259,0.0,0.0,0.54,0.0,0.0,0.4570014073180539,0.0,0.0,0.0,0.0
1209,50,1.0348000000000004,0.7000000000000253,0.9876306270096462,0.553657556270097,0.01434433046853315,0.0,0.0,0.013650434765701573,0.0,0.0,0.42,0.0,0.0,0.4562148311897106,0.0,0.0,0.0,0.0
1210,50,0.9832000000000004,0.45999999999999686,0.9880400442700474,0.5533755911057456,0.01292663686563204,0.0,0.0,0.013665375291881393,0.0,0.0,0.465,0.0,0.0,0.45648455579032093,0.0,0.0,0.0,0.0
1211,56,0.9105357142857147,0.571428571428576,0.9876654596660631,0.5544156105411392,0.011994824747118653,0.0,0.0,0.013655652439957243,0.0,0.0,0.3794642857142857,0.0,0.0,0.45571816535908266,0.0,0.0,0.0,0.0
1212,42,1.221428571428572,0.714285714285686,0.9883809907370117,0.5539669754329447,0.011864014801110323,0.0,0.0,0.013662002997774711,0.0,0.0,0.5535714285714286,0.0,0.0,0.4566552557390254,0.0,0.0,0.0,0.0
1213,42,0.6421428571428575,0.285714285714285,0.9865799556362169,0.5521274450494058,0.008012477718359692,0.0,0.0,0.013640076725344535,0.0,0.0,0.30357142857142855,0.0,0.0,0.4563420044363783,0.0,0.0,0.0,0.0
1214,58,1.0568965517241384,0.6551724137930575,0.9884491440080563,0.5534743202416922,0.009847389558232946,0.0,0.0,0.013626664408351589,0.0,0.0,0.46120689655172414,0.0,0.0,0.4572759315206445,0.0,0.0,0.0,0.0
1215,49,1.03530612244898,0.4897959183673515,0.9885441191266725,0.5533755911057453,0.014661849710982064,0.0,0.0,0.013614600741067222,0.0,0.0,0.5510204081632653,0.0,0.0,0.4573649260488983,0.0,0.0,0.0,0.0
1216,44,0.7740909090909095,0.3181818181818133,0.9868663176967986,0.5512381719347698,0.008673287496817051,0.0,0.0,0.013564712898302746,0.0,0.0,0.4772727272727273,0.0,0.0,0.4574692973625931,0.0,0.0,0.0,0.0
1217,55,0.9769090909090913,0.5636363636363554,0.9869359051637528,0.5504319871408481,0.012009387572641566,0.0,0.0,0.013560970088166067,0.0,0.0,0.4909090909090909,0.0,0.0,0.45853425758489047,0.0,0.0,0.0,0.0
1218,61,1.0342622950819678,0.5901639344261848,0.9869929718875498,0.5509036144578314,0.014837723424270395,0.0,0.0,0.013557707955789899,0.0,0.0,0.5081967213114754,0.0,0.0,0.45891064257028114,0.0,0.0,0.0,0.0
1219,48,1.0377083333333337,0.6458333333333335,0.9868099638408996,0.5510245078344718,0.013913407821228437,0.0,0.0,0.013559867557529593,0.0,0.0,0.5052083333333334,0.0,0.0,0.459120128565689,0.0,0.0,0.0,0.0
1220,59,1.0367796610169497,0.745762711864393,0.987646055009034,0.5522987351937362,0.013149183147033216,0.0,0.0,0.013573147077731332,0.0,0.0,0.3601694915254237,0.0,0.0,0.45861774744027306,0.0,0.0,0.0,0.0
1221,53,0.9781132075471705,0.566037735849083,0.9872875915337543,0.5515096800080252,0.014424040066777352,0.0,0.0,0.013565627885821455,0.0,0.0,0.4386792452830189,0.0,0.0,0.45864680509579697,0.0,0.0,0.0,0.0
1222,60,1.2113333333333338,0.4333333333333272,0.9898748372884748,0.5518173625713431,0.017866273352998657,0.0,0.0,0.013607187148581168,0.0,0.0,0.6875,0.0,0.0,0.4602983879042756,0.0,0.0,0.0,0.0
1223,44,1.3200000000000005,0.5454545454545476,0.9913323308270674,0.5522807017543864,0.022839166338969902,0.0,0.0,0.013629401954433365,0.0,0.0,0.7045454545454546,0.0,0.0,0.4613032581453634,0.0,0.0,0.0,0.0
1224,40,0.8082500000000005,0.6000000000000034,0.9910630829405273,0.5523016748570859,0.017298020331728333,0.0,0.0,0.013649490659207897,0.0,0.0,0.35625,0.0,0.0,0.46133787985156954,0.0,0.0,0.0,0.0
1225,59,1.1132203389830515,0.5932203389830153,0.9918474016221086,0.5515169720636831,0.018933410204669175,0.0,0.0,0.013669581201251974,0.0,0.0,0.5211864406779662,0.0,0.0,0.4625513167117252,0.0,0.0,0.0,0.0
1226,50,0.9566000000000006,0.8400000000000185,0.9906207448938723,0.5526631958350025,0.010945080091532926,0.0,0.0,0.013621954124108085,0.0,0.0,0.245,0.0,0.0,0.46067781337605124,0.0,0.0,0.0,0.0
1227,49,0.7169387755102042,0.40816326530612723,0.9882908981555727,0.551323175621492,0.011435546875000058,0.0,0.0,0.013603554876088516,0.0,0.0,0.39285714285714285,0.0,0.0,0.46000400962309546,0.0,0.0,0.0,0.0
1228,44,1.069318181818182,0.5909090909091094,0.9874676691729317,0.5509774436090231,0.01237506575486519,0.0,0.0,0.013575557356443538,0.0,0.0,0.5113636363636364,0.0,0.0,0.4598496240601504,0.0,0.0,0.0,0.0
1229,45,0.9551111111111115,0.5777777777777863,0.9862372167635846,0.5496290354922805,0.014486012807550047,0.0,0.0,0.013554965467443529,0.0,0.0,0.4388888888888889,0.0,0.0,0.45962001203128133,0.0,0.0,0.0,0.0
1230,43,1.021162790697675,0.46511627906977543,0.9846625213118037,0.5482900411192465,0.017342022116903028,0.0,0.0,0.013537964080113103,0.0,0.0,0.5930232558139535,0.0,0.0,0.4592568448500652,0.0,0.0,0.0,0.0
1231,47,1.0225531914893624,0.68085106382975,0.9860022059560808,0.5500852301213282,0.01279552715654919,0.0,0.0,0.01356076653207126,0.0,0.0,0.4787234042553192,0.0,0.0,0.4596660984658578,0.0,0.0,0.0,0.0
1232,44,0.7663636363636367,0.4999999999999971,0.9847508771929817,0.5491729323308276,0.00986541837331788,0.0,0.0,0.01354152938419337,0.0,0.0,0.36363636363636365,0.0,0.0,0.45972431077694237,0.0,0.0,0.0,0.0
1233,37,1.1167567567567573,0.540540540540545,0.9838266278719767,0.548610414367413,0.024135514018690928,0.0,0.0,0.01352960817698406,0.0,0.0,0.6283783783783784,0.0,0.0,0.4593659074947326,0.0,0.0,0.0,0.0
1234,45,1.2162222222222225,0.6666666666666687,0.9859586635898457,0.5500150496638916,0.0161923076923083,0.0,0.0,0.013555935364437239,0.0,0.0,0.6666666666666666,0.0,0.0,0.4605447978328484,0.0,0.0,0.0,0.0
1235,51,1.1515686274509809,0.6666666666666661,0.9876213397513028,0.5503409546730854,0.015207146556187484,0.0,0.0,0.013587181758231483,0.0,0.0,0.5686274509803921,0.0,0.0,0.4616676694745287,0.0,0.0,0.0,0.0
1236,46,0.8784782608695657,0.5652173913043331,0.9873066506169116,0.5517103019360022,0.012910543130990826,0.0,0.0,0.013570790383692688,0.0,0.0,0.40217391304347827,0.0,0.0,0.46097903500852644,0.0,0.0,0.0,0.0
1237,41,0.6946341463414637,0.2926829268292704,0.9872828597248711,0.5502560498041976,0.011931294511939219,0.0,0.0,0.013566240690098633,0.0,0.0,0.4695121951219512,0.0,0.0,0.46232051410784214,0.0,0.0,0.0,0.0
1238,48,1.0083333333333337,0.6666666666666526,0.9865809045226122,0.5505527638190957,0.013836477987420721,0.0,0.0,0.013546100856663466,0.0,0.0,0.3958333333333333,0.0,0.0,0.4615829145728643,0.0,0.0,0.0,0.0
1239,50,0.9112000000000003,0.49999999999999345,0.9852575042666389,0.549242043971489,0.013198146002316816,0.0,0.0,0.013526814080131469,0.0,0.0,0.5,0.0,0.0,0.4615751430579259,0.0,0.0,0.0,0.0
1240,50,1.1684000000000005,0.6199999999999941,0.9848806419257764,0.548244734202608,0.01803086419753135,0.0,0.0,0.013547207712832776,0.0,0.0,0.54,0.0,0.0,0.4617853560682046,0.0,0.0,0.0,0.0
1241,47,1.037234042553192,0.6808510638297833,0.9846337547662043,0.547862733293197,0.01754859611231171,0.0,0.0,0.013566697313028432,0.0,0.0,0.425531914893617,0.0,0.0,0.46179510335139473,0.0,0.0,0.0,0.0
1242,54,0.9833333333333341,0.6111111111111233,0.9850371262291784,0.5491671683724667,0.016782553729456494,0.0,0.0,0.013592927215956728,0.0,0.0,0.39814814814814814,0.0,0.0,0.4610927152317881,0.0,0.0,0.0,0.0
1243,54,0.8390740740740744,0.5185185185185278,0.9835028588624728,0.5480991072324208,0.010321184510250743,0.0,0.0,0.013580692211478167,0.0,0.0,0.4305555555555556,0.0,0.0,0.46125489015949445,0.0,0.0,0.0,0.0
1244,46,0.8417391304347829,0.5434782608695672,0.9828993786329917,0.5483062738023654,0.009518190757128845,0.0,0.0,0.013575379478931103,0.0,0.0,0.32608695652173914,0.0,0.0,0.460488073762277,0.0,0.0,0.0,0.0
1245,53,0.9603773584905664,0.41509433962265846,0.9828153784541441,0.5477573087705249,0.011642268984446055,0.0,0.0,0.013571236007249927,0.0,0.0,0.5188679245283019,0.0,0.0,0.46097817380857026,0.0,0.0,0.0,0.0
1246,49,0.8618367346938781,0.530612244897932,0.9824684684684678,0.5472472472472476,0.01264749925127244,0.0,0.0,0.01357145128795812,0.0,0.0,0.37755102040816324,0.0,0.0,0.46093593593593596,0.0,0.0,0.0,0.0
1247,55,0.9589090909090914,0.6181818181818247,0.9825539999999994,0.5487000000000004,0.014760705289672318,0.0,0.0,0.013601245847176114,0.0,0.0,0.4090909090909091,0.0,0.0,0.460475,0.0,0.0,0.0,0.0
1248,53,0.6616981132075477,0.4905660377358461,0.980443512136649,0.5488962141644195,0.007893315327481557,0.0,0.0,0.013554986576513902,0.0,0.0,0.22641509433962265,0.0,0.0,0.4588702427329937,0.0,0.0,0.0,0.0
1249,38,1.3921052631578952,1.000000000000017,0.9838300849575207,0.5524237881059473,0.017674574006014413,0.0,0.0,0.013598932335667733,0.0,0.0,0.5394736842105263,0.0,0.0,0.4598950524737631,0.0,0.0,0.0,0.0
1250,57,1.033508771929825,0.4912280701754443,0.9865234335964819,0.5528130308783856,0.013906987724268736,0.0,0.0,0.013629359034361493,0.0,0.0,0.5263157894736842,0.0,0.0,0.4621764764664735,0.0,0.0,0.0,0.0
1251,41,1.1680487804878052,0.5853658536585326,0.9868369999999995,0.5531000000000005,0.021427293064877263,0.0,0.0,0.01365340900443709,0.0,0.0,0.5975609756097561,0.0,0.0,0.462325,0.0,0.0,0.0,0.0
1252,47,0.8574468085106387,0.2978723404255299,0.986699650174912,0.55192403798101,0.009385188635305268,0.0,0.0,0.013612493467418486,0.0,0.0,0.5053191489361702,0.0,0.0,0.46296851574212894,0.0,0.0,0.0,0.0
1253,46,0.8600000000000003,0.49999999999999944,0.9852808876449415,0.5522790883646546,0.01180895522388073,0.0,0.0,0.013596923819705523,0.0,0.0,0.45652173913043476,0.0,0.0,0.4623150739704118,0.0,0.0,0.0,0.0
1254,56,1.181428571428572,0.7857142857142653,0.9869024780175852,0.5536570743405279,0.015321908290875513,0.0,0.0,0.013623939263526149,0.0,0.0,0.45982142857142855,0.0,0.0,0.46292965627498,0.0,0.0,0.0,0.0
1255,53,0.9116981132075476,0.4528301886792431,0.984750774148436,0.5525921486365001,0.013017241379310542,0.0,0.0,0.013589706476323633,0.0,0.0,0.4858490566037736,0.0,0.0,0.46206672660073916,0.0,0.0,0.0,0.0
1256,47,1.04936170212766,0.42553191489361625,0.9843663801718961,0.5516689986008397,0.014258456201214421,0.0,0.0,0.013585164077327133,0.0,0.0,0.5478723404255319,0.0,0.0,0.4621726963821707,0.0,0.0,0.0,0.0
1257,42,1.1088095238095244,0.6666666666666609,0.9839352129574077,0.5513897220555891,0.01574374577417154,0.0,0.0,0.013575095799181773,0.0,0.0,0.5238095238095238,0.0,0.0,0.46228254349130177,0.0,0.0,0.0,0.0
1258,51,1.0468627450980397,0.5882352941176281,0.984672654690618,0.5513972055888222,0.014414146868250474,0.0,0.0,0.013604914438576445,0.0,0.0,0.46078431372549017,0.0,0.0,0.4624750499001996,0.0,0.0,0.0,0.0
1259,47,1.159574468085107,0.6808510638297912,0.9861652182599133,0.5518929177904306,0.01731257941550151,0.0,0.0,0.013631625094064799,0.0,0.0,0.5585106382978723,0.0,0.0,0.4634152432324443,0.0,0.0,0.0,0.0
1260,48,0.9375000000000004,0.3750000000000007,0.9859838194166991,0.5516380343587696,0.01673484566753431,0.0,0.0,0.013618012465202028,0.0,0.0,0.4635416666666667,0.0,0.0,0.46331901717938473,0.0,0.0,0.0,0.0
1261,57,0.9210526315789479,0.4561403508771903,0.9870297523961654,0.5506190095846645,0.016442217350454164,0.0,0.0,0.013643250061412034,0.0,0.0,0.4956140350877193,0.0,0.0,0.46480630990415334,0.0,0.0,0.0,0.0
1262,52,0.7100000000000003,0.44230769230769246,0.9855281303087832,0.5498151294094134,0.00984533333333338,0.0,0.0,0.01362318800540389,0.0,0.0,0.3076923076923077,0.0,0.0,0.46434995503147797,0.0,0.0,0.0,0.0
1263,54,0.8794444444444449,0.37037037037036064,0.9860913451928836,0.5488706775934438,0.010110708963168106,0.0,0.0,0.013607224765106892,0.0,0.0,0.47685185185185186,0.0,0.0,0.4651459124525285,0.0,0.0,0.0,0.0
1264,43,0.7088372093023259,0.6046511627907002,0.9863658194916944,0.5501300780468279,0.00897262290256111,0.0,0.0,0.013606642005300373,0.0,0.0,0.27325581395348836,0.0,0.0,0.46482889733840305,0.0,0.0,0.0,0.0
1265,51,1.1139215686274515,0.5882352941176509,0.9873047304730467,0.5502550255025501,0.012551922227132735,0.0,0.0,0.013601007394262891,0.0,0.0,0.44607843137254904,0.0,0.0,0.4650965096509651,0.0,0.0,0.0,0.0
1266,59,1.128474576271187,0.576271186440643,0.9881328671328665,0.5500499500499497,0.013609975470155695,0.0,0.0,0.013572694913812293,0.0,0.0,0.5338983050847458,0.0,0.0,0.46573426573426574,0.0,0.0,0.0,0.0
1267,49,1.1428571428571435,0.6530612244897823,0.9890856458374919,0.5514074665601912,0.01598629745932041,0.0,0.0,0.01358025977301044,0.0,0.0,0.5153061224489796,0.0,0.0,0.465537033339988,0.0,0.0,0.0,0.0
1268,51,1.2886274509803928,0.9803921568627525,0.9917550857598718,0.5542481053051453,0.01216586449463192,0.0,0.0,0.013582142345012213,0.0,0.0,0.46078431372549017,0.0,0.0,0.46607000398883125,0.0,0.0,0.0,0.0
1269,49,0.97265306122449,0.612244897959173,0.9900988221201831,0.5542024356158911,0.015309990362994389,0.0,0.0,0.01356930615863221,0.0,0.0,0.42346938775510207,0.0,0.0,0.46498802156118985,0.0,0.0,0.0,0.0
1270,39,0.6920512820512824,0.2564102564102592,0.9882915376161449,0.5537016684983512,0.01194247787610619,0.0,0.0,0.013560474269287266,0.0,0.0,0.42948717948717946,0.0,0.0,0.46410730342691575,0.0,0.0,0.0,0.0
1271,51,0.9196078431372554,0.5098039215686283,0.9878496451064676,0.5540337898630407,0.01002565198802921,0.0,0.0,0.013525518800841553,0.0,0.0,0.47058823529411764,0.0,0.0,0.46403578926322103,0.0,0.0,0.0,0.0
1272,45,0.9573333333333338,0.5777777777777625,0.9866092529541353,0.5536751452032843,0.015751371115173694,0.0,0.0,0.013517550226315149,0.0,0.0,0.36666666666666664,0.0,0.0,0.46307330262367313,0.0,0.0,0.0,0.0
1273,37,0.6045945945945949,0.2702702702702718,0.983329322101885,0.5511432009626953,0.007348883048620345,0.0,0.0,0.013475873802485556,0.0,0.0,0.33783783783783783,0.0,0.0,0.46206879261933415,0.0,0.0,0.0,0.0
1274,57,0.9689473684210531,0.6315789473684671,0.9824539631705359,0.551040832666133,0.011144067796610651,0.0,0.0,0.01345006788963929,0.0,0.0,0.41228070175438597,0.0,0.0,0.4616693354683747,0.0,0.0,0.0,0.0
1275,42,0.7116666666666669,0.28571428571428287,0.9804511804721885,0.5498199279711886,0.012042707493957002,0.0,0.0,0.013436362090901146,0.0,0.0,0.4523809523809524,0.0,0.0,0.46135954381752703,0.0,0.0,0.0,0.0
1276,46,1.1284782608695658,0.4347826086956518,0.9819352899929877,0.550435740759291,0.016171339563863442,0.0,0.0,0.013464859385344903,0.0,0.0,0.6630434782608695,0.0,0.0,0.46233597115095665,0.0,0.0,0.0,0.0
1277,52,0.7115384615384619,0.15384615384615413,0.9811421421421417,0.5488488488488488,0.010054347826087112,0.0,0.0,0.013473410879779213,0.0,0.0,0.42788461538461536,0.0,0.0,0.4623873873873874,0.0,0.0,0.0,0.0
1278,48,0.9475000000000006,0.5833333333333433,0.9812890624999997,0.5499799679487181,0.010245550799729575,0.0,0.0,0.013472724347382475,0.0,0.0,0.4322916666666667,0.0,0.0,0.4618890224358974,0.0,0.0,0.0,0.0
1279,48,1.1056250000000005,0.7500000000000492,0.9818678017025535,0.5514271407110669,0.011941944194420129,0.0,0.0,0.013453196934455841,0.0,0.0,0.3958333333333333,0.0,0.0,0.4611166750125188,0.0,0.0,0.0,0.0
1280,50,0.8252000000000007,0.359999999999997,0.9804230152365676,0.5507217321571777,0.018136263736264133,0.0,0.0,0.013452027287231145,0.0,0.0,0.47,0.0,0.0,0.4604550922213312,0.0,0.0,0.0,0.0
1281,52,0.7611538461538464,0.3461538461538459,0.9785641231324574,0.5495838764664598,0.010787680566911645,0.0,0.0,0.013430981806171065,0.0,0.0,0.4230769230769231,0.0,0.0,0.45984157224506167,0.0,0.0,0.0,0.0
1282,51,0.9427450980392162,0.4509803921568523,0.9788120300751879,0.5484711779448627,0.015010927255698102,0.0,0.0,0.013454725101182806,0.0,0.0,0.5196078431372549,0.0,0.0,0.46077694235588973,0.0,0.0,0.0,0.0
1283,50,1.1334000000000006,0.6999999999999942,0.9789550742077815,0.5492378660248702,0.020458483754512802,0.0,0.0,0.013459673950210155,0.0,0.0,0.475,0.0,0.0,0.46026373846770957,0.0,0.0,0.0,0.0
1284,59,0.8176271186440682,0.37288135593220284,0.9761450611099978,0.5471849328791828,0.009047261815453905,0.0,0.0,0.013403653861232536,0.0,0.0,0.4152542372881356,0.0,0.0,0.4595271488679623,0.0,0.0,0.0,0.0
1285,46,0.8202173913043482,0.45652173913044797,0.9758020238453059,0.5475403266205795,0.011573619631901613,0.0,0.0,0.013411456253459788,0.0,0.0,0.40217391304347827,0.0,0.0,0.4589970944795111,0.0,0.0,0.0,0.0
1286,47,0.9223404255319154,0.6382978723404166,0.9743471289708386,0.5468483816013634,0.01610925306577487,0.0,0.0,0.013390546886835358,0.0,0.0,0.28191489361702127,0.0,0.0,0.4578364565587734,0.0,0.0,0.0,0.0
1287,46,0.8382608695652177,0.78260869565216,0.9738634312644138,0.5483806276947761,0.012339199999999549,0.0,0.0,0.013392858127823436,0.0,0.0,0.22826086956521738,0.0,0.0,0.4567582472676226,0.0,0.0,0.0,0.0
1288,48,0.624791666666667,0.37499999999999667,0.9728415355317229,0.5480605392402529,0.008314388688660823,0.0,0.0,0.013383875433671106,0.0,0.0,0.265625,0.0,0.0,0.4558233938057532,0.0,0.0,0.0,0.0
1289,45,0.7713333333333336,0.3555555555555504,0.9718714859437749,0.5477911646586349,0.008055233232768473,0.0,0.0,0.013368061405713585,0.0,0.0,0.3888888888888889,0.0,0.0,0.45489457831325303,0.0,0.0,0.0,0.0
1290,48,0.6875000000000006,0.37499999999999134,0.9723882246558825,0.5471717070230083,0.009351090960612084,0.0,0.0,0.01338534499331301,0.0,0.0,0.2760416666666667,0.0,0.0,0.4557671053953582,0.0,0.0,0.0,0.0
1291,39,0.9607692307692312,0.5641025641025674,0.9727249874308695,0.5476118652589242,0.009519817073170551,0.0,0.0,0.013361514694040504,0.0,0.0,0.40384615384615385,0.0,0.0,0.45555555555555555,0.0,0.0,0.0,0.0
1292,47,1.1857446808510645,0.4680851063830085,0.9743502767991946,0.5475591343734275,0.017264560099131653,0.0,0.0,0.013386208851613457,0.0,0.0,0.6702127659574468,0.0,0.0,0.4567438349270257,0.0,0.0,0.0,0.0
1293,43,0.818837209302326,0.6279069767442121,0.9728265028698014,0.5468734266438426,0.010179242555652009,0.0,0.0,0.013354999239711942,0.0,0.0,0.29069767441860467,0.0,0.0,0.45612224348001207,0.0,0.0,0.0,0.0
1294,55,1.1103636363636369,0.6545454545454364,0.9735381675550636,0.5482248818264106,0.012275376884421667,0.0,0.0,0.01333055610258587,0.0,0.0,0.509090909090909,0.0,0.0,0.45625062858292265,0.0,0.0,0.0,0.0
1295,46,1.2423913043478265,0.6086956521739304,0.9739905489644074,0.5477578926201488,0.016361294016603932,0.0,0.0,0.013334420755166297,0.0,0.0,0.6032608695652174,0.0,0.0,0.45669113211341245,0.0,0.0,0.0,0.0
1296,40,0.8517500000000002,0.3500000000000005,0.9741101268371248,0.5476142540769077,0.017856394129978984,0.0,0.0,0.013358526874951693,0.0,0.0,0.4375,0.0,0.0,0.4568904771491846,0.0,0.0,0.0,0.0
1297,52,0.9855769230769236,0.5576923076923116,0.9755235602094239,0.5492347966169957,0.013919065725149076,0.0,0.0,0.013370380899022162,0.0,0.0,0.4230769230769231,0.0,0.0,0.4564538864277084,0.0,0.0,0.0,0.0
1298,39,0.8946153846153851,0.410256410256423,0.9750913311131292,0.5485921889191644,0.010322485207100794,0.0,0.0,0.01334254856986618,0.0,0.0,0.4358974358974359,0.0,0.0,0.45645372893329295,0.0,0.0,0.0,0.0
1299,44,0.851818181818182,0.49999999999999095,0.9736785786392084,0.5478497880072685,0.011614502634025489,0.0,0.0,0.01332687617876462,0.0,0.0,0.4375,0.0,0.0,0.45606198263678577,0.0,0.0,0.0,0.0
1300,53,0.7988679245283025,0.3773584905660317,0.9724851055235786,0.5468039987882461,0.01325610519724522,0.0,0.0,0.013317237354838892,0.0,0.0,0.45754716981132076,0.0,0.0,0.45582146824194686,0.0,0.0,0.0,0.0
1301,47,0.9410638297872345,0.2978723404255444,0.9737806725234776,0.5466020397859237,0.012687894434882068,0.0,0.0,0.013334960444602393,0.0,0.0,0.5319148936170213,0.0,0.0,0.4563263657477532,0.0,0.0,0.0,0.0
1302,56,0.7244642857142861,0.32142857142857695,0.972304356595401,0.5440701895925778,0.009878256635013462,0.0,0.0,0.013329549790683912,0.0,0.0,0.38392857142857145,0.0,0.0,0.4563331988705123,0.0,0.0,0.0,0.0
1303,49,0.8263265306122454,0.4897959183673391,0.970614840989399,0.5438667339727414,0.010703145651599388,0.0,0.0,0.013295174349861362,0.0,0.0,0.42346938775510207,0.0,0.0,0.4557546693589096,0.0,0.0,0.0,0.0
1304,47,0.8665957446808514,0.46808510638296763,0.9699969709208397,0.5445274636510504,0.012410115783059637,0.0,0.0,0.013288861223501747,0.0,0.0,0.3617021276595745,0.0,0.0,0.4546647819063005,0.0,0.0,0.0,0.0
1305,43,1.1023255813953492,0.5116279069767323,0.9705012126111559,0.5447655618431693,0.015742278312853138,0.0,0.0,0.013284312911846235,0.0,0.0,0.5581395348837209,0.0,0.0,0.454855497170574,0.0,0.0,0.0,0.0
1306,50,1.0178000000000005,0.8400000000000183,0.969853416902547,0.5468054993934496,0.012972215141474307,0.0,0.0,0.013260102168877196,0.0,0.0,0.32,0.0,0.0,0.45339668418924384,0.0,0.0,0.0,0.0
1307,53,1.171698113207548,0.566037735849043,0.9718948964123293,0.5478524507326935,0.02209178228388561,0.0,0.0,0.01329691403857349,0.0,0.0,0.5471698113207547,0.0,0.0,0.454244567963618,0.0,0.0,0.0,0.0
1308,43,0.8458139534883724,0.32558139534882735,0.9711008896077636,0.5471087747674892,0.008292293661650803,0.0,0.0,0.013264196405763493,0.0,0.0,0.5581395348837209,0.0,0.0,0.45425596441568944,0.0,0.0,0.0,0.0
1309,56,1.0016071428571434,0.3750000000000041,0.9724578069732186,0.5467407781707936,0.015764474423833434,0.0,0.0,0.01326885845403701,0.0,0.0,0.5357142857142857,0.0,0.0,0.455078322385043,0.0,0.0,0.0,0.0
1310,44,0.8913636363636367,0.6136363636363783,0.9720420329392745,0.5467313327270892,0.011286330935251873,0.0,0.0,0.013255009052255089,0.0,0.0,0.38636363636363635,0.0,0.0,0.45498635950287963,0.0,0.0,0.0,0.0
1311,49,0.7210204081632657,0.4285714285714194,0.9692215932066317,0.5454913061059443,0.010252466627974239,0.0,0.0,0.013205086709023782,0.0,0.0,0.27040816326530615,0.0,0.0,0.45306813586736755,0.0,0.0,0.0,0.0
1312,48,0.8072916666666673,0.45833333333333254,0.9670306339096147,0.5443332322313218,0.013320728772774173,0.0,0.0,0.013215933898913991,0.0,0.0,0.3645833333333333,0.0,0.0,0.4522545748660398,0.0,0.0,0.0,0.0
1313,61,1.0029508196721317,0.5901639344262459,0.9685243914756085,0.5449954550045455,0.013230968858131803,0.0,0.0,0.01325068261460742,0.0,0.0,0.4139344262295082,0.0,0.0,0.45263104736895265,0.0,0.0,0.0,0.0
1314,53,0.9403773584905668,0.33962264150944316,0.96742418115649,0.5450869389405586,0.012463115778944834,0.0,0.0,0.013224110770251244,0.0,0.0,0.5235849056603774,0.0,0.0,0.45185503437120905,0.0,0.0,0.0,0.0
1315,52,1.0288461538461544,0.5000000000000177,0.9684231274638634,0.545840493278076,0.014393327952649573,0.0,0.0,0.013232338439014977,0.0,0.0,0.5528846153846154,0.0,0.0,0.4525169311634489,0.0,0.0,0.0,0.0
1316,52,1.2030769230769236,0.5384615384615415,0.9702001212856276,0.5462906812209426,0.01197779054183366,0.0,0.0,0.01320363296740482,0.0,0.0,0.5961538461538461,0.0,0.0,0.453456640388114,0.0,0.0,0.0,0.0
1317,47,1.1434042553191495,0.6382978723404428,0.9712374784984317,0.5468987149650923,0.015810532509561458,0.0,0.0,0.013212905747955526,0.0,0.0,0.46808510638297873,0.0,0.0,0.4539360518061317,0.0,0.0,0.0,0.0
1318,45,1.0611111111111116,0.533333333333334,0.970917273462783,0.5462176375404539,0.020467209601372015,0.0,0.0,0.013224862178312759,0.0,0.0,0.4888888888888889,0.0,0.0,0.45380764563106796,0.0,0.0,0.0,0.0
1319,51,0.7386274509803926,0.39215686274510614,0.970088092345079,0.5471850951802357,0.012183053040103666,0.0,0.0,0.01322977095125586,0.0,0.0,0.37745098039215685,0.0,0.0,0.45294147428108544,0.0,0.0,0.0,0.0
1320,46,0.8980434782608699,0.4130434782608564,0.9691848926690968,0.5462737950587291,0.012409131871432692,0.0,0.0,0.013203942558386566,0.0,0.0,0.5489130434782609,0.0,0.0,0.4531692993114621,0.0,0.0,0.0,0.0
1321,51,1.1941176470588242,0.6666666666666541,0.9707327935222674,0.5466599190283408,0.01251798561151101,0.0,0.0,0.013199396651858224,0.0,0.0,0.5294117647058824,0.0,0.0,0.4540485829959514,0.0,0.0,0.0,0.0
1322,42,1.3740476190476194,0.9999999999999509,0.9733187994321639,0.5489758669641052,0.012442863303146999,0.0,0.0,0.013188068888293523,0.0,0.0,0.5,0.0,0.0,0.45459845873048066,0.0,0.0,0.0,0.0
1323,55,0.9423636363636368,0.5454545454545576,0.9738123732251524,0.5497971602434083,0.010441176470588133,0.0,0.0,0.013163505500908248,0.0,0.0,0.42272727272727273,0.0,0.0,0.45461460446247465,0.0,0.0,0.0,0.0
1324,53,0.6052830188679249,0.15094339622641362,0.973591642154377,0.547824322953647,0.007970186335403941,0.0,0.0,0.013156445447156363,0.0,0.0,0.39622641509433965,0.0,0.0,0.4555228725022822,0.0,0.0,0.0,0.0
1325,41,1.0707317073170737,0.5853658536585322,0.9741463414634148,0.5487804878048788,0.015044551062370997,0.0,0.0,0.01315628023799229,0.0,0.0,0.4878048780487805,0.0,0.0,0.4555894308943089,0.0,0.0,0.0,0.0
1326,60,0.7206666666666668,0.3166666666666775,0.9730804341211078,0.548230043614972,0.010133583313803492,0.0,0.0,0.013128663253674023,0.0,0.0,0.43333333333333335,0.0,0.0,0.4553707272542854,0.0,0.0,0.0,0.0
1327,56,0.8332142857142862,0.39285714285714274,0.9715012671059303,0.5468829194120638,0.012198692810457722,0.0,0.0,0.01309413597114438,0.0,0.0,0.45089285714285715,0.0,0.0,0.4551191079574252,0.0,0.0,0.0,0.0
1328,52,1.0782692307692312,0.5769230769230742,0.9729059395905131,0.547638353942835,0.01536164383561567,0.0,0.0,0.013118914589677278,0.0,0.0,0.5384615384615384,0.0,0.0,0.4559345226028786,0.0,0.0,0.0,0.0
1329,63,0.9182539682539689,0.5396825396825631,0.9732702620661744,0.547505818071437,0.013061639196207038,0.0,0.0,0.013132817331966178,0.0,0.0,0.4166666666666667,0.0,0.0,0.4560862086411009,0.0,0.0,0.0,0.0
1330,49,1.093469387755103,0.7755102040816454,0.9728106029947392,0.5486645082962374,0.011520103203612516,0.0,0.0,0.013114567619691906,0.0,0.0,0.32653061224489793,0.0,0.0,0.4543959935248887,0.0,0.0,0.0,0.0
1331,50,0.8916000000000005,0.560000000000005,0.9714343434343437,0.5485858585858596,0.010972188038395916,0.0,0.0,0.01308033692353935,0.0,0.0,0.36,0.0,0.0,0.4534343434343434,0.0,0.0,0.0,0.0
1332,46,1.1393478260869572,0.9130434782608691,0.9725189451348896,0.5507729615034869,0.01789347900307308,0.0,0.0,0.013079178805931204,0.0,0.0,0.3695652173913043,0.0,0.0,0.45281398403556633,0.0,0.0,0.0,0.0
1333,63,0.8360317460317465,0.5396825396825526,0.972049676898223,0.5507875605815843,0.011889390519187745,0.0,0.0,0.013064095239775335,0.0,0.0,0.3531746031746032,0.0,0.0,0.45254442649434573,0.0,0.0,0.0,0.0
1334,32,1.2412500000000004,0.8124999999999882,0.9747165234967154,0.5527033855482578,0.01941348973606984,0.0,0.0,0.013081730808356186,0.0,0.0,0.515625,0.0,0.0,0.45391611925214753,0.0,0.0,0.0,0.0
1335,38,0.7689473684210529,0.31578947368420607,0.9754990373898064,0.5525382510892703,0.012303157894736728,0.0,0.0,0.013089326988443237,0.0,0.0,0.4868421052631579,0.0,0.0,0.4546306616678488,0.0,0.0,0.0,0.0
1336,42,1.076666666666667,0.9285714285714354,0.9773012170385394,0.5543610547667353,0.015449265459515636,0.0,0.0,0.013116851473234582,0.0,0.0,0.30952380952380953,0.0,0.0,0.45509634888438133,0.0,0.0,0.0,0.0
1337,51,1.4201960784313732,0.7843137254902037,0.9790395136778115,0.55501519756839,0.02462767766065892,0.0,0.0,0.01315356249804326,0.0,0.0,0.6764705882352942,0.0,0.0,0.4559777102330294,0.0,0.0,0.0,0.0
1338,64,0.8021875000000005,0.5624999999999742,0.9785748987854249,0.5551619433198388,0.01058120362736969,0.0,0.0,0.013158509332324382,0.0,0.0,0.33984375,0.0,0.0,0.45587044534412957,0.0,0.0,0.0,0.0
1339,48,0.9075000000000003,0.33333333333333853,0.9768333670783558,0.5540595262198832,0.01541401273885395,0.0,0.0,0.013134130887223119,0.0,0.0,0.5208333333333334,0.0,0.0,0.4547985422150233,0.0,0.0,0.0,0.0
1340,45,0.9942222222222228,0.8000000000000038,0.9775530080146089,0.5563558892157864,0.015176390773406122,0.0,0.0,0.01314094162924252,0.0,0.0,0.35555555555555557,0.0,0.0,0.45396672415542255,0.0,0.0,0.0,0.0
1341,51,0.9523529411764708,0.5882352941176459,0.9776762349122627,0.557460188660108,0.011627962652621811,0.0,0.0,0.013139136562963897,0.0,0.0,0.45098039215686275,0.0,0.0,0.45392534739831625,0.0,0.0,0.0,0.0
1342,52,0.6419230769230773,0.46153846153846395,0.9756621744857631,0.55730063836255,0.0064702461717386795,0.0,0.0,0.01309778439171432,0.0,0.0,0.2692307692307692,0.0,0.0,0.4525787820447867,0.0,0.0,0.0,0.0
1343,48,0.5912500000000004,0.45833333333334053,0.9756857779578602,0.5575364667747169,0.006371800628648388,0.0,0.0,0.013084657946251119,0.0,0.0,0.19791666666666666,0.0,0.0,0.45223865478119935,0.0,0.0,0.0,0.0
1344,44,1.0125000000000002,0.6363636363636359,0.9757590190514789,0.5575597892176738,0.009533490263214425,0.0,0.0,0.013062274043777009,0.0,0.0,0.4431818181818182,0.0,0.0,0.4524219700040535,0.0,0.0,0.0,0.0
1345,45,1.3831111111111118,0.9333333333333477,0.9778026996853746,0.5588145742413484,0.018929440389294398,0.0,0.0,0.013099251649254098,0.0,0.0,0.5222222222222223,0.0,0.0,0.45290774383436516,0.0,0.0,0.0,0.0
1346,42,0.8366666666666672,0.404761904761915,0.9771385052802595,0.5585905767668568,0.010517809039209809,0.0,0.0,0.013086931509867361,0.0,0.0,0.4226190476190476,0.0,0.0,0.4525538180341186,0.0,0.0,0.0,0.0
1347,55,0.8592727272727279,0.40000000000000047,0.9757071884822056,0.5580452195072498,0.017324046920821252,0.0,0.0,0.013084978802209248,0.0,0.0,0.45454545454545453,0.0,0.0,0.4520683362060225,0.0,0.0,0.0,0.0
1348,47,1.1895744680851068,0.574468085106403,0.9769744577336301,0.5575714575309147,0.02071507965913263,0.0,0.0,0.013115678267649462,0.0,0.0,0.6170212765957447,0.0,0.0,0.45332454895601054,0.0,0.0,0.0,0.0
1349,45,1.284444444444445,0.7999999999999878,0.9781953743152763,0.5580239399472513,0.01755238384451796,0.0,0.0,0.013118689307840693,0.0,0.0,0.5944444444444444,0.0,0.0,0.45412355447352404,0.0,0.0,0.0,0.0
1350,46,1.0452173913043483,0.6956521739130659,0.9785179549604376,0.5592412254006902,0.015952222959521953,0.0,0.0,0.013133288948613108,0.0,0.0,0.40217391304347827,0.0,0.0,0.4532105903834449,0.0,0.0,0.0,0.0
1351,48,1.0554166666666671,0.541666666666663,0.977344495180111,0.5577879249112131,0.015870927318295685,0.0,0.0,0.013128329198811435,0.0,0.0,0.4947916666666667,0.0,0.0,0.4531963470319635,0.0,0.0,0.0,0.0
1352,51,1.0796078431372553,0.5098039215686487,0.976466470528558,0.557268945926753,0.011899719040414614,0.0,0.0,0.013081841101997263,0.0,0.0,0.5490196078431373,0.0,0.0,0.45285076595312973,0.0,0.0,0.0,0.0
1353,53,0.9115094339622644,0.4528301886792392,0.9763146682897133,0.5558936904037334,0.011420803782505925,0.0,0.0,0.013066624851338358,0.0,0.0,0.4386792452830189,0.0,0.0,0.4530584297017651,0.0,0.0,0.0,0.0
1354,54,0.7581481481481488,0.40740740740741616,0.9739209325899639,0.5548910288900156,0.014968921389397573,0.0,0.0,0.013063618947130828,0.0,0.0,0.3055555555555556,0.0,0.0,0.4515712113532691,0.0,0.0,0.0,0.0
1355,52,0.9823076923076928,0.6923076923077056,0.9730793393454245,0.5554767453642725,0.011951333645297477,0.0,0.0,0.013048662838570474,0.0,0.0,0.33653846153846156,0.0,0.0,0.4503495794913365,0.0,0.0,0.0,0.0
1356,54,1.04462962962963,0.7777777777778293,0.9739517437145169,0.5575831305758321,0.013112505811251321,0.0,0.0,0.013056938060458134,0.0,0.0,0.42592592592592593,0.0,0.0,0.4499442416869424,0.0,0.0,0.0,0.0
1357,55,0.989454545454546,0.6909090909090938,0.9734387672343872,0.5574817518248183,0.013611805902951695,0.0,0.0,0.0130709345268967,0.0,0.0,0.35454545454545455,0.0,0.0,0.44931062449310627,0.0,0.0,0.0,0.0
1358,47,1.4851063829787239,0.7659574468085099,0.9745093860984265,0.5579908675799092,0.014676198486122026,0.0,0.0,0.013054906843780842,0.0,0.0,0.7712765957446809,0.0,0.0,0.45007610350076105,0.0,0.0,0.0,0.0
1359,44,1.2134090909090915,0.7272727272727377,0.9757644313685698,0.5580805518920571,0.015412817551962468,0.0,0.0,0.013060861724562636,0.0,0.0,0.48863636363636365,0.0,0.0,0.45064421223495993,0.0,0.0,0.0,0.0
1360,43,1.0939534883720936,0.7441860465116563,0.9754730964466998,0.5582741116751274,0.011771771771770722,0.0,0.0,0.013044217848691888,0.0,0.0,0.4883720930232558,0.0,0.0,0.45071065989847714,0.0,0.0,0.0,0.0
1361,40,1.1282500000000002,0.9999999999999607,0.9758047788510413,0.5605490594814443,0.011442697768762151,0.0,0.0,0.013018125191601783,0.0,0.0,0.36875,0.0,0.0,0.45027961362480934,0.0,0.0,0.0,0.0
1362,51,1.0203921568627454,0.6274509803921864,0.9765738671001822,0.5605567973989034,0.011213100624865238,0.0,0.0,0.01302218452692246,0.0,0.0,0.4117647058823529,0.0,0.0,0.45074679943101,0.0,0.0,0.0,0.0
1363,42,0.9838095238095244,0.30952380952381403,0.97625889770185,0.5590807402887946,0.013468057366362621,0.0,0.0,0.01303392706834286,0.0,0.0,0.5178571428571429,0.0,0.0,0.45063046573113685,0.0,0.0,0.0,0.0
1364,53,1.174528301886793,0.754716981132101,0.9773205936165881,0.5593616588737557,0.013938647559337495,0.0,0.0,0.013060483766899698,0.0,0.0,0.5,0.0,0.0,0.45126041878430573,0.0,0.0,0.0,0.0
1365,53,1.0013207547169816,0.8867924528301776,0.977385209264526,0.5608492482730604,0.014828164291701388,0.0,0.0,0.013058315610320812,0.0,0.0,0.32075471698113206,0.0,0.0,0.45083299471759447,0.0,0.0,0.0,0.0
1366,45,0.6844444444444447,0.40000000000000024,0.976315575437169,0.5606954046360315,0.0077836745008846,0.0,0.0,0.013041548628218937,0.0,0.0,0.3055555555555556,0.0,0.0,0.4499796665311102,0.0,0.0,0.0,0.0
1367,54,0.9114814814814819,0.37037037037037013,0.9763836925579498,0.5594753965026441,0.011216955332725105,0.0,0.0,0.013049955226050671,0.0,0.0,0.5277777777777778,0.0,0.0,0.45048800325335503,0.0,0.0,0.0,0.0
1368,57,0.9824561403508777,0.5263157894736825,0.9758217298505939,0.5586949893281846,0.01263823064770911,0.0,0.0,0.013033210482376633,0.0,0.0,0.40789473684210525,0.0,0.0,0.4499695090964529,0.0,0.0,0.0,0.0
1369,46,1.140869565217392,0.5217391304347888,0.9780231730866951,0.5591015347088126,0.012134104046242952,0.0,0.0,0.01303262636112463,0.0,0.0,0.625,0.0,0.0,0.4514432361012298,0.0,0.0,0.0,0.0
1370,52,1.0205769230769235,0.57692307692309,0.9770449004469721,0.5596302316131663,0.011877797672336423,0.0,0.0,0.013006407170405292,0.0,0.0,0.5192307692307693,0.0,0.0,0.450477448191792,0.0,0.0,0.0,0.0
1371,52,0.8684615384615391,0.6923076923077027,0.9767100050787197,0.5604875571356026,0.014007444168734123,0.0,0.0,0.01302070158999258,0.0,0.0,0.2932692307692308,0.0,0.0,0.4496190959878111,0.0,0.0,0.0,0.0
1372,47,0.6910638297872342,0.680851063829789,0.9762567279374422,0.5619985782471827,0.00934407364787115,0.0,0.0,0.013013972163972884,0.0,0.0,0.16489361702127658,0.0,0.0,0.44871534477505837,0.0,0.0,0.0,0.0
1373,42,1.1061904761904764,0.6190476190476207,0.9762525416836109,0.5626270841805621,0.011101553166069944,0.0,0.0,0.012992835445264543,0.0,0.0,0.5297619047619048,0.0,0.0,0.4482259048393656,0.0,0.0,0.0,0.0
1374,50,0.9600000000000004,0.6800000000000048,0.9767222957158844,0.5637529256131075,0.013008130081300973,0.0,0.0,0.013004860097743905,0.0,0.0,0.385,0.0,0.0,0.4481784878396255,0.0,0.0,0.0,0.0
1375,56,0.7530357142857148,0.5000000000000029,0.9748976890970168,0.5625572635651032,0.012439528023599093,0.0,0.0,0.01301584367537385,0.0,0.0,0.35267857142857145,0.0,0.0,0.4479537819403441,0.0,0.0,0.0,0.0
1376,45,1.0975555555555558,0.5777777777777929,0.9743804679552385,0.5627670396744668,0.015220338983050571,0.0,0.0,0.012991299040385183,0.0,0.0,0.4666666666666667,0.0,0.0,0.4469481180061038,0.0,0.0,0.0,0.0
1377,46,1.0047826086956524,0.5652173913043559,0.9768635624237489,0.5642537616917456,0.012458221024258606,0.0,0.0,0.013042580599622346,0.0,0.0,0.5543478260869565,0.0,0.0,0.44812423749491664,0.0,0.0,0.0,0.0
1378,62,0.7717741935483876,0.3548387096774139,0.9771843870705426,0.562919292539135,0.012046827794562153,0.0,0.0,0.013073314149881122,0.0,0.0,0.42338709677419356,0.0,0.0,0.44917666192315514,0.0,0.0,0.0,0.0
1379,39,0.620769230769231,0.46153846153844225,0.9757391039317277,0.5630397236614861,0.007613207547169474,0.0,0.0,0.013057221360429697,0.0,0.0,0.19230769230769232,0.0,0.0,0.4478309458498425,0.0,0.0,0.0,0.0
1380,45,1.1422222222222227,0.6222222222222219,0.9764598354828877,0.5628110084289639,0.017388362652232956,0.0,0.0,0.013081566598958646,0.0,0.0,0.5333333333333333,0.0,0.0,0.4486137910023357,0.0,0.0,0.0,0.0
1381,42,0.7035714285714288,0.6666666666666432,0.9752303936527306,0.5635235479605337,0.008959975742874151,0.0,0.0,0.013057314691486117,0.0,0.0,0.20238095238095238,0.0,0.0,0.4471060929712135,0.0,0.0,0.0,0.0
1382,41,1.0034146341463417,0.536585365853676,0.9743786318686914,0.5631562850443477,0.011883304448296095,0.0,0.0,0.013027396886841291,0.0,0.0,0.4573170731707317,0.0,0.0,0.4465032113365277,0.0,0.0,0.0,0.0
1383,50,1.1848000000000005,0.5200000000000139,0.974945962479608,0.5626019575856452,0.015717697001856993,0.0,0.0,0.013053099579970135,0.0,0.0,0.64,0.0,0.0,0.4473389070146819,0.0,0.0,0.0,0.0
1384,56,0.8200000000000005,0.46428571428572324,0.9744318875992665,0.5626145387904713,0.01302695035461009,0.0,0.0,0.01304157116889273,0.0,0.0,0.3392857142857143,0.0,0.0,0.4463703929953166,0.0,0.0,0.0,0.0
1385,60,0.8320000000000006,0.500000000000009,0.9712400733048254,0.5596619833027908,0.01211062590975266,0.0,0.0,0.013003140539125858,0.0,0.0,0.35,0.0,0.0,0.4454540826715537,0.0,0.0,0.0,0.0
1386,38,0.8826315789473688,0.42105263157893147,0.9699663505659218,0.558478637707761,0.011462747778537119,0.0,0.0,0.012990053093864688,0.0,0.0,0.4605263157894737,0.0,0.0,0.44552360558784543,0.0,0.0,0.0,0.0
1387,50,0.6298000000000001,0.3600000000000019,0.9682948979591834,0.5576530612244911,0.009707151664611852,0.0,0.0,0.012977392484036865,0.0,0.0,0.245,0.0,0.0,0.44431122448979593,0.0,0.0,0.0,0.0
1388,44,0.8740909090909095,0.45454545454544726,0.9686932108218476,0.5569167942827986,0.009002808988764188,0.0,0.0,0.012971370528952081,0.0,0.0,0.4375,0.0,0.0,0.44466564573762124,0.0,0.0,0.0,0.0
1389,52,0.9534615384615388,0.5384615384615464,0.9678954355151635,0.5558051669559904,0.014275842211344357,0.0,0.0,0.012978250005134535,0.0,0.0,0.4326923076923077,0.0,0.0,0.44416930460533033,0.0,0.0,0.0,0.0
1390,48,0.9460416666666672,0.6249999999999634,0.9687626236866262,0.5564623074569022,0.015653223026541964,0.0,0.0,0.012995757841151654,0.0,0.0,0.3541666666666667,0.0,0.0,0.44458329082933795,0.0,0.0,0.0,0.0
1391,44,1.1490909090909096,0.8181818181818641,0.9708934041249739,0.558811517255464,0.015964635301548447,0.0,0.0,0.01302716284141924,0.0,0.0,0.5,0.0,0.0,0.44519603839085153,0.0,0.0,0.0,0.0
1392,44,0.9522727272727277,0.4090909090909076,0.9707346480024517,0.5576785531827949,0.012197962154293914,0.0,0.0,0.013007828865759168,0.0,0.0,0.48863636363636365,0.0,0.0,0.4456166343108205,0.0,0.0,0.0,0.0
1393,46,0.878260869565218,0.7391304347826401,0.9690837589376909,0.5579162410623101,0.011659451659452173,0.0,0.0,0.01299992189630294,0.0,0.0,0.2717391304347826,0.0,0.0,0.44433094994892747,0.0,0.0,0.0,0.0
1394,60,1.0293333333333339,0.5000000000000208,0.9696399428804564,0.5569155446756444,0.01528334570650868,0.0,0.0,0.013027090581949376,0.0,0.0,0.575,0.0,0.0,0.44583843329253364,0.0,0.0,0.0,0.0
1395,50,1.0862000000000005,0.7599999999999713,0.9694365622129217,0.557313463305095,0.012624360762436582,0.0,0.0,0.013023268250609838,0.0,0.0,0.405,0.0,0.0,0.445672144534041,0.0,0.0,0.0,0.0
1396,48,1.0797916666666671,0.5000000000000252,0.9691801102715945,0.5574841739840737,0.01618675827607656,0.0,0.0,0.013028430958093348,0.0,0.0,0.5677083333333334,0.0,0.0,0.4457831325301205,0.0,0.0,0.0,0.0
1397,52,0.9500000000000004,0.5769230769230886,0.9705513016845325,0.5576314446146011,0.009631507116396926,0.0,0.0,0.01301236828921756,0.0,0.0,0.4326923076923077,0.0,0.0,0.44693721286370597,0.0,0.0,0.0,0.0
1398,48,1.2793750000000006,0.5416666666666583,0.9712598344743022,0.5566567896188841,0.01652138821630383,0.0,0.0,0.013040773854028461,0.0,0.0,0.6979166666666666,0.0,0.0,0.44832430775518545,0.0,0.0,0.0,0.0
1399,45,0.973555555555556,0.6222222222222105,0.9712860061287023,0.5568947906026576,0.011633032395114096,0.0,0.0,0.013029089364500817,0.0,0.0,0.4388888888888889,0.0,0.0,0.4481869254341164,0.0,0.0,0.0,0.0
1400,53,1.1492452830188684,0.528301886792445,0.9730199081163855,0.5563042368555403,0.015486905669972491,0.0,0.0,0.013044626176218977,0.0,0.0,0.5660377358490566,0.0,0.0,0.44994895354772846,0.0,0.0,0.0,0.0
1401,46,0.7473913043478263,0.4347826086956501,0.9690912803757398,0.5531958341841957,0.0072792716493753715,0.0,0.0,0.012962634679180487,0.0,0.0,0.33695652173913043,0.0,0.0,0.4485399224014703,0.0,0.0,0.0,0.0
1402,43,1.0595348837209309,0.3720930232557985,0.9680909090909086,0.5517875383043934,0.013612190020914891,0.0,0.0,0.012929714465014105,0.0,0.0,0.6395348837209303,0.0,0.0,0.44862104187946883,0.0,0.0,0.0,0.0
1403,58,0.8334482758620695,0.551724137931056,0.9684856210483371,0.5523149092392425,0.011438712730715242,0.0,0.0,0.01294297142779265,0.0,0.0,0.3232758620689655,0.0,0.0,0.44865388537630024,0.0,0.0,0.0,0.0
1404,40,1.0392500000000005,0.7500000000000067,0.9680267456104528,0.5520620661494502,0.014862352520558291,0.0,0.0,0.01294098300699262,0.0,0.0,0.3625,0.0,0.0,0.44839730502245817,0.0,0.0,0.0,0.0
1405,61,1.2088524590163938,0.7213114754098333,0.9689824632952687,0.5526101141924972,0.01360265633646905,0.0,0.0,0.012921768735230847,0.0,0.0,0.5573770491803278,0.0,0.0,0.4491231647634584,0.0,0.0,0.0,0.0
1406,44,0.9840909090909093,0.45454545454545753,0.9692152260434731,0.5518930503112577,0.01062837506136471,0.0,0.0,0.012906291744862193,0.0,0.0,0.4715909090909091,0.0,0.0,0.44930605163792225,0.0,0.0,0.0,0.0
1407,51,1.0931372549019613,0.7058823529411887,0.968155151267375,0.5521259198691753,0.017989674088415706,0.0,0.0,0.012915775838560118,0.0,0.0,0.46078431372549017,0.0,0.0,0.4481807031888798,0.0,0.0,0.0,0.0
1408,47,0.7919148936170216,0.5106382978723719,0.966763112156221,0.5520907882629601,0.00898382814385736,0.0,0.0,0.012881763466992881,0.0,0.0,0.35106382978723405,0.0,0.0,0.4472446580104284,0.0,0.0,0.0,0.0
1409,47,0.9908510638297877,0.46808510638297923,0.9665309879320922,0.5509306606668042,0.015184219106619188,0.0,0.0,0.012884198529271418,0.0,0.0,0.5106382978723404,0.0,0.0,0.4476886888934342,0.0,0.0,0.0,0.0
1410,59,0.7496610169491529,0.5762711864407105,0.9651384489629098,0.551547971799327,0.0076074991400073,0.0,0.0,0.012842269127493968,0.0,0.0,0.2796610169491525,0.0,0.0,0.4465873096965362,0.0,0.0,0.0,0.0
1411,48,1.129791666666667,0.5416666666666802,0.9662593312199609,0.5513856222517654,0.013827129015807862,0.0,0.0,0.012852423027328762,0.0,0.0,0.59375,0.0,0.0,0.44769403824521936,0.0,0.0,0.0,0.0
1412,49,1.2614285714285718,0.9387755102040889,0.9666421418352746,0.5526262006948718,0.013486799039930516,0.0,0.0,0.012862187353407072,0.0,0.0,0.37244897959183676,0.0,0.0,0.44686286531780095,0.0,0.0,0.0,0.0
1413,46,0.9541304347826092,0.4565217391304525,0.9679754851889679,0.5533197139938729,0.00881502309700775,0.0,0.0,0.012856995555362597,0.0,0.0,0.391304347826087,0.0,0.0,0.4472165474974464,0.0,0.0,0.0,0.0
1414,38,1.1571052631578953,0.9736842105262973,0.9681832139201634,0.5543500511770746,0.015960072595281646,0.0,0.0,0.01289418727968179,0.0,0.0,0.3881578947368421,0.0,0.0,0.4469037871033777,0.0,0.0,0.0,0.0
1415,54,1.0857407407407411,0.6296296296296136,0.968496163682864,0.555089514066498,0.011176134197483829,0.0,0.0,0.012873614329384385,0.0,0.0,0.4861111111111111,0.0,0.0,0.4465984654731458,0.0,0.0,0.0,0.0
1416,55,0.8060000000000004,0.25454545454545036,0.9684569793582665,0.5544655630492559,0.011174691202419868,0.0,0.0,0.012886878861717875,0.0,0.0,0.4590909090909091,0.0,0.0,0.4465307582260372,0.0,0.0,0.0,0.0
1417,46,1.285869565217392,0.9565217391304435,0.9699028331799117,0.5563056152193944,0.01624553694040121,0.0,0.0,0.012908870378210473,0.0,0.0,0.4076086956521739,0.0,0.0,0.44609798506699394,0.0,0.0,0.0,0.0
1418,37,0.9448648648648653,0.5675675675675695,0.9694053111863014,0.5561365733620446,0.011165761737464164,0.0,0.0,0.012890247726560068,0.0,0.0,0.46621621621621623,0.0,0.0,0.4457859120270686,0.0,0.0,0.0,0.0
1419,54,0.8072222222222228,0.5185185185185137,0.9681719438467051,0.555487242545345,0.009276441796126949,0.0,0.0,0.012862144682264525,0.0,0.0,0.32407407407407407,0.0,0.0,0.4448201660006148,0.0,0.0,0.0,0.0
1420,46,1.0810869565217396,0.4782608695652242,0.9682895546891027,0.5539708598399367,0.014540935672515045,0.0,0.0,0.012868152891429436,0.0,0.0,0.5434782608695652,0.0,0.0,0.4457982762158834,0.0,0.0,0.0,0.0
1421,45,0.8362222222222224,0.3555555555555706,0.9676257958513036,0.5529882932840441,0.008503954802259569,0.0,0.0,0.01283423319367794,0.0,0.0,0.48333333333333334,0.0,0.0,0.44601047443006775,0.0,0.0,0.0,0.0
1422,53,0.8754716981132079,0.37735849056603865,0.9656212105641757,0.5527694995375627,0.012733260153676868,0.0,0.0,0.012805834028379722,0.0,0.0,0.5188679245283019,0.0,0.0,0.444918302332751,0.0,0.0,0.0,0.0
1423,47,0.9959574468085112,0.340425531914908,0.9641658105609198,0.5517772755290757,0.012257135375752981,0.0,0.0,0.012768271114497198,0.0,0.0,0.6223404255319149,0.0,0.0,0.44460139716457775,0.0,0.0,0.0,0.0
1424,52,0.7563461538461541,0.499999999999998,0.9636969012928374,0.5513030987071643,0.009532234609791624,0.0,0.0,0.012738679256798849,0.0,0.0,0.3317307692307692,0.0,0.0,0.4443617894520829,0.0,0.0,0.0,0.0
1425,35,1.3065714285714292,1.085714285714284,0.9640238634025915,0.5529726393746169,0.01757494235203689,0.0,0.0,0.01272658636937662,0.0,0.0,0.4,0.0,0.0,0.44373585681958444,0.0,0.0,0.0,0.0
1426,47,1.0046808510638303,0.8510638297872429,0.9642586685873026,0.5529375450149218,0.009762249328095883,0.0,0.0,0.01271769324613891,0.0,0.0,0.30851063829787234,0.0,0.0,0.44410433172137054,0.0,0.0,0.0,0.0
1427,50,1.1346000000000005,0.7199999999999973,0.9663816872427976,0.5545267489711959,0.01259826782145228,0.0,0.0,0.01272229957417303,0.0,0.0,0.49,0.0,0.0,0.44459876543209875,0.0,0.0,0.0,0.0
1428,41,1.0458536585365859,0.48780487804878536,0.9662509004836876,0.5540804775136383,0.011275308966605262,0.0,0.0,0.01271663445428803,0.0,0.0,0.573170731707317,0.0,0.0,0.44483894206030666,0.0,0.0,0.0,0.0
1429,59,1.194576271186441,0.610169491525401,0.9676867742266974,0.554310964957355,0.012248870351059456,0.0,0.0,0.012705919181342763,0.0,0.0,0.6313559322033898,0.0,0.0,0.4459973281266057,0.0,0.0,0.0,0.0
1430,43,1.0860465116279072,0.3255813953488386,0.9679734867947789,0.5536943787894381,0.01064751481988143,0.0,0.0,0.012677968154838048,0.0,0.0,0.6627906976744186,0.0,0.0,0.44630562121056416,0.0,0.0,0.0,0.0
1431,49,0.898979591836735,0.6938775510204205,0.9673625809103044,0.5537860885646793,0.008731417244796596,0.0,0.0,0.012650622968617142,0.0,0.0,0.29591836734693877,0.0,0.0,0.4453919654782698,0.0,0.0,0.0,0.0
1432,50,1.1512000000000004,0.6799999999999984,0.9692144984084601,0.5546770715679252,0.013414122582147331,0.0,0.0,0.012667795773097948,0.0,0.0,0.52,0.0,0.0,0.4461443680049286,0.0,0.0,0.0,0.0
1433,62,0.961129032258065,0.4516129032258137,0.9686040557148703,0.5540761982793962,0.015346381663661915,0.0,0.0,0.012655442303858032,0.0,0.0,0.5,0.0,0.0,0.44579578041786155,0.0,0.0,0.0,0.0
1434,49,1.045510204081633,0.5102040816326926,0.9678490990990987,0.5533374283374309,0.014418801013228583,0.0,0.0,0.012647830833364574,0.0,0.0,0.5612244897959183,0.0,0.0,0.4453572891072891,0.0,0.0,0.0,0.0
1435,49,1.0693877551020414,0.571428571428574,0.9673991398730282,0.5528363710833532,0.015792646172392694,0.0,0.0,0.012648567741106313,0.0,0.0,0.5612244897959183,0.0,0.0,0.44529490067581406,0.0,0.0,0.0,0.0
1436,51,1.0535294117647063,0.4901960784313798,0.9682673216661543,0.5524511308975568,0.01388013433221334,0.0,0.0,0.0126538473370043,0.0,0.0,0.5686274509803921,0.0,0.0,0.4461416436393409,0.0,0.0,0.0,0.0
1437,71,1.1081690140845075,0.6901408450704344,0.9704254667891026,0.5545352515049513,0.0127851803704908,0.0,0.0,0.012657218141168979,0.0,0.0,0.45422535211267606,0.0,0.0,0.44610243852668097,0.0,0.0,0.0,0.0
1438,52,0.8028846153846161,0.5769230769230763,0.9693513513513508,0.5541050484446739,0.011884429262738139,0.0,0.0,0.012648115988316026,0.0,0.0,0.3269230769230769,0.0,0.0,0.4457164711881693,0.0,0.0,0.0,0.0
1439,67,0.9505970149253737,0.7313432835820998,0.9695194461413151,0.5555894929749571,0.013951807228915834,0.0,0.0,0.012653501078972295,0.0,0.0,0.3246268656716418,0.0,0.0,0.4446141315414376,0.0,0.0,0.0,0.0
1440,47,1.065106382978724,0.5957446808510781,0.9689642529789183,0.5554537121906539,0.01148165137614581,0.0,0.0,0.012623605523771128,0.0,0.0,0.46808510638297873,0.0,0.0,0.4442407577146349,0.0,0.0,0.0,0.0
1441,39,1.12948717948718,0.7692307692308022,0.9692753032310667,0.5557027825909726,0.011338481338481768,0.0,0.0,0.012598864592372782,0.0,0.0,0.4230769230769231,0.0,0.0,0.4442462542044644,0.0,0.0,0.0,0.0
1442,66,0.9822727272727276,0.6515151515151455,0.9692853507075229,0.5560419423801315,0.012369776760160036,0.0,0.0,0.012579788920715804,0.0,0.0,0.4734848484848485,0.0,0.0,0.4446961213478571,0.0,0.0,0.0,0.0
1443,52,0.956538461538462,0.5769230769230972,0.9699338152937579,0.5563588229304584,0.013103266596417367,0.0,0.0,0.012595527041643432,0.0,0.0,0.3942307692307692,0.0,0.0,0.44450666938193667,0.0,0.0,0.0,0.0
1444,48,1.2237500000000006,1.0000000000000207,0.9717744070039699,0.5585869897180121,0.014608306391445216,0.0,0.0,0.012622783250091587,0.0,0.0,0.3229166666666667,0.0,0.0,0.4444670670874478,0.0,0.0,0.0,0.0
1445,50,1.1662000000000003,0.5800000000000063,0.9728258655804477,0.5594704684317752,0.014333824975417941,0.0,0.0,0.012637662102292963,0.0,0.0,0.545,0.0,0.0,0.44457739307535643,0.0,0.0,0.0,0.0
1446,50,1.0712000000000004,0.46000000000001173,0.9738804602382646,0.5591080338051149,0.015836782968657946,0.0,0.0,0.012651930632167964,0.0,0.0,0.56,0.0,0.0,0.4454994399755626,0.0,0.0,0.0,0.0
1447,45,1.331333333333334,0.7111111111110893,0.9756039139741105,0.559474059728879,0.02034986413043446,0.0,0.0,0.012671958757700186,0.0,0.0,0.6444444444444445,0.0,0.0,0.4466160432167975,0.0,0.0,0.0,0.0
1448,46,1.0247826086956524,0.6956521739130095,0.9775316197470416,0.5604855161158743,0.010306077831219593,0.0,0.0,0.012685738187517226,0.0,0.0,0.3967391304347826,0.0,0.0,0.44757241942064463,0.0,0.0,0.0,0.0
1449,40,1.2700000000000005,0.7500000000000269,0.977118090964715,0.5595553742606599,0.013925438596491155,0.0,0.0,0.012671971771937799,0.0,0.0,0.53125,0.0,0.0,0.44755761778502956,0.0,0.0,0.0,0.0
1450,57,1.0000000000000007,0.4210526315789428,0.9769233122578009,0.5591474607383268,0.010857142857142848,0.0,0.0,0.012652478204191835,0.0,0.0,0.5570175438596491,0.0,0.0,0.44773607995105036,0.0,0.0,0.0,0.0
1451,50,0.5542000000000001,0.30000000000000354,0.9739714722363723,0.5577177789098351,0.005309446254071952,0.0,0.0,0.012576260483473125,0.0,0.0,0.28,0.0,0.0,0.44625573102394295,0.0,0.0,0.0,0.0
1452,56,1.3350000000000006,0.6607142857142634,0.9765869299674264,0.559548045602609,0.018163265306123024,0.0,0.0,0.01262455144898264,0.0,0.0,0.6785714285714286,0.0,0.0,0.4472974348534202,0.0,0.0,0.0,0.0
1453,53,1.0879245283018875,0.6792452830188941,0.9777326823314003,0.5604719764011833,0.011965137995434428,0.0,0.0,0.012623966399445253,0.0,0.0,0.4386792452830189,0.0,0.0,0.44720781202319193,0.0,0.0,0.0,0.0
1454,50,0.8594000000000004,0.27999999999999764,0.9759694656488546,0.5577608142493672,0.0077661304897884255,0.0,0.0,0.012573446398061457,0.0,0.0,0.545,0.0,0.0,0.44763358778625956,0.0,0.0,0.0,0.0
1455,56,1.1798214285714292,0.6428571428571496,0.9774776149776148,0.5588115588115621,0.012906817737839388,0.0,0.0,0.012573523829966581,0.0,0.0,0.5982142857142857,0.0,0.0,0.44828551078551077,0.0,0.0,0.0,0.0
1456,47,0.948297872340426,0.5531914893616805,0.9769943019943018,0.5594220594220627,0.014532116074339395,0.0,0.0,0.012573757997815746,0.0,0.0,0.3829787234042553,0.0,0.0,0.4474969474969475,0.0,0.0,0.0,0.0
1457,53,0.5894339622641512,0.11320754716980956,0.974343937392011,0.5565606260798894,0.0072956562354040185,0.0,0.0,0.012531955501522942,0.0,0.0,0.42452830188679247,0.0,0.0,0.44704746417318836,0.0,0.0,0.0,0.0
1458,46,1.4293478260869574,0.8695652173913287,0.9760961968680086,0.5578604840349841,0.017915531335150066,0.0,0.0,0.012548670738467016,0.0,0.0,0.6304347826086957,0.0,0.0,0.4478340451494814,0.0,0.0,0.0,0.0
1459,51,1.2464705882352944,0.6274509803921394,0.976621264484651,0.5576336653791454,0.014431328036322631,0.0,0.0,0.012539921403615026,0.0,0.0,0.6078431372549019,0.0,0.0,0.4481347834925798,0.0,0.0,0.0,0.0
1460,60,0.8360000000000004,0.40000000000000535,0.9759553299492384,0.5575634517766531,0.010899608865710097,0.0,0.0,0.012515408029620919,0.0,0.0,0.45416666666666666,0.0,0.0,0.44809644670050763,0.0,0.0,0.0,0.0
1461,45,0.7751111111111115,0.599999999999975,0.9753547468997761,0.5583451921122211,0.00802023453667498,0.0,0.0,0.012473695567959946,0.0,0.0,0.25555555555555554,0.0,0.0,0.4469404350477739,0.0,0.0,0.0,0.0
1462,58,0.9324137931034487,0.6206896551724,0.976503453880536,0.5593254774481949,0.01101650030556086,0.0,0.0,0.012477204022216427,0.0,0.0,0.41379310344827586,0.0,0.0,0.447480698902885,0.0,0.0,0.0,0.0
1463,48,1.148958333333334,0.7916666666666811,0.9778776174019106,0.5614962390729856,0.013888189372953733,0.0,0.0,0.01249892489882356,0.0,0.0,0.5052083333333334,0.0,0.0,0.44760113844277294,0.0,0.0,0.0,0.0
1464,64,0.8765625000000005,0.5624999999999877,0.978393346181154,0.5613145349426952,0.011982058949167415,0.0,0.0,0.012511323250927395,0.0,0.0,0.4140625,0.0,0.0,0.4481438279744396,0.0,0.0,0.0,0.0
1465,42,0.8864285714285719,0.5714285714285788,0.9772994923857866,0.5612182741116784,0.01166718896897533,0.0,0.0,0.012507584665657545,0.0,0.0,0.38095238095238093,0.0,0.0,0.4478680203045685,0.0,0.0,0.0,0.0
1466,49,1.0014285714285718,0.6122448979591906,0.9765132113821136,0.5613821138211417,0.01106675687866493,0.0,0.0,0.01249226781003839,0.0,0.0,0.42857142857142855,0.0,0.0,0.4472560975609756,0.0,0.0,0.0,0.0
1467,45,1.062666666666667,0.6666666666666903,0.976078690524603,0.5614070760471772,0.012630744849445298,0.0,0.0,0.012477042639739038,0.0,0.0,0.5055555555555555,0.0,0.0,0.4471838145587637,0.0,0.0,0.0,0.0
1468,62,1.096451612903226,0.7096774193548022,0.9752178328424899,0.5601706103381774,0.010045810551204034,0.0,0.0,0.012457880091070067,0.0,0.0,0.4637096774193548,0.0,0.0,0.4472174266273992,0.0,0.0,0.0,0.0
1469,51,1.0129411764705887,0.5098039215686256,0.9754259315666562,0.55965072596203,0.010949554896142116,0.0,0.0,0.012437173113769342,0.0,0.0,0.5049019607843137,0.0,0.0,0.44763427759163366,0.0,0.0,0.0,0.0
1470,57,0.905964912280702,0.4736842105262935,0.9761447248403767,0.5603526907874766,0.008497613954253906,0.0,0.0,0.012407772168238088,0.0,0.0,0.4780701754385965,0.0,0.0,0.44788182831661094,0.0,0.0,0.0,0.0
1471,45,0.5884444444444449,0.22222222222222235,0.9746678835817866,0.5590710881249399,0.008894860597917222,0.0,0.0,0.012408657346918742,0.0,0.0,0.3611111111111111,0.0,0.0,0.4473684210526316,0.0,0.0,0.0,0.0
1472,43,0.8055813953488375,0.25581395348837027,0.9740095344355408,0.5576630489907731,0.009072812991095093,0.0,0.0,0.012380450183655018,0.0,0.0,0.48255813953488375,0.0,0.0,0.4478902525611117,0.0,0.0,0.0,0.0
1473,55,1.142363636363637,0.6000000000000014,0.9763308696972759,0.5589753973878742,0.01218107793718526,0.0,0.0,0.01239882070528818,0.0,0.0,0.6045454545454545,0.0,0.0,0.4491748506631568,0.0,0.0,0.0,0.0
1474,58,0.8296551724137938,0.5689655172413827,0.9755122494432068,0.5586151042721229,0.01579776756401833,0.0,0.0,0.012420180371544234,0.0,0.0,0.3103448275862069,0.0,0.0,0.44857258554363233,0.0,0.0,0.0,0.0
1475,54,0.9488888888888894,0.5925925925925993,0.9764873609706772,0.5599595551061709,0.011234378425784376,0.0,0.0,0.012414432295268672,0.0,0.0,0.4537037037037037,0.0,0.0,0.4485844287158746,0.0,0.0,0.0,0.0
1476,45,0.8884444444444448,0.42222222222221983,0.9753797148346645,0.5599150571341927,0.00946272189349097,0.0,0.0,0.01238293982696931,0.0,0.0,0.5055555555555555,0.0,0.0,0.4478460916169481,0.0,0.0,0.0,0.0
1477,47,0.8840425531914896,0.7659574468084981,0.9763334682314848,0.5630311614730908,0.0081073170731705,0.0,0.0,0.012365841344367233,0.0,0.0,0.2765957446808511,0.0,0.0,0.44713678672602186,0.0,0.0,0.0,0.0
1478,42,1.1364285714285718,0.7619047619047299,0.9771542822433688,0.563778092731325,0.011826065411297564,0.0,0.0,0.01237511522746124,0.0,0.0,0.4523809523809524,0.0,0.0,0.447231220894918,0.0,0.0,0.0,0.0
1479,45,0.9717777777777783,0.4666666666666719,0.976505316455696,0.5624303797468381,0.0145961281708948,0.0,0.0,0.012386134913060608,0.0,0.0,0.5222222222222223,0.0,0.0,0.4478227848101266,0.0,0.0,0.0,0.0
1480,55,0.962363636363637,0.5818181818181871,0.9771923076923075,0.5635627530364399,0.011648327464788595,0.0,0.0,0.012365087090163918,0.0,0.0,0.36363636363636365,0.0,0.0,0.4472419028340081,0.0,0.0,0.0,0.0
1481,53,1.2988679245283026,0.8679245283019154,0.9800546503390344,0.5663394393280059,0.016922320550638706,0.0,0.0,0.012396226825687164,0.0,0.0,0.4858490566037736,0.0,0.0,0.4475761562594879,0.0,0.0,0.0,0.0
1482,49,0.8073469387755106,0.6530612244898062,0.9793906265816376,0.5673651179269186,0.00720320466132472,0.0,0.0,0.012349136170560344,0.0,0.0,0.25510204081632654,0.0,0.0,0.4462496204069238,0.0,0.0,0.0,0.0
1483,58,1.1332758620689658,0.620689655172376,0.9795145140082935,0.5670071811469635,0.010347921914358193,0.0,0.0,0.012304445602043003,0.0,0.0,0.5172413793103449,0.0,0.0,0.446520683726105,0.0,0.0,0.0,0.0
1484,45,0.9500000000000006,0.7555555555555442,0.980347412134103,0.5690266383064951,0.01381260096930492,0.0,0.0,0.012332521695698302,0.0,0.0,0.3,0.0,0.0,0.4460397042438975,0.0,0.0,0.0,0.0
1485,52,0.9007692307692312,0.49999999999999734,0.9806741573033708,0.5691871646927853,0.01055906221821464,0.0,0.0,0.012325660393201586,0.0,0.0,0.4182692307692308,0.0,0.0,0.44609778317643484,0.0,0.0,0.0,0.0
1486,51,0.8005882352941183,0.4705882352941433,0.9800222604472326,0.5683496913892571,0.008920690408564639,0.0,0.0,0.012292957817983341,0.0,0.0,0.4264705882352941,0.0,0.0,0.44677729434382274,0.0,0.0,0.0,0.0
1487,44,1.2722727272727279,0.7272727272727254,0.9819836048982896,0.5680599129642777,0.01583144796380076,0.0,0.0,0.012308646642293709,0.0,0.0,0.6306818181818182,0.0,0.0,0.4486135006578282,0.0,0.0,0.0,0.0
1488,57,0.7910526315789479,0.736842105263169,0.9826167846309404,0.5699696663296289,0.008480346059808335,0.0,0.0,0.01230111795204146,0.0,0.0,0.21052631578947367,0.0,0.0,0.44812942366026287,0.0,0.0,0.0,0.0
1489,50,1.3918000000000008,0.880000000000029,0.9856452753916118,0.5725113693784771,0.017480532529515723,0.0,0.0,0.012350396612332957,0.0,0.0,0.62,0.0,0.0,0.4492673067205659,0.0,0.0,0.0,0.0
1490,43,1.0697674418604657,0.6046511627906982,0.987458038422649,0.5736097067745229,0.0148148148148143,0.0,0.0,0.012373502402238017,0.0,0.0,0.5174418604651163,0.0,0.0,0.45040444893832154,0.0,0.0,0.0,0.0
1491,49,1.0283673469387757,0.7755102040816808,0.9877656565656565,0.5746464646464682,0.010347022587269787,0.0,0.0,0.012375227474632928,0.0,0.0,0.3877551020408163,0.0,0.0,0.4502777777777778,0.0,0.0,0.0,0.0
1492,52,1.1792307692307697,0.5576923076922987,0.9878313982836948,0.5750630994447281,0.014586108468125825,0.0,0.0,0.01236702672231392,0.0,0.0,0.6009615384615384,0.0,0.0,0.45002523977788994,0.0,0.0,0.0,0.0
1493,50,1.0264000000000006,0.6000000000000374,0.9887590799031475,0.5749596448749024,0.013699946609718334,0.0,0.0,0.01238289694628036,0.0,0.0,0.465,0.0,0.0,0.4507919693301049,0.0,0.0,0.0,0.0
1494,44,1.0186363636363642,0.6818181818181721,0.988216341783658,0.5749924250075784,0.010961115187087585,0.0,0.0,0.012376219839989882,0.0,0.0,0.42613636363636365,0.0,0.0,0.45035854964145033,0.0,0.0,0.0,0.0
1495,42,0.8940476190476195,0.619047619047605,0.9866353440436494,0.5750227341618704,0.00922377794153778,0.0,0.0,0.01234240406090858,0.0,0.0,0.3333333333333333,0.0,0.0,0.44915125795695665,0.0,0.0,0.0,0.0
1496,46,0.9521739130434785,0.30434782608696276,0.9870200949207306,0.5746743411087581,0.00977460388306218,0.0,0.0,0.012314652663513613,0.0,0.0,0.5706521739130435,0.0,0.0,0.44976269817227105,0.0,0.0,0.0,0.0
1497,37,1.2964864864864871,0.810810810810796,0.9881856796116499,0.5756472491909417,0.013142465753425332,0.0,0.0,0.01231101658825695,0.0,0.0,0.5337837837837838,0.0,0.0,0.4502174352750809,0.0,0.0,0.0,0.0
1498,53,0.9883018867924532,0.6603773584905905,0.988554837406584,0.5767521712785327,0.01057114026236133,0.0,0.0,0.01230862764674596,0.0,0.0,0.4339622641509434,0.0,0.0,0.4501868309432438,0.0,0.0,0.0,0.0
1499,45,0.9753333333333338,0.666666666666649,0.9891022922346756,0.5775017671412734,0.009304642781429668,0.0,0.0,0.012293654668475682,0.0,0.0,0.3888888888888889,0.0,0.0,0.44996465717459355,0.0,0.0,0.0,0.0
1500,47,0.9308510638297879,0.6595744680850935,0.9898443972921082,0.5789633222188573,0.016263940520445688,0.0,0.0,0.012303206887240912,0.0,0.0,0.35106382978723405,0.0,0.0,0.4494543801151864,0.0,0.0,0.0,0.0
1501,42,0.7238095238095239,0.42857142857143105,0.9889466235341683,0.5796603315810785,0.009359605911330093,0.0,0.0,0.012289511404907198,0.0,0.0,0.2976190476190476,0.0,0.0,0.4484179134654266,0.0,0.0,0.0,0.0
1502,45,0.8566666666666669,0.4444444444444419,0.9898431332861038,0.5805080457443608,0.008483714788732813,0.0,0.0,0.012280232128911417,0.0,0.0,0.4444444444444444,0.0,0.0,0.44876530715514623,0.0,0.0,0.0,0.0
1503,47,0.5689361702127662,0.531914893616994,0.9886516853932577,0.580726794209943,0.006929256284011274,0.0,0.0,0.01226179804903772,0.0,0.0,0.10638297872340426,0.0,0.0,0.44726186861018324,0.0,0.0,0.0,0.0
1504,48,1.0468750000000007,0.5833333333333681,0.9895151821862342,0.5812753036437278,0.013500806018269597,0.0,0.0,0.012266973662747673,0.0,0.0,0.46875,0.0,0.0,0.4477732793522267,0.0,0.0,0.0,0.0
1505,54,0.9427777777777782,0.5370370370370243,0.9887695885148107,0.5813365685977181,0.010518595041322371,0.0,0.0,0.01224328022443695,0.0,0.0,0.46296296296296297,0.0,0.0,0.4473764027904155,0.0,0.0,0.0,0.0
1506,56,1.104285714285715,0.6249999999999903,0.9892765484490245,0.580276851571186,0.018076585793627663,0.0,0.0,0.012264695971549446,0.0,0.0,0.5133928571428571,0.0,0.0,0.44839345256138224,0.0,0.0,0.0,0.0
1507,55,1.062363636363637,0.6181818181818169,0.9887059298919078,0.5805636933023566,0.014706770702239486,0.0,0.0,0.012242278841066274,0.0,0.0,0.4727272727272727,0.0,0.0,0.4479997979593898,0.0,0.0,0.0,0.0
1508,50,0.8746000000000004,0.48000000000000254,0.988750252372299,0.5811629315566352,0.009625797930882423,0.0,0.0,0.012249079558187935,0.0,0.0,0.47,0.0,0.0,0.4476327478295982,0.0,0.0,0.0,0.0
1509,54,1.1896296296296303,0.6111111111111077,0.9897728190630042,0.5824919224555763,0.013853784774638424,0.0,0.0,0.012242751609539214,0.0,0.0,0.6388888888888888,0.0,0.0,0.4481775040387722,0.0,0.0,0.0,0.0
1510,53,1.03622641509434,0.6981132075471941,0.9904579844648436,0.5829718551397185,0.01197035745422864,0.0,0.0,0.012245338036038556,0.0,0.0,0.44339622641509435,0.0,0.0,0.44842630888731966,0.0,0.0,0.0,0.0
1511,49,0.7610204081632655,0.4489795918367174,0.9906557046302832,0.5830727327751466,0.007178055822906498,0.0,0.0,0.012221124325965676,0.0,0.0,0.39285714285714285,0.0,0.0,0.449031574699889,0.0,0.0,0.0,0.0
1512,45,1.101333333333334,0.6000000000000189,0.9920464177598383,0.5837537840565115,0.012617107942973695,0.0,0.0,0.012219081851807662,0.0,0.0,0.5,0.0,0.0,0.4496720484359233,0.0,0.0,0.0,0.0
1513,43,0.883488372093024,0.6511627906976751,0.9915072786089766,0.5840072786089798,0.014175373134328349,0.0,0.0,0.012219784409293425,0.0,0.0,0.3081395348837209,0.0,0.0,0.44927719369187225,0.0,0.0,0.0,0.0
1514,59,1.15406779661017,0.6101694915254366,0.9927500505152552,0.585471812487374,0.012038543140028448,0.0,0.0,0.012217300000373,0.0,0.0,0.576271186440678,0.0,0.0,0.4496362901596282,0.0,0.0,0.0,0.0
1515,39,1.022564102564103,0.6923076923076734,0.9926777946383406,0.5863429438543274,0.011542691751085146,0.0,0.0,0.012204341396495393,0.0,0.0,0.4230769230769231,0.0,0.0,0.44898836621143146,0.0,0.0,0.0,0.0
1516,55,0.6498181818181823,0.32727272727269363,0.9896642394822002,0.5851537216828504,0.009563821246990043,0.0,0.0,0.012193520331048513,0.0,0.0,0.36363636363636365,0.0,0.0,0.4477396844660194,0.0,0.0,0.0,0.0
1517,40,1.1180000000000005,0.3750000000000068,0.9894524845663389,0.5840501973484489,0.01119959929877292,0.0,0.0,0.012173270994291129,0.0,0.0,0.7,0.0,0.0,0.44866410282360086,0.0,0.0,0.0,0.0
1518,52,1.0528846153846159,0.5000000000000017,0.9894599514563104,0.5838389967637564,0.013981103166496374,0.0,0.0,0.012158023059009499,0.0,0.0,0.5673076923076923,0.0,0.0,0.44910497572815533,0.0,0.0,0.0,0.0
1519,50,1.1246000000000005,0.7999999999999611,0.9914372408212802,0.5859209062405202,0.01186537244144277,0.0,0.0,0.012156207176650774,0.0,0.0,0.42,0.0,0.0,0.44932739961565693,0.0,0.0,0.0,0.0
1520,50,1.0264000000000004,0.6200000000000044,0.9920483267617021,0.5868971792538694,0.01221613901452039,0.0,0.0,0.012155476025008768,0.0,0.0,0.485,0.0,0.0,0.44904458598726116,0.0,0.0,0.0,0.0
1521,47,1.3378723404255324,0.7446808510638678,0.9926499443713962,0.5872357641347249,0.011900075700227455,0.0,0.0,0.012151621482413307,0.0,0.0,0.6276595744680851,0.0,0.0,0.4494791139880651,0.0,0.0,0.0,0.0
1522,45,0.9537777777777786,0.7555555555555303,0.9908533872598578,0.5862487360970704,0.016086956521738888,0.0,0.0,0.012162976643506289,0.0,0.0,0.25555555555555554,0.0,0.0,0.4483822042467139,0.0,0.0,0.0,0.0
1523,56,0.9744642857142861,0.4999999999999914,0.9910302295015668,0.5859872611464993,0.011452256033578766,0.0,0.0,0.012169383242684254,0.0,0.0,0.45535714285714285,0.0,0.0,0.4485643514305935,0.0,0.0,0.0,0.0
1524,46,1.1247826086956527,0.6521739130434758,0.9937211655200319,0.5886280857952271,0.011124489357128113,0.0,0.0,0.012184321552933664,0.0,0.0,0.5108695652173914,0.0,0.0,0.44913496560097127,0.0,0.0,0.0,0.0
1525,63,1.0728571428571434,0.5714285714285792,0.9939057137088628,0.5885322027054338,0.014510519536282167,0.0,0.0,0.012187402906221823,0.0,0.0,0.5158730158730159,0.0,0.0,0.449399353926913,0.0,0.0,0.0,0.0
1526,55,0.9061818181818188,0.6181818181817944,0.9950742349257646,0.5903444096555929,0.012085354025218152,0.0,0.0,0.012197731859206917,0.0,0.0,0.37727272727272726,0.0,0.0,0.4490960509039491,0.0,0.0,0.0,0.0
1527,46,1.3206521739130443,0.7391304347825952,0.997504802345566,0.5921544838742315,0.01986592544146484,0.0,0.0,0.012226786774282716,0.0,0.0,0.5652173913043478,0.0,0.0,0.44962592255585887,0.0,0.0,0.0,0.0
1528,47,0.8310638297872346,0.3617021276595835,0.9962886910782919,0.591138984422418,0.011163189482709477,0.0,0.0,0.012207991650884022,0.0,0.0,0.44680851063829785,0.0,0.0,0.449145255917459,0.0,0.0,0.0,0.0
1529,54,0.9320370370370377,0.4444444444444421,0.9964351523742022,0.590665181735347,0.013015257305404825,0.0,0.0,0.01220717413145135,0.0,0.0,0.47685185185185186,0.0,0.0,0.44950389794472007,0.0,0.0,0.0,0.0
1530,35,0.7300000000000005,0.34285714285713503,0.9950076041772274,0.588867484538175,0.010167130919220084,0.0,0.0,0.012204772588211323,0.0,0.0,0.42857142857142855,0.0,0.0,0.4500405556118828,0.0,0.0,0.0,0.0
1531,54,0.9859259259259263,0.6481481481481486,0.9954819093949525,0.5893381980338523,0.015176738882553836,0.0,0.0,0.012223979729620431,0.0,0.0,0.4166666666666667,0.0,0.0,0.45031417857504813,0.0,0.0,0.0,0.0
1532,52,1.2386538461538465,0.750000000000004,0.9960923731388632,0.5886761875822972,0.012222011385199455,0.0,0.0,0.012203360806474444,0.0,0.0,0.47115384615384615,0.0,0.0,0.45080016205813833,0.0,0.0,0.0,0.0
1533,47,0.8223404255319152,0.42553191489361997,0.9962869027087347,0.5882114233539637,0.013798643341663329,0.0,0.0,0.012210646205341893,0.0,0.0,0.4095744680851064,0.0,0.0,0.45122755402252207,0.0,0.0,0.0,0.0
1534,43,0.6351162790697675,0.3720930232558051,0.993918727199027,0.5865423591406588,0.008722452890450247,0.0,0.0,0.012178785448025309,0.0,0.0,0.27325581395348836,0.0,0.0,0.45024321037697607,0.0,0.0,0.0,0.0
1535,44,1.0143181818181821,0.5454545454545399,0.9948754304233338,0.5874012558233767,0.010319075144508789,0.0,0.0,0.012168456206242188,0.0,0.0,0.48295454545454547,0.0,0.0,0.4502481263925461,0.0,0.0,0.0,0.0
1536,44,0.9293181818181822,0.3409090909090915,0.9942355204536247,0.58485216686918,0.013903434206052253,0.0,0.0,0.012162881612490076,0.0,0.0,0.48863636363636365,0.0,0.0,0.4510176184690158,0.0,0.0,0.0,0.0
1537,45,0.9720000000000003,0.39999999999999614,0.9919331306990878,0.5829787234042575,0.013127250900360916,0.0,0.0,0.012121472497458825,0.0,0.0,0.5444444444444444,0.0,0.0,0.4502786220871327,0.0,0.0,0.0,0.0
1538,45,1.301333333333334,0.844444444444475,0.9945792305349708,0.5843061618109863,0.016598639455783257,0.0,0.0,0.01215032894532876,0.0,0.0,0.4888888888888889,0.0,0.0,0.4511724698000203,0.0,0.0,0.0,0.0
1539,52,0.8392307692307697,0.4423076923076913,0.9941836631151695,0.5847792998477955,0.010677758747247527,0.0,0.0,0.012131456887222582,0.0,0.0,0.46634615384615385,0.0,0.0,0.4509132420091324,0.0,0.0,0.0,0.0
1540,50,1.1398000000000006,0.5599999999999958,0.9949219066937114,0.583671399594323,0.014586639365241695,0.0,0.0,0.0121322186288393,0.0,0.0,0.575,0.0,0.0,0.45197768762677487,0.0,0.0,0.0,0.0
1541,46,0.7750000000000002,0.4782608695652135,0.994115677321156,0.5831557584982268,0.009796647430612471,0.0,0.0,0.012124307125699401,0.0,0.0,0.27717391304347827,0.0,0.0,0.45116692034500255,0.0,0.0,0.0,0.0
1542,50,1.0016000000000005,0.5599999999999877,0.9960123820156291,0.5836800974322565,0.012436056617829374,0.0,0.0,0.01216201210784286,0.0,0.0,0.47,0.0,0.0,0.45222267329747284,0.0,0.0,0.0,0.0
1543,40,1.0120000000000005,0.350000000000006,0.9980507872016245,0.5833417978669398,0.019377692675921775,0.0,0.0,0.012212802187558292,0.0,0.0,0.58125,0.0,0.0,0.45398679532757746,0.0,0.0,0.0,0.0
1544,51,0.7874509803921573,0.4313725490195912,0.996896061713357,0.5823183110028443,0.012258852258852423,0.0,0.0,0.0122285791125726,0.0,0.0,0.3872549019607843,0.0,0.0,0.45368960617133575,0.0,0.0,0.0,0.0
1545,65,1.0683076923076928,0.7076923076923275,0.9956057536466768,0.5815437601296618,0.015970561177553706,0.0,0.0,0.012221413978635043,0.0,0.0,0.4461538461538462,0.0,0.0,0.4533275931928687,0.0,0.0,0.0,0.0
1546,42,1.0769047619047623,0.6666666666666737,0.9966278363046995,0.5826580226904398,0.019855136084284533,0.0,0.0,0.012250152524435067,0.0,0.0,0.5714285714285714,0.0,0.0,0.4539606969205835,0.0,0.0,0.0,0.0
1547,56,1.0416071428571434,0.6785714285714372,0.9976481312670914,0.5842195887774763,0.013081408387530913,0.0,0.0,0.012237560583490011,0.0,0.0,0.4419642857142857,0.0,0.0,0.45388939532057127,0.0,0.0,0.0,0.0
1548,44,1.084318181818182,0.4545454545454443,0.9971205673758858,0.5836879432624136,0.010932630614114902,0.0,0.0,0.012202131062580463,0.0,0.0,0.6590909090909091,0.0,0.0,0.4540273556231003,0.0,0.0,0.0,0.0
1549,49,0.8753061224489799,0.44897959183674707,0.9952066032003235,0.5820336236580943,0.012317633543940935,0.0,0.0,0.012180790470228796,0.0,0.0,0.42857142857142855,0.0,0.0,0.45326108973060564,0.0,0.0,0.0,0.0
1550,57,1.161052631578948,0.8421052631579291,0.9959301972685882,0.583004552352051,0.016332675222113156,0.0,0.0,0.012187545263335157,0.0,0.0,0.3991228070175439,0.0,0.0,0.45318664643399087,0.0,0.0,0.0,0.0
1551,59,1.04542372881356,0.5423728813559255,0.9959367421180271,0.5829628132578843,0.01827555555555533,0.0,0.0,0.012198424171613341,0.0,0.0,0.5550847457627118,0.0,0.0,0.4535923605497171,0.0,0.0,0.0,0.0
1552,47,1.2268085106382987,0.553191489361692,0.9966023048928423,0.5831985442782068,0.01610614525139627,0.0,0.0,0.012217474337254917,0.0,0.0,0.6436170212765957,0.0,0.0,0.4540032349373231,0.0,0.0,0.0,0.0
1553,52,0.724038461538462,0.3846153846153827,0.9956253159437869,0.5828530987766679,0.00894299287410955,0.0,0.0,0.012204565931621362,0.0,0.0,0.34134615384615385,0.0,0.0,0.4534930745121828,0.0,0.0,0.0,0.0
1554,57,1.1273684210526322,0.5614035087719446,0.9976804123711338,0.5836870830806572,0.02387959866220647,0.0,0.0,0.012234134189342471,0.0,0.0,0.631578947368421,0.0,0.0,0.45532646048109965,0.0,0.0,0.0,0.0
1555,48,0.9077083333333338,0.5416666666666567,0.9973245702730028,0.5829120323559172,0.01131394443001847,0.0,0.0,0.012231238731086239,0.0,0.0,0.375,0.0,0.0,0.4555611729019211,0.0,0.0,0.0,0.0
1556,60,0.9066666666666671,0.4833333333333235,0.9965167744543245,0.5812449474535184,0.011963932263030105,0.0,0.0,0.012225032138416497,0.0,0.0,0.5083333333333333,0.0,0.0,0.45604284559417946,0.0,0.0,0.0,0.0
1557,56,1.145892857142858,0.6785714285714528,0.9974012326967765,0.5811862180458746,0.014975495915985928,0.0,0.0,0.012232766675671745,0.0,0.0,0.5133928571428571,0.0,0.0,0.45693139335152066,0.0,0.0,0.0,0.0
1558,40,0.8847500000000004,0.8999999999999744,0.9946279069767437,0.581597573306372,0.013648283841109993,0.0,0.0,0.01222288768139805,0.0,0.0,0.1875,0.0,0.0,0.4543478260869565,0.0,0.0,0.0,0.0
1559,54,0.916481481481482,0.4259259259259164,0.9932292929292925,0.5801010101010119,0.011400598940336406,0.0,0.0,0.012204741903612927,0.0,0.0,0.5231481481481481,0.0,0.0,0.45457070707070707,0.0,0.0,0.0,0.0
1560,49,0.7342857142857145,0.3061224489796012,0.9915112053301024,0.5780335150413909,0.009297157622739007,0.0,0.0,0.012192921039498898,0.0,0.0,0.413265306122449,0.0,0.0,0.4542196648495861,0.0,0.0,0.0,0.0
1561,52,0.8990384615384619,0.6538461538461658,0.9904748941318807,0.5767291792700161,0.015788584937521402,0.0,0.0,0.012209831721477262,0.0,0.0,0.33653846153846156,0.0,0.0,0.45394736842105265,0.0,0.0,0.0,0.0
1562,44,0.7456818181818186,0.45454545454544193,0.9892341842397332,0.5759257390777942,0.014839439167797362,0.0,0.0,0.012222846948558179,0.0,0.0,0.42613636363636365,0.0,0.0,0.45404096458480475,0.0,0.0,0.0,0.0
1563,47,1.4234042553191493,0.8085106382978543,0.9913150463896728,0.5781565147236806,0.0171362704918032,0.0,0.0,0.012241978168413346,0.0,0.0,0.7127659574468085,0.0,0.0,0.4549969745865268,0.0,0.0,0.0,0.0
1564,44,0.9029545454545459,0.40909090909090917,0.9899424649237906,0.576461088119513,0.012021180030257034,0.0,0.0,0.012231617702081834,0.0,0.0,0.4431818181818182,0.0,0.0,0.4547037448268901,0.0,0.0,0.0,0.0
1565,31,1.2970967741935489,0.9677419354838769,0.990844714213454,0.5760242792109274,0.01393277893277899,0.0,0.0,0.012226145939826096,0.0,0.0,0.41935483870967744,0.0,0.0,0.45531107738998483,0.0,0.0,0.0,0.0
1566,48,0.9437500000000004,0.3750000000000075,0.9920105177993518,0.5758495145631084,0.011852433281004592,0.0,0.0,0.012246309502407089,0.0,0.0,0.5677083333333334,0.0,0.0,0.4565382281553398,0.0,0.0,0.0,0.0
1567,47,0.9555319148936176,0.6808510638297788,0.9922770974597704,0.5774719157979978,0.016224710982658666,0.0,0.0,0.01226573641781637,0.0,0.0,0.43617021276595747,0.0,0.0,0.45605201902641435,0.0,0.0,0.0,0.0
1568,41,1.0441463414634151,0.7317073170731555,0.9925494171312714,0.5784085149518516,0.01407297830374737,0.0,0.0,0.012270557554385109,0.0,0.0,0.4329268292682927,0.0,0.0,0.4562341611758743,0.0,0.0,0.0,0.0
1569,51,0.7415686274509805,0.43137254901960376,0.9905612968591687,0.577912867274571,0.013643578643578761,0.0,0.0,0.012276077517472091,0.0,0.0,0.37745098039215685,0.0,0.0,0.4550405268490375,0.0,0.0,0.0,0.0
1570,45,1.2235555555555562,0.6222222222222317,0.9914660853695625,0.5781202473892341,0.018677069199457674,0.0,0.0,0.012302055368388768,0.0,0.0,0.6555555555555556,0.0,0.0,0.455616952245767,0.0,0.0,0.0,0.0
1571,51,0.832745098039216,0.686274509803943,0.991293855201784,0.578077469073212,0.010873015873016504,0.0,0.0,0.012288128349774285,0.0,0.0,0.29901960784313725,0.0,0.0,0.45566315149056985,0.0,0.0,0.0,0.0
1572,47,0.8431914893617023,0.4042553191489447,0.9920188602717497,0.576759278036911,0.011872378669862267,0.0,0.0,0.012299248967235691,0.0,0.0,0.4946808510638298,0.0,0.0,0.4572348408030825,0.0,0.0,0.0,0.0
1573,43,0.9625581395348842,0.48837209302325457,0.9914042380614412,0.5761938558248013,0.013223642172524185,0.0,0.0,0.012309200977362334,0.0,0.0,0.5116279069767442,0.0,0.0,0.45716313494879857,0.0,0.0,0.0,0.0
1574,40,1.2260000000000004,0.5749999999999991,0.9925159849791936,0.5756622348523308,0.013461432884984912,0.0,0.0,0.012311238569069039,0.0,0.0,0.6125,0.0,0.0,0.45815995128387293,0.0,0.0,0.0,0.0
1575,49,1.1359183673469395,0.6938775510204219,0.9945917123705053,0.5766808856388398,0.01641887905604707,0.0,0.0,0.012328221306852544,0.0,0.0,0.4744897959183674,0.0,0.0,0.45884115376802764,0.0,0.0,0.0,0.0
1576,42,1.2638095238095248,0.9285714285714609,0.9952697348369395,0.5781773849436164,0.02362260792167408,0.0,0.0,0.012348381143976496,0.0,0.0,0.44047619047619047,0.0,0.0,0.45872701412171085,0.0,0.0,0.0,0.0
1577,54,0.955370370370371,0.5000000000000061,0.9950065983148915,0.5778093594558945,0.017185209860093906,0.0,0.0,0.012366185988418337,0.0,0.0,0.4537037037037037,0.0,0.0,0.45825296924170134,0.0,0.0,0.0,0.0
1578,42,1.261428571428572,0.7619047619047864,0.9975526396093983,0.5800020343810414,0.01853743876836937,0.0,0.0,0.012390071710489777,0.0,0.0,0.5654761904761905,0.0,0.0,0.45893093276370667,0.0,0.0,0.0,0.0
1579,33,0.9957575757575762,0.5454545454545537,0.9990422391857503,0.580356234096694,0.011105103075363457,0.0,0.0,0.012404463569212529,0.0,0.0,0.5454545454545454,0.0,0.0,0.46027989821882953,0.0,0.0,0.0,0.0
1580,49,1.028571428571429,0.5714285714285736,0.9985339302065314,0.5801200529046718,0.013358070500927625,0.0,0.0,0.01239040691215387,0.0,0.0,0.47959183673469385,0.0,0.0,0.4600417132973853,0.0,0.0,0.0,0.0
1581,46,1.0415217391304352,0.6956521739130508,0.9999949150818667,0.5802908573171992,0.014522582600787929,0.0,0.0,0.012413569781079247,0.0,0.0,0.43478260869565216,0.0,0.0,0.4610241025119496,0.0,0.0,0.0,0.0
1582,55,1.0969090909090915,0.6909090909091128,1.000521986391794,0.5810906875190434,0.0139782205746059,0.0,0.0,0.012424401015426903,0.0,0.0,0.4590909090909091,0.0,0.0,0.4610287397176805,0.0,0.0,0.0,0.0
1583,57,1.102631578947369,0.5964912280701727,1.0001775928556929,0.5814897503551877,0.016392801251956038,0.0,0.0,0.012427934812214417,0.0,0.0,0.5307017543859649,0.0,0.0,0.46052364522021516,0.0,0.0,0.0,0.0
1584,48,1.056666666666667,0.7499999999999863,1.00147775746496,0.5829778590290492,0.013711814003784796,0.0,0.0,0.012431259975340609,0.0,0.0,0.3958333333333333,0.0,0.0,0.4608978265285395,0.0,0.0,0.0,0.0
1585,56,0.810714285714286,0.5714285714285654,1.0014255232676283,0.5834180044706379,0.00996269475532154,0.0,0.0,0.012418751047387953,0.0,0.0,0.2857142857142857,0.0,0.0,0.46057711847185534,0.0,0.0,0.0,0.0
1586,50,0.8878000000000003,0.46000000000001334,1.0013070834179012,0.5834179013598558,0.012511273957159353,0.0,0.0,0.012422686188328076,0.0,0.0,0.45,0.0,0.0,0.46052364522021516,0.0,0.0,0.0,0.0
1587,53,0.784150943396227,0.3773584905660433,1.0020239423759763,0.5834432383078035,0.007570127504553441,0.0,0.0,0.012400299306097007,0.0,0.0,0.3584905660377358,0.0,0.0,0.4610682763518312,0.0,0.0,0.0,0.0
1588,46,1.3493478260869571,0.8695652173912677,1.0042154376711632,0.5853534841261808,0.018814792361321015,0.0,0.0,0.012445143902978644,0.0,0.0,0.5978260869565217,0.0,0.0,0.46181154275281466,0.0,0.0,0.0,0.0
1589,38,0.8276315789473685,0.42105263157894823,1.0038019299136614,0.5849669883189453,0.007763515181436911,0.0,0.0,0.012413335276103698,0.0,0.0,0.3618421052631579,0.0,0.0,0.46157948197054344,0.0,0.0,0.0,0.0
1590,57,1.0424561403508776,0.47368421052631626,1.0043068804546373,0.5841282727826282,0.018283076923077787,0.0,0.0,0.012425486180776792,0.0,0.0,0.5263157894736842,0.0,0.0,0.46247716663283944,0.0,0.0,0.0,0.0
1591,38,1.0497368421052635,0.5789473684210867,1.0038352965069046,0.5830625507717321,0.014021089630931566,0.0,0.0,0.01241710953210552,0.0,0.0,0.5263157894736842,0.0,0.0,0.4625558489033306,0.0,0.0,0.0,0.0
1592,53,1.0516981132075478,0.7547169811320712,1.0043228162726991,0.5847620980014221,0.011267434808975822,0.0,0.0,0.012410923045484721,0.0,0.0,0.41509433962264153,0.0,0.0,0.462184234554124,0.0,0.0,0.0,0.0
1593,58,0.6953448275862072,0.34482758620689646,1.0030945384537435,0.5826324855608488,0.009256369061280478,0.0,0.0,0.012396971992811956,0.0,0.0,0.3922413793103448,0.0,0.0,0.4626608572297092,0.0,0.0,0.0,0.0
1594,54,0.8842592592592597,0.5925925925925759,1.002284294839298,0.583189698874583,0.012399376785250356,0.0,0.0,0.012382373756035877,0.0,0.0,0.32407407407407407,0.0,0.0,0.46121869613707794,0.0,0.0,0.0,0.0
1595,62,1.0446774193548394,0.6774193548387563,1.002125569620253,0.5828860759493687,0.01347970863683743,0.0,0.0,0.01238767090021008,0.0,0.0,0.41935483870967744,0.0,0.0,0.4612405063291139,0.0,0.0,0.0,0.0
1596,56,0.9655357142857147,0.4999999999999996,1.0015410300516034,0.5828189820904599,0.011021198532409755,0.0,0.0,0.012364101718542759,0.0,0.0,0.44642857142857145,0.0,0.0,0.4606394819386826,0.0,0.0,0.0,0.0
1597,47,0.8880851063829792,0.38297872340428263,1.0012725248025913,0.5818991698724453,0.010932425353588234,0.0,0.0,0.012374798405006725,0.0,0.0,0.46808510638297873,0.0,0.0,0.4608220287507593,0.0,0.0,0.0,0.0
1598,59,1.0452542372881362,0.5762711864406356,1.0001850541005153,0.5820608757204988,0.013418189730200283,0.0,0.0,0.012361528751577904,0.0,0.0,0.4872881355932203,0.0,0.0,0.45982910304378605,0.0,0.0,0.0,0.0
1599,41,1.0782926829268298,0.6341463414633965,1.0006302478502778,0.582094081942338,0.010951201387169011,0.0,0.0,0.012357843131130558,0.0,0.0,0.45121951219512196,0.0,0.0,0.45988872028325745,0.0,0.0,0.0,0.0
1600,55,1.0578181818181824,0.5818181818181694,1.0001517143724081,0.5823809042176609,0.012719720157411765,0.0,0.0,0.01234454622853737,0.0,0.0,0.4772727272727273,0.0,0.0,0.4594164053808031,0.0,0.0,0.0,0.0
1601,52,1.1532692307692312,0.7692307692308135,1.002131810370969,0.5840493278075423,0.015109599395314786,0.0,0.0,0.012388152765004642,0.0,0.0,0.5048076923076923,0.0,0.0,0.460224401091681,0.0,0.0,0.0,0.0
1602,51,1.05843137254902,0.3921568627450786,1.002172507827492,0.5839814160185856,0.012846263683960276,0.0,0.0,0.012385441800028252,0.0,0.0,0.5833333333333334,0.0,0.0,0.4600797899202101,0.0,0.0,0.0,0.0
1603,49,1.1595918367346942,0.8163265306122361,1.0039415689446014,0.5853214718964834,0.014458015267174594,0.0,0.0,0.01240060835590322,0.0,0.0,0.44387755102040816,0.0,0.0,0.4608016579053781,0.0,0.0,0.0,0.0
1604,50,0.9366000000000005,0.5599999999999848,1.0034588971924863,0.5845283781054347,0.015527188328913012,0.0,0.0,0.012403784457210802,0.0,0.0,0.455,0.0,0.0,0.4611694607150071,0.0,0.0,0.0,0.0
1605,50,0.7882000000000005,0.23999999999999835,1.001104033970276,0.5819431806692967,0.008997716894977456,0.0,0.0,0.012377013218336966,0.0,0.0,0.46,0.0,0.0,0.4605702153472854,0.0,0.0,0.0,0.0
1606,45,0.9864444444444449,0.5333333333333314,1.0011130206227252,0.5822887181560871,0.011423057128151589,0.0,0.0,0.012381285186856857,0.0,0.0,0.5111111111111111,0.0,0.0,0.4607511120097048,0.0,0.0,0.0,0.0
1607,42,1.0392857142857148,0.6666666666666932,1.0008003642618637,0.5820095112820007,0.0123339926532921,0.0,0.0,0.01235935807226751,0.0,0.0,0.44642857142857145,0.0,0.0,0.4606900738642113,0.0,0.0,0.0,0.0
1608,49,0.859591836734694,0.7346938775509793,1.0010935761254425,0.5831057157309063,0.010196078431372468,0.0,0.0,0.01236566637301397,0.0,0.0,0.32142857142857145,0.0,0.0,0.4605209914011128,0.0,0.0,0.0,0.0
1609,49,1.0832653061224495,0.5306122448979569,1.0015495094568625,0.5833923333670485,0.011645458534444713,0.0,0.0,0.012350790015915093,0.0,0.0,0.5306122448979592,0.0,0.0,0.4606301203600688,0.0,0.0,0.0,0.0
1610,62,1.1900000000000006,0.7903225806451464,1.0042335692618807,0.5847320525783626,0.02258340985613641,0.0,0.0,0.012427124819665463,0.0,0.0,0.49193548387096775,0.0,0.0,0.4619059656218402,0.0,0.0,0.0,0.0
1611,53,1.0107547169811324,0.8301886792452646,1.0036594239514907,0.5862556846892375,0.012469739292364765,0.0,0.0,0.012420486678681284,0.0,0.0,0.33962264150943394,0.0,0.0,0.460611419909045,0.0,0.0,0.0,0.0
1612,48,0.9337500000000004,0.5416666666666488,1.002043662825955,0.5842935112189209,0.012664594518225629,0.0,0.0,0.012415448713212526,0.0,0.0,0.4427083333333333,0.0,0.0,0.46096118859915103,0.0,0.0,0.0,0.0
1613,51,1.1978431372549025,0.6274509803921607,1.0032750782907365,0.5851096070310136,0.02719946571683105,0.0,0.0,0.012479699826339603,0.0,0.0,0.5392156862745098,0.0,0.0,0.46168804929790885,0.0,0.0,0.0,0.0
1614,40,1.1850000000000007,0.6999999999999973,1.0034188465811535,0.5840824159175845,0.014544338754219613,0.0,0.0,0.012476108550690078,0.0,0.0,0.5125,0.0,0.0,0.4621755378244622,0.0,0.0,0.0,0.0
1615,49,0.9859183673469393,0.5102040816326675,1.0028829830234438,0.5834680679062253,0.012753431890179013,0.0,0.0,0.012486009974183887,0.0,0.0,0.4744897959183674,0.0,0.0,0.46210590137429264,0.0,0.0,0.0,0.0
1616,63,1.0901587301587308,0.6666666666666472,1.0045315024232633,0.5858239095315029,0.014013466639461696,0.0,0.0,0.012501954042921107,0.0,0.0,0.38492063492063494,0.0,0.0,0.46163166397415184,0.0,0.0,0.0,0.0
1617,43,0.7611627906976749,0.604651162790678,1.002167457832542,0.5841834158165846,0.010961152042866941,0.0,0.0,0.012479025468759258,0.0,0.0,0.313953488372093,0.0,0.0,0.46124128875871123,0.0,0.0,0.0,0.0
1618,60,0.8485000000000004,0.4999999999999648,1.0014520354695686,0.5837363966142687,0.008585160202361197,0.0,0.0,0.012455240434624613,0.0,0.0,0.4,0.0,0.0,0.46085247883917774,0.0,0.0,0.0,0.0
1619,56,0.9301785714285721,0.5535714285714388,1.0021065887568004,0.5839210155148099,0.015794420861128138,0.0,0.0,0.01248781902479385,0.0,0.0,0.44642857142857145,0.0,0.0,0.4615152125730405,0.0,0.0,0.0,0.0
1620,55,0.9498181818181823,0.6909090909091014,1.0014514343231,0.5850025163563164,0.011081883750530245,0.0,0.0,0.012470710922096779,0.0,0.0,0.43636363636363634,0.0,0.0,0.46099647710115754,0.0,0.0,0.0,0.0
1621,52,1.0059615384615388,0.49999999999998457,1.002222892778113,0.5855964594648967,0.010287118977384614,0.0,0.0,0.012478787901558356,0.0,0.0,0.5528846153846154,0.0,0.0,0.46137598068799035,0.0,0.0,0.0,0.0
1622,59,1.1157627118644073,0.7118644067796208,1.0035715721753118,0.5874547647768396,0.011110548523206962,0.0,0.0,0.012467506031739718,0.0,0.0,0.4703389830508475,0.0,0.0,0.4611228387615601,0.0,0.0,0.0,0.0
1623,43,1.0497674418604654,0.697674418604649,1.0038073209975866,0.5890989541432018,0.014071072319202484,0.0,0.0,0.012474939167884174,0.0,0.0,0.436046511627907,0.0,0.0,0.46025241351568785,0.0,0.0,0.0,0.0
1624,41,0.9931707317073174,0.780487804878052,1.0050588945937782,0.5903553810530554,0.009732313575525897,0.0,0.0,0.012475772015131042,0.0,0.0,0.2926829268292683,0.0,0.0,0.46023356488472766,0.0,0.0,0.0,0.0
1625,39,0.950512820512821,0.35897435897436,1.0037828318405957,0.5877025259132534,0.012536354413256913,0.0,0.0,0.012459422458610567,0.0,0.0,0.5256410256410257,0.0,0.0,0.4607024252792593,0.0,0.0,0.0,0.0
1626,42,1.1407142857142865,0.8809523809523992,1.004357631896899,0.587696335078534,0.016368295182780355,0.0,0.0,0.012490083340011249,0.0,0.0,0.42857142857142855,0.0,0.0,0.46128674989931534,0.0,0.0,0.0,0.0
1627,59,1.009830508474577,0.677966101694882,1.003735036716628,0.5875666431948494,0.012777182071627072,0.0,0.0,0.012491149401113677,0.0,0.0,0.4576271186440678,0.0,0.0,0.4611206116084901,0.0,0.0,0.0,0.0
1628,54,1.1250000000000007,0.740740740740735,1.0042194092827001,0.5888085191882658,0.014287394167450403,0.0,0.0,0.012506490337998066,0.0,0.0,0.46296296296296297,0.0,0.0,0.46066907775768534,0.0,0.0,0.0,0.0
1629,43,1.139069767441861,0.46511627906976466,1.0036727711813238,0.5881465083517811,0.012331319234642282,0.0,0.0,0.012507476648405076,0.0,0.0,0.6337209302325582,0.0,0.0,0.46040450794928556,0.0,0.0,0.0,0.0
1630,60,1.0665000000000004,0.6333333333333467,1.0036956303365143,0.5895529884480162,0.01187198515770001,0.0,0.0,0.012513403474320848,0.0,0.0,0.4625,0.0,0.0,0.4595429432446007,0.0,0.0,0.0,0.0
1631,49,1.1528571428571432,0.7346938775510337,1.004945253641386,0.5897538925163236,0.014703279541905498,0.0,0.0,0.012547887578328466,0.0,0.0,0.49489795918367346,0.0,0.0,0.4605223505775992,0.0,0.0,0.0,0.0
1632,53,0.9292452830188684,0.9056603773585066,1.0038079935730062,0.5909821249246839,0.012788886003635513,0.0,0.0,0.012544387609118019,0.0,0.0,0.19811320754716982,0.0,0.0,0.45882707370958026,0.0,0.0,0.0,0.0
1633,54,1.1524074074074078,0.7037037037037166,1.00488040201005,0.5924623115577892,0.012720768601799253,0.0,0.0,0.012531832304948457,0.0,0.0,0.5462962962962963,0.0,0.0,0.45904522613065324,0.0,0.0,0.0,0.0
1634,40,1.0290000000000006,0.5499999999999915,1.0047771853938234,0.5926969117794991,0.013844601412713781,0.0,0.0,0.012528318405364332,0.0,0.0,0.50625,0.0,0.0,0.45873151594407,0.0,0.0,0.0,0.0
1635,45,0.9420000000000002,0.577777777777801,1.0041742980778905,0.592734225621415,0.012237297921477852,0.0,0.0,0.012513471587709895,0.0,0.0,0.35555555555555557,0.0,0.0,0.4577588809499849,0.0,0.0,0.0,0.0
1636,49,1.0491836734693885,0.6938775510203943,1.0041429290387518,0.5937594363361853,0.012619047619047504,0.0,0.0,0.012507378181644987,0.0,0.0,0.40816326530612246,0.0,0.0,0.45694514343231,0.0,0.0,0.0,0.0
1637,64,0.9984375000000003,0.8281249999999727,1.0033622078968574,0.5945809830781625,0.009607577807848187,0.0,0.0,0.012481071118467343,0.0,0.0,0.3515625,0.0,0.0,0.4562852538275584,0.0,0.0,0.0,0.0
1638,57,1.1149122807017546,0.4561403508772008,1.0050518473774286,0.5938789892278262,0.009883359253498465,0.0,0.0,0.01246283562786196,0.0,0.0,0.6842105263157895,0.0,0.0,0.45827041175878386,0.0,0.0,0.0,0.0
1639,55,1.0258181818181824,0.5818181818182029,1.0055347243221449,0.5928837818768269,0.013060185185185605,0.0,0.0,0.01245757007758583,0.0,0.0,0.44545454545454544,0.0,0.0,0.4591019050498942,0.0,0.0,0.0,0.0
1640,52,1.0175000000000005,0.5384615384615415,1.0053153334676606,0.5925851299617165,0.012904878048780093,0.0,0.0,0.01246517623927123,0.0,0.0,0.5096153846153846,0.0,0.0,0.4593239975821076,0.0,0.0,0.0,0.0
1641,53,0.6652830188679251,0.22641509433962345,1.0030150905432595,0.5899396378269615,0.009303430079156419,0.0,0.0,0.012455674157584161,0.0,0.0,0.41509433962264153,0.0,0.0,0.45923038229376256,0.0,0.0,0.0,0.0
1642,52,0.8407692307692312,0.5769230769230566,1.002303042514608,0.5894620189401569,0.010096997690531198,0.0,0.0,0.012443463306338188,0.0,0.0,0.3942307692307692,0.0,0.0,0.45879508361877896,0.0,0.0,0.0,0.0
1643,58,0.9250000000000004,0.5344827586206785,1.0020912202980263,0.5892066049134106,0.010672369206286253,0.0,0.0,0.012429216890038964,0.0,0.0,0.44396551724137934,0.0,0.0,0.4590465163109142,0.0,0.0,0.0,0.0
1644,53,1.127169811320755,0.6037735849056617,1.0016876320821173,0.5872999899365999,0.015854564755838803,0.0,0.0,0.01243439437453706,0.0,0.0,0.5660377358490566,0.0,0.0,0.4602747308040656,0.0,0.0,0.0,0.0
1645,53,0.9415094339622646,0.43396226415095057,1.0005392354124745,0.5865191146881281,0.011005734450816228,0.0,0.0,0.012416660320187227,0.0,0.0,0.5188679245283019,0.0,0.0,0.4601609657947686,0.0,0.0,0.0,0.0
1646,41,1.0460975609756102,0.5121951219512193,1.0003715637901516,0.5868492598932628,0.015489346334417625,0.0,0.0,0.012412838786739955,0.0,0.0,0.5121951219512195,0.0,0.0,0.4598731245594603,0.0,0.0,0.0,0.0
1647,50,1.1766000000000005,0.7200000000000033,0.9997594605475035,0.5869565217391298,0.014608889992550793,0.0,0.0,0.012394717501893528,0.0,0.0,0.505,0.0,0.0,0.45926429146537845,0.0,0.0,0.0,0.0
1648,47,1.0610638297872341,0.5319148936170275,0.9999335815638519,0.5861930160008046,0.010357217030114056,0.0,0.0,0.0123943967667898,0.0,0.0,0.5851063829787234,0.0,0.0,0.46014893831136155,0.0,0.0,0.0,0.0
1649,60,1.0015000000000005,0.5666666666666587,0.9988580897860799,0.5854172943657722,0.010973338203067326,0.0,0.0,0.012377761017936405,0.0,0.0,0.4666666666666667,0.0,0.0,0.4599025810987245,0.0,0.0,0.0,0.0
1650,41,1.180243902439025,0.682926829268284,0.9995996378633937,0.5867618951815706,0.015499679692504147,0.0,0.0,0.012399885198033445,0.0,0.0,0.5609756097560976,0.0,0.0,0.4597625993360829,0.0,0.0,0.0,0.0
1651,43,0.8774418604651165,0.4186046511628038,1.001312663579625,0.5874773505133878,0.011282894736842108,0.0,0.0,0.012441498176997069,0.0,0.0,0.5,0.0,0.0,0.46084155425810347,0.0,0.0,0.0,0.0
1652,48,0.784583333333334,0.7291666666666662,0.9983820269997981,0.5877493451541402,0.011374207188160674,0.0,0.0,0.012407587329410342,0.0,0.0,0.203125,0.0,0.0,0.45836691517227485,0.0,0.0,0.0,0.0
1653,54,1.1353703703703708,0.5555555555555364,0.9986491387126014,0.5870857257983273,0.013451075032909219,0.0,0.0,0.012416214638814038,0.0,0.0,0.5879629629629629,0.0,0.0,0.45917699204190593,0.0,0.0,0.0,0.0
1654,55,1.0545454545454551,0.5999999999999898,0.9996596858638737,0.5887031816351181,0.013260173754000832,0.0,0.0,0.012453115593016309,0.0,0.0,0.5045454545454545,0.0,0.0,0.45899617398308495,0.0,0.0,0.0,0.0
1655,45,1.2164444444444449,0.9333333333332768,0.9996260457615155,0.5899606894466275,0.013654277874781335,0.0,0.0,0.01245624678146632,0.0,0.0,0.4222222222222222,0.0,0.0,0.4580435439975809,0.0,0.0,0.0,0.0
1656,51,1.2649019607843144,0.7450980392156924,1.0012322418136017,0.5909319899244324,0.020756113256113796,0.0,0.0,0.012480648973701746,0.0,0.0,0.5441176470588235,0.0,0.0,0.4588413098236776,0.0,0.0,0.0,0.0
1657,49,0.9557142857142863,0.6734693877550978,1.0032073379699622,0.5938917447837911,0.013456896551723583,0.0,0.0,0.012512833020496423,0.0,0.0,0.33163265306122447,0.0,0.0,0.45839633101501864,0.0,0.0,0.0,0.0
1658,51,0.7711764705882358,0.35294117647056295,1.0000402982067296,0.5913761837598217,0.010418543046358182,0.0,0.0,0.01247797021799747,0.0,0.0,0.4264705882352941,0.0,0.0,0.4574350191416482,0.0,0.0,0.0,0.0
1659,56,1.0657142857142863,0.5357142857142748,0.9991451011982679,0.5908770516564281,0.013805227851029278,0.0,0.0,0.012474366130605805,0.0,0.0,0.5223214285714286,0.0,0.0,0.4570284966267244,0.0,0.0,0.0,0.0
1660,62,1.2056451612903232,0.6774193548386809,1.0014195107218362,0.5925702204771959,0.015180747359869932,0.0,0.0,0.012500219917210644,0.0,0.0,0.5564516129032258,0.0,0.0,0.45766636464310884,0.0,0.0,0.0,0.0
1661,43,1.1060465116279075,0.7441860465115906,1.0028979961735975,0.5931930319202483,0.011388888888889238,0.0,0.0,0.01251887614208992,0.0,0.0,0.45348837209302323,0.0,0.0,0.45856409223643135,0.0,0.0,0.0,0.0
1662,45,0.7088888888888891,0.35555555555556156,1.001976204880016,0.5919540229885044,0.011111111111110851,0.0,0.0,0.01252307688430248,0.0,0.0,0.26666666666666666,0.0,0.0,0.45795523290986084,0.0,0.0,0.0,0.0
1663,41,1.1236585365853666,0.8292682926828989,1.0017677328221166,0.5919685198264539,0.022594409024030884,0.0,0.0,0.012542170333661413,0.0,0.0,0.45121951219512196,0.0,0.0,0.4576985167995157,0.0,0.0,0.0,0.0
1664,58,0.6217241379310348,0.24137931034484425,1.000351337708228,0.5901060070671366,0.007719974309569963,0.0,0.0,0.012517028802425521,0.0,0.0,0.3448275862068966,0.0,0.0,0.4573195355880868,0.0,0.0,0.0,0.0
1665,53,0.9179245283018873,0.4528301886792473,1.0003933037515123,0.5894513916901963,0.010952273750563,0.0,0.0,0.01251168252294573,0.0,0.0,0.47641509433962265,0.0,0.0,0.45774505849132713,0.0,0.0,0.0,0.0
1666,46,0.8817391304347829,0.3478260869565187,0.9998375870069601,0.5882174921819819,0.008526382173639387,0.0,0.0,0.012495858411899595,0.0,0.0,0.4891304347826087,0.0,0.0,0.4580349036618582,0.0,0.0,0.0,0.0
1667,53,0.9058490566037741,0.7169811320754953,0.9990504989416384,0.588549541376876,0.012789025039957639,0.0,0.0,0.012496602121688233,0.0,0.0,0.3160377358490566,0.0,0.0,0.45706078016329,0.0,0.0,0.0,0.0
1668,51,0.9198039215686279,0.49019607843136337,0.998033299697275,0.5872855701311794,0.01116638895501079,0.0,0.0,0.012510511323389593,0.0,0.0,0.4411764705882353,0.0,0.0,0.4569374369323915,0.0,0.0,0.0,0.0
1669,46,0.9791304347826092,0.7826086956521681,0.997868753154972,0.5885916203937392,0.008340740740740416,0.0,0.0,0.012491361856689032,0.0,0.0,0.358695652173913,0.0,0.0,0.4562342251388188,0.0,0.0,0.0,0.0
1670,50,0.8014000000000006,0.20000000000002227,0.9974055364720144,0.5872903616892291,0.00958153993304611,0.0,0.0,0.012506692104899835,0.0,0.0,0.51,0.0,0.0,0.45638007678318854,0.0,0.0,0.0,0.0
1671,48,0.9808333333333339,0.41666666666666097,0.999183920816079,0.5881224118775871,0.0139579009783578,0.0,0.0,0.01252650492112157,0.0,0.0,0.5104166666666666,0.0,0.0,0.4570750429249571,0.0,0.0,0.0,0.0
1672,48,1.342083333333334,0.6458333333333127,1.0016858469614371,0.5898445386634352,0.023597069597069916,0.0,0.0,0.012581545409936525,0.0,0.0,0.6354166666666666,0.0,0.0,0.45782858873410054,0.0,0.0,0.0,0.0
1673,48,1.1614583333333337,0.45833333333333376,1.0016789574704514,0.5891504192342649,0.016225261932479928,0.0,0.0,0.012600079547721707,0.0,0.0,0.65625,0.0,0.0,0.45797555308617033,0.0,0.0,0.0,0.0
1674,54,1.0446296296296302,0.4814814814814701,1.0029216776149568,0.5886811520970174,0.012354358300482163,0.0,0.0,0.012586303329617335,0.0,0.0,0.5370370370370371,0.0,0.0,0.4592723597776655,0.0,0.0,0.0,0.0
1675,44,0.7815909090909096,0.3636363636363551,1.002231664137582,0.5876580677794625,0.009792141230068403,0.0,0.0,0.0125816717888802,0.0,0.0,0.4431818181818182,0.0,0.0,0.4592311583206879,0.0,0.0,0.0,0.0
1676,54,0.7637037037037041,0.44444444444443726,1.001447341823327,0.58762886597938,0.010650826446281066,0.0,0.0,0.012588915556109009,0.0,0.0,0.39814814814814814,0.0,0.0,0.4586870830806549,0.0,0.0,0.0,0.0
1677,48,0.8866666666666672,0.33333333333333676,1.0014482061647296,0.5855482566952993,0.010238152513832227,0.0,0.0,0.01260570233520212,0.0,0.0,0.5104166666666666,0.0,0.0,0.45980293077311774,0.0,0.0,0.0,0.0
1678,43,0.9979069767441866,0.6511627906976587,1.0008599434114793,0.5850848827809202,0.015752569750367068,0.0,0.0,0.01262063464354029,0.0,0.0,0.38372093023255816,0.0,0.0,0.4595038399353274,0.0,0.0,0.0,0.0
1679,41,1.3612195121951225,0.6829268292683164,1.0024858471492113,0.5860291144359066,0.016228554812446266,0.0,0.0,0.012628898539281556,0.0,0.0,0.6646341463414634,0.0,0.0,0.46006874241811563,0.0,0.0,0.0,0.0
1680,43,0.9723255813953491,0.6976744186046698,1.0025779352226718,0.5865384615384602,0.010798037190082278,0.0,0.0,0.012625542024936405,0.0,0.0,0.38953488372093026,0.0,0.0,0.46029858299595144,0.0,0.0,0.0,0.0
1681,52,1.0780769230769236,0.7307692307692469,1.0013857677902618,0.5857880352262362,0.011907391673747039,0.0,0.0,0.01259897503559619,0.0,0.0,0.41346153846153844,0.0,0.0,0.4599149711509262,0.0,0.0,0.0,0.0
1682,47,0.7319148936170217,0.5106382978723092,1.0010661131922645,0.5850966892781194,0.010934520025429568,0.0,0.0,0.01263013954106276,0.0,0.0,0.3723404255319149,0.0,0.0,0.4605143262124127,0.0,0.0,0.0,0.0
1683,60,0.8488333333333338,0.4666666666666612,0.9993653203765558,0.584168438101021,0.012726136931534533,0.0,0.0,0.012649205255079501,0.0,0.0,0.39166666666666666,0.0,0.0,0.4597631339204373,0.0,0.0,0.0,0.0
1684,58,0.9941379310344832,0.4999999999999818,0.9995592397897285,0.5828952689041637,0.012595019659240047,0.0,0.0,0.01264428345812268,0.0,0.0,0.521551724137931,0.0,0.0,0.46085220380105135,0.0,0.0,0.0,0.0
1685,46,1.0502173913043482,0.8695652173913738,1.000314586283633,0.584665183087193,0.012528526970954912,0.0,0.0,0.012655549938892206,0.0,0.0,0.4076086956521739,0.0,0.0,0.4608284442646166,0.0,0.0,0.0,0.0
1686,48,1.109166666666667,0.499999999999992,1.0018739249215818,0.5848426591116046,0.016167628302460175,0.0,0.0,0.01269228747848099,0.0,0.0,0.5520833333333334,0.0,0.0,0.46144895274714154,0.0,0.0,0.0,0.0
1687,41,0.794146341463415,0.48780487804874834,0.9998076923076916,0.5838056680161932,0.011196698762036278,0.0,0.0,0.012672467873348536,0.0,0.0,0.35365853658536583,0.0,0.0,0.460247975708502,0.0,0.0,0.0,0.0
1688,51,1.0815686274509808,0.823529411764757,1.001435082033623,0.5841604213084859,0.016367952522256164,0.0,0.0,0.012717151139611126,0.0,0.0,0.37745098039215685,0.0,0.0,0.46126189993923433,0.0,0.0,0.0,0.0
1689,44,0.9352272727272731,0.36363636363635776,0.9991619375760027,0.5816781516011338,0.015337308982482218,0.0,0.0,0.012701778297657538,0.0,0.0,0.5284090909090909,0.0,0.0,0.46075699229833805,0.0,0.0,0.0,0.0
1690,49,1.025102040816327,0.4081632653061276,0.9989831881709532,0.5807170346364177,0.009843229472858261,0.0,0.0,0.01267460417400162,0.0,0.0,0.6020408163265306,0.0,0.0,0.4612112618999392,0.0,0.0,0.0,0.0
1691,46,0.9089130434782614,0.21739130434782664,0.9984175868706303,0.5780569344544612,0.011976511028358554,0.0,0.0,0.012686058231331825,0.0,0.0,0.592391304347826,0.0,0.0,0.46218721507446053,0.0,0.0,0.0,0.0
1692,49,0.878775510204082,0.20408163265306445,0.9968706931495736,0.5763072557762451,0.010507564665690744,0.0,0.0,0.012664281548636018,0.0,0.0,0.5510204081632653,0.0,0.0,0.46189704094041345,0.0,0.0,0.0,0.0
1693,36,0.9183333333333336,0.49999999999998423,0.9964339354576811,0.5759082606048289,0.01108280254777068,0.0,0.0,0.012653202714440056,0.0,0.0,0.4583333333333333,0.0,0.0,0.46186827684189163,0.0,0.0,0.0,0.0
1694,49,0.692040816326531,0.48979591836734526,0.994821990059843,0.5750076072623982,0.007581041806393899,0.0,0.0,0.012632892055714913,0.0,0.0,0.25510204081632654,0.0,0.0,0.46100010143016534,0.0,0.0,0.0,0.0
1695,60,1.1695000000000004,0.6333333333333416,0.9963116330869689,0.5751746481725205,0.012936946902654472,0.0,0.0,0.012652857335724963,0.0,0.0,0.5375,0.0,0.0,0.4620076946441227,0.0,0.0,0.0,0.0
1696,57,0.8656140350877197,0.29824561403507777,0.9957635517799346,0.5748381877022638,0.010791776027996402,0.0,0.0,0.01265849945874791,0.0,0.0,0.4605263157894737,0.0,0.0,0.46149372977346276,0.0,0.0,0.0,0.0
1697,55,1.1912727272727277,0.7636363636363633,0.995725822733696,0.5750050474459908,0.015700934579439493,0.0,0.0,0.012672541494882181,0.0,0.0,0.40454545454545454,0.0,0.0,0.46090753078942054,0.0,0.0,0.0,0.0
1698,47,1.0617021276595748,0.7234042553191369,0.996078787878787,0.5752525252525236,0.014351452401495159,0.0,0.0,0.01269345875956246,0.0,0.0,0.44680851063829785,0.0,0.0,0.4609848484848485,0.0,0.0,0.0,0.0
1699,46,1.1169565217391306,0.5217391304347789,0.9967346732653258,0.5745884254115731,0.01082595870206542,0.0,0.0,0.012702625820568985,0.0,0.0,0.5652173913043478,0.0,0.0,0.4617967882032118,0.0,0.0,0.0,0.0
1700,41,0.7719512195121955,0.5853658536585387,0.9961162203132887,0.5742294087923179,0.01042146855449454,0.0,0.0,0.01268138699795566,0.0,0.0,0.27439024390243905,0.0,0.0,0.4615462354724608,0.0,0.0,0.0,0.0
1701,54,1.172592592592593,0.7962962962963102,0.9982325628343588,0.576057333198747,0.014030578329271163,0.0,0.0,0.012703066876297407,0.0,0.0,0.4027777777777778,0.0,0.0,0.46192086403553045,0.0,0.0,0.0,0.0
1702,49,0.9622448979591841,0.36734693877551994,0.9986974069216014,0.5756230451014012,0.01206808292807793,0.0,0.0,0.012724525148642191,0.0,0.0,0.5255102040816326,0.0,0.0,0.4623145999394612,0.0,0.0,0.0,0.0
1703,52,1.1832692307692316,0.615384615384613,1.0017022993142388,0.5760387252924556,0.018799266727773156,0.0,0.0,0.012778876325279328,0.0,0.0,0.5528846153846154,0.0,0.0,0.46447660346914077,0.0,0.0,0.0,0.0
1704,48,1.0983333333333336,0.5000000000000199,1.0019513916901968,0.5756353368293655,0.010105424573509483,0.0,0.0,0.012757516846776572,0.0,0.0,0.625,0.0,0.0,0.46523295683743443,0.0,0.0,0.0,0.0
1705,55,0.8980000000000002,0.2545454545454457,1.0016970858122407,0.5740647373197527,0.010495112622184137,0.0,0.0,0.012757760226032294,0.0,0.0,0.5727272727272728,0.0,0.0,0.4658414843198548,0.0,0.0,0.0,0.0
1706,52,1.234038461538462,0.5769230769230551,1.0023363260365168,0.5737919903157458,0.015173799952708239,0.0,0.0,0.012747524561939252,0.0,0.0,0.5817307692307693,0.0,0.0,0.4661807727226874,0.0,0.0,0.0,0.0
1707,48,0.7012500000000005,0.541666666666667,1.0005441146779719,0.5733898647284461,0.010466417910447537,0.0,0.0,0.012728107450741747,0.0,0.0,0.3177083333333333,0.0,0.0,0.465424994952554,0.0,0.0,0.0,0.0
1708,40,0.9560000000000006,0.4999999999999985,1.0010004042037177,0.5735650767987054,0.012980312287848114,0.0,0.0,0.012747199859993062,0.0,0.0,0.4125,0.0,0.0,0.4651879547291835,0.0,0.0,0.0,0.0
1709,45,0.9697777777777781,0.44444444444446457,0.999828057044603,0.5727723272984716,0.010874657363568192,0.0,0.0,0.012730913867710759,0.0,0.0,0.5277777777777778,0.0,0.0,0.4645241225852129,0.0,0.0,0.0,0.0
1710,45,0.912444444444445,0.6000000000000115,0.9992347403583348,0.5722239093025598,0.013890392422191498,0.0,0.0,0.012739840588089595,0.0,0.0,0.4222222222222222,0.0,0.0,0.4644447818605122,0.0,0.0,0.0,0.0
1711,45,1.0200000000000007,0.5777777777777798,1.0005113924050624,0.5728607594936697,0.013567839195979916,0.0,0.0,0.012780840737042063,0.0,0.0,0.5111111111111111,0.0,0.0,0.4650126582278481,0.0,0.0,0.0,0.0
1712,50,1.0468000000000006,0.76000000000001,1.0002864372469626,0.5736842105263146,0.017505016722407587,0.0,0.0,0.01279996839779412,0.0,0.0,0.415,0.0,0.0,0.4646002024291498,0.0,0.0,0.0,0.0
1713,59,1.2415254237288142,0.6101694915254403,1.0022322150363776,0.5735650767987055,0.015004096681686927,0.0,0.0,0.012809104998062823,0.0,0.0,0.6610169491525424,0.0,0.0,0.4664510913500404,0.0,0.0,0.0,0.0
1714,44,0.7020454545454548,0.4090909090909175,0.999988867523529,0.5726141078838163,0.007844083291010672,0.0,0.0,0.012789438532091142,0.0,0.0,0.38636363636363635,0.0,0.0,0.4654387207772493,0.0,0.0,0.0,0.0
1715,53,0.9479245283018872,0.49056603773584906,0.9996210207175332,0.5717028802425458,0.012582018532431264,0.0,0.0,0.012793938845198726,0.0,0.0,0.4811320754716981,0.0,0.0,0.46568974229408794,0.0,0.0,0.0,0.0
1716,44,1.0925000000000005,0.6363636363636422,1.001980979360582,0.573350870093079,0.015092621664049788,0.0,0.0,0.012819039877395952,0.0,0.0,0.5568181818181818,0.0,0.0,0.4666632942128693,0.0,0.0,0.0,0.0
1717,42,0.9497619047619051,0.6428571428571205,1.0012897026097503,0.5744487153550466,0.009829965500246418,0.0,0.0,0.012811710087454244,0.0,0.0,0.34523809523809523,0.0,0.0,0.4652033178231843,0.0,0.0,0.0,0.0
1718,40,1.0072500000000004,0.5999999999999901,1.0010421308486928,0.5749442981567744,0.010933514246947152,0.0,0.0,0.012796820826460878,0.0,0.0,0.49375,0.0,0.0,0.4647812436702451,0.0,0.0,0.0,0.0
1719,53,0.8203773584905664,0.03773584905660138,0.9994472005669729,0.5709223448415504,0.009617341296173247,0.0,0.0,0.012783921966785166,0.0,0.0,0.6273584905660378,0.0,0.0,0.4658803280348284,0.0,0.0,0.0,0.0
1720,52,0.8236538461538465,0.4615384615384424,0.9983854641158004,0.5700981880757153,0.013113900796080697,0.0,0.0,0.012788412043321986,0.0,0.0,0.4375,0.0,0.0,0.46563417349934205,0.0,0.0,0.0,0.0
1721,46,1.2947826086956529,0.9130434782608509,0.9981504353107911,0.5708645474792458,0.014452802717786517,0.0,0.0,0.012803414164132365,0.0,0.0,0.5217391304347826,0.0,0.0,0.46512451913342784,0.0,0.0,0.0,0.0
1722,57,0.8963157894736845,0.5087719298245641,0.9977654196157727,0.5696663296258837,0.012503671071953012,0.0,0.0,0.012790471598332652,0.0,0.0,0.40350877192982454,0.0,0.0,0.46572295247724976,0.0,0.0,0.0,0.0
1723,58,1.1681034482758625,0.8620689655173188,0.998896077638495,0.5717751718560448,0.012555596738325325,0.0,0.0,0.012797088592020875,0.0,0.0,0.35344827586206895,0.0,0.0,0.46512333198544276,0.0,0.0,0.0,0.0
1724,39,1.1253846153846159,0.6666666666666589,0.998809307030854,0.5717754172989373,0.016147902869757255,0.0,0.0,0.012819013713285648,0.0,0.0,0.5256410256410257,0.0,0.0,0.46514921598381387,0.0,0.0,0.0,0.0
1725,53,1.0596226415094345,0.6037735849056957,0.9986632911392399,0.5719493670886072,0.015475337558556696,0.0,0.0,0.012821302879846319,0.0,0.0,0.5801886792452831,0.0,0.0,0.46544303797468356,0.0,0.0,0.0,0.0
1726,57,0.8961403508771935,0.3859649122806934,0.9985866153690387,0.5706186088893386,0.010516779905291254,0.0,0.0,0.012810706761604704,0.0,0.0,0.45614035087719296,0.0,0.0,0.4658803280348284,0.0,0.0,0.0,0.0
1727,43,1.1081395348837215,0.6511627906976704,0.9975632975491185,0.5701843224630342,0.014365390413023111,0.0,0.0,0.012789389286711328,0.0,0.0,0.5058139534883721,0.0,0.0,0.465591452298967,0.0,0.0,0.0,0.0
1728,36,1.048055555555556,0.6666666666666753,0.998541011862516,0.5715299604582782,0.020144153764015214,0.0,0.0,0.01281471727524567,0.0,0.0,0.4861111111111111,0.0,0.0,0.46575585521646556,0.0,0.0,0.0,0.0
1729,55,1.0709090909090915,0.5090909090908887,0.9993085969180855,0.5718775344687751,0.011350934669493497,0.0,0.0,0.01280384381076588,0.0,0.0,0.5909090909090909,0.0,0.0,0.46639294403892945,0.0,0.0,0.0,0.0
1730,50,1.1316000000000006,0.6400000000000102,1.0009322805952015,0.5730337078651684,0.01363045049385723,0.0,0.0,0.012816879866338173,0.0,0.0,0.51,0.0,0.0,0.46674764652292744,0.0,0.0,0.0,0.0
1731,46,1.0521739130434788,0.6521739130434644,1.0012531658393269,0.5729915915307463,0.011458333333332616,0.0,0.0,0.0127987283334305,0.0,0.0,0.4891304347826087,0.0,0.0,0.4671259244250836,0.0,0.0,0.0,0.0
1732,53,0.8205660377358495,0.4528301886792393,0.9990326175040514,0.5714141004862234,0.012955019362526014,0.0,0.0,0.01280335504776053,0.0,0.0,0.419811320754717,0.0,0.0,0.46685068881685576,0.0,0.0,0.0,0.0
1733,58,1.1120689655172418,0.6551724137931232,1.0005362744106037,0.5725994131336637,0.016996047430830108,0.0,0.0,0.01282036987097046,0.0,0.0,0.4956896551724138,0.0,0.0,0.46729232014570476,0.0,0.0,0.0,0.0
1734,49,1.05795918367347,0.530612244897946,1.002409748205076,0.573263221761553,0.01864077669902958,0.0,0.0,0.012858008213286061,0.0,0.0,0.5255102040816326,0.0,0.0,0.4684245120841339,0.0,0.0,0.0,0.0
1735,55,1.248363636363637,0.7636363636363181,1.003723232323232,0.574444444444444,0.016568532818532183,0.0,0.0,0.012892204498128525,0.0,0.0,0.5409090909090909,0.0,0.0,0.46876262626262627,0.0,0.0,0.0,0.0
1736,48,0.8989583333333337,0.49999999999999095,1.0035460420032305,0.5751211631663968,0.012124192188817664,0.0,0.0,0.012884805602405075,0.0,0.0,0.3802083333333333,0.0,0.0,0.4682451534733441,0.0,0.0,0.0,0.0
1737,52,0.9598076923076928,0.46153846153847006,1.0034597921501358,0.5753203511250121,0.014757539917209092,0.0,0.0,0.01289196858314336,0.0,0.0,0.5096153846153846,0.0,0.0,0.46811623448693374,0.0,0.0,0.0,0.0
1738,46,1.0232608695652181,0.7391304347826322,1.002199354317998,0.5748587570621464,0.014156390977444177,0.0,0.0,0.012880463674908953,0.0,0.0,0.44565217391304346,0.0,0.0,0.4679176755447942,0.0,0.0,0.0,0.0
1739,50,1.1180000000000005,0.6399999999999565,1.0036387487386473,0.5758829465186672,0.012480464389371901,0.0,0.0,0.012889808740549166,0.0,0.0,0.59,0.0,0.0,0.46854187689202825,0.0,0.0,0.0,0.0
1740,41,0.8060975609756104,0.39024390243903695,1.0021331178668815,0.5751944248055746,0.011404416839198924,0.0,0.0,0.012875619798783603,0.0,0.0,0.43902439024390244,0.0,0.0,0.46788203211796786,0.0,0.0,0.0,0.0
1741,50,0.9312000000000005,0.520000000000018,1.002829883897021,0.5753659767794039,0.010257766027759452,0.0,0.0,0.012874740931131463,0.0,0.0,0.43,0.0,0.0,0.46857647652700657,0.0,0.0,0.0,0.0
1742,46,1.211956521739131,0.6086956521739039,1.0038076961923033,0.5755984244015752,0.016863278886872408,0.0,0.0,0.012894140053347764,0.0,0.0,0.6630434782608695,0.0,0.0,0.46947278052721947,0.0,0.0,0.0,0.0
1743,55,1.1920000000000004,0.8727272727272853,1.004818475191609,0.5781565147236786,0.014430992736077767,0.0,0.0,0.012885653466038014,0.0,0.0,0.4818181818181818,0.0,0.0,0.46909035901573215,0.0,0.0,0.0,0.0
1744,60,0.9666666666666671,0.3333333333333344,1.005704785894206,0.5774307304785892,0.013806236610330863,0.0,0.0,0.012893301350735213,0.0,0.0,0.5708333333333333,0.0,0.0,0.4701259445843829,0.0,0.0,0.0,0.0
1745,57,0.8243859649122811,0.42105263157894,1.004252294040536,0.5756781284662695,0.009208308837938484,0.0,0.0,0.012851769072143696,0.0,0.0,0.39035087719298245,0.0,0.0,0.4698245437128164,0.0,0.0,0.0,0.0
1746,46,1.0958695652173918,0.7826086956521614,1.0043695192016928,0.5762523939119035,0.017540013917884137,0.0,0.0,0.012848571671725657,0.0,0.0,0.4673913043478261,0.0,0.0,0.4693831267009374,0.0,0.0,0.0,0.0
1747,39,1.033589743589744,0.3589743589743538,1.0042740306946685,0.5748182552504031,0.012399261765610604,0.0,0.0,0.012845344395167883,0.0,0.0,0.6602564102564102,0.0,0.0,0.4702897819063005,0.0,0.0,0.0,0.0
1748,50,0.9884000000000006,0.48000000000000137,1.0038385469223003,0.5748738647830468,0.01576395534290297,0.0,0.0,0.012867977001235344,0.0,0.0,0.45,0.0,0.0,0.4693491422805247,0.0,0.0,0.0,0.0
1749,53,1.435094339622642,0.7924528301887747,1.0067793019971754,0.5766592697195883,0.014984239558707608,0.0,0.0,0.012884317246240085,0.0,0.0,0.660377358490566,0.0,0.0,0.4705719184990922,0.0,0.0,0.0,0.0
1750,57,1.1385964912280708,0.7017543859649179,1.006650191648174,0.5758523300383295,0.012117251680357745,0.0,0.0,0.012861016285150599,0.0,0.0,0.4824561403508772,0.0,0.0,0.4710510389348396,0.0,0.0,0.0,0.0
1751,58,1.2282758620689662,0.6034482758620758,1.0077161303339046,0.5762130535660243,0.013165773424505391,0.0,0.0,0.012839647874923386,0.0,0.0,0.6120689655172413,0.0,0.0,0.471375970947241,0.0,0.0,0.0,0.0
1752,45,0.725555555555556,0.17777777777778145,1.0053960246191096,0.5745131671879729,0.008776881720430257,0.0,0.0,0.012805197909424703,0.0,0.0,0.38333333333333336,0.0,0.0,0.47015941882756535,0.0,0.0,0.0,0.0
1753,50,1.0446000000000004,0.6000000000000187,1.0070703400948628,0.5756383086083359,0.013142929038751453,0.0,0.0,0.012827824861843671,0.0,0.0,0.54,0.0,0.0,0.4711878090624685,0.0,0.0,0.0,0.0
1754,50,1.1046000000000005,0.7800000000000548,1.0068703292264183,0.5767521712785297,0.014446769552708372,0.0,0.0,0.012797594521567823,0.0,0.0,0.38,0.0,0.0,0.46980407998384166,0.0,0.0,0.0,0.0
1755,43,0.9004651162790701,0.4186046511627716,1.0068889562493677,0.5762352227947863,0.009622266401590862,0.0,0.0,0.012788529159629813,0.0,0.0,0.46511627906976744,0.0,0.0,0.4702435081337779,0.0,0.0,0.0,0.0
1756,52,0.9930769230769235,0.5384615384615224,1.0074244109616741,0.5766002629183942,0.009708591840571813,0.0,0.0,0.012772333333333363,0.0,0.0,0.5048076923076923,0.0,0.0,0.4701941551218526,0.0,0.0,0.0,0.0
1757,52,1.2609615384615391,0.8269230769230966,1.0079736975214966,0.5773394031360648,0.01736953642384167,0.0,0.0,0.012782485984425749,0.0,0.0,0.5096153846153846,0.0,0.0,0.47015680323722814,0.0,0.0,0.0,0.0
1758,62,0.8924193548387102,0.40322580645160344,1.0077480569294432,0.5749470071666498,0.012007378472222,0.0,0.0,0.012775043025956364,0.0,0.0,0.4637096774193548,0.0,0.0,0.47125769657817707,0.0,0.0,0.0,0.0
1759,41,0.8429268292682931,0.4146341463414648,1.0075631695977352,0.5750960177885588,0.017668711656441415,0.0,0.0,0.012794986651606978,0.0,0.0,0.4268292682926829,0.0,0.0,0.47079037800687284,0.0,0.0,0.0,0.0
1760,59,1.0323728813559325,0.7457627118644462,1.009063004846526,0.5774434571890148,0.013255712731230045,0.0,0.0,0.012815059402830089,0.0,0.0,0.4576271186440678,0.0,0.0,0.47099656704361875,0.0,0.0,0.0,0.0
1761,49,1.1889795918367354,0.8163265306122682,1.01053125946874,0.5782244217755785,0.022811276429132447,0.0,0.0,0.01283651810663585,0.0,0.0,0.4897959183673469,0.0,0.0,0.4717957782042218,0.0,0.0,0.0,0.0
1762,41,1.226585365853659,0.7804878048780683,1.0126035562739941,0.5796120428369372,0.011568898090637502,0.0,0.0,0.012823801712953648,0.0,0.0,0.5670731707317073,0.0,0.0,0.4723934128106688,0.0,0.0,0.0,0.0
1763,46,0.9165217391304353,0.5217391304347777,1.0102061230675956,0.5782560371829853,0.012021670943825941,0.0,0.0,0.012798648705735107,0.0,0.0,0.45108695652173914,0.0,0.0,0.4711528746084672,0.0,0.0,0.0,0.0
1764,56,0.9521428571428576,0.3392857142857194,1.0103542234332419,0.5776566757493194,0.012297047970479473,0.0,0.0,0.012799153166421247,0.0,0.0,0.5758928571428571,0.0,0.0,0.4718690079725502,0.0,0.0,0.0,0.0
1765,60,1.1253333333333342,0.5666666666666643,1.0101539545180112,0.5763735157979478,0.018657087593257998,0.0,0.0,0.012822051725481272,0.0,0.0,0.5708333333333333,0.0,0.0,0.47263030790903604,0.0,0.0,0.0,0.0
1766,48,1.2550000000000006,0.5416666666666917,1.0116572751056545,0.5771785067417997,0.017221269296740723,0.0,0.0,0.012846449796004985,0.0,0.0,0.6875,0.0,0.0,0.4732088951499296,0.0,0.0,0.0,0.0
1767,61,0.7593442622950825,0.459016393442632,1.0103758038585204,0.575964630225081,0.010265957446809077,0.0,0.0,0.01281968379355939,0.0,0.0,0.35655737704918034,0.0,0.0,0.47266881028938906,0.0,0.0,0.0,0.0
1768,40,1.2702500000000003,0.8500000000000048,1.0112812782634906,0.5764244799517644,0.015054814814814554,0.0,0.0,0.012824438570958918,0.0,0.0,0.58125,0.0,0.0,0.4732690181891267,0.0,0.0,0.0,0.0
1769,57,1.036491228070176,0.6666666666666767,1.012807070402731,0.577684041377926,0.011593406593406158,0.0,0.0,0.012813582408534538,0.0,0.0,0.40350877192982454,0.0,0.0,0.4733604499347193,0.0,0.0,0.0,0.0
1770,56,1.0282142857142862,0.5357142857143,1.011942215088282,0.5772471910112369,0.012778517532179512,0.0,0.0,0.01279146207848075,0.0,0.0,0.5178571428571429,0.0,0.0,0.4727879213483146,0.0,0.0,0.0,0.0
1771,45,1.2295555555555564,0.7111111111110937,1.0138426018871707,0.5772937161212616,0.016140606767794552,0.0,0.0,0.012815538169110989,0.0,0.0,0.5277777777777778,0.0,0.0,0.473925918490263,0.0,0.0,0.0,0.0
1772,46,1.0971739130434788,0.4782608695652279,1.0150326272462598,0.57765284609979,0.013722131593256895,0.0,0.0,0.012823760397139701,0.0,0.0,0.6141304347826086,0.0,0.0,0.4744754542716595,0.0,0.0,0.0,0.0
1773,57,1.0278947368421056,0.5614035087719399,1.015332330827067,0.5779448621553893,0.013060633080695003,0.0,0.0,0.012823521070051216,0.0,0.0,0.45614035087719296,0.0,0.0,0.47421052631578947,0.0,0.0,0.0,0.0
1774,59,0.850338983050848,0.5762711864407043,1.0135151090654384,0.5779467680608376,0.012596033140848738,0.0,0.0,0.012819433159438814,0.0,0.0,0.3771186440677966,0.0,0.0,0.4730838503101861,0.0,0.0,0.0,0.0
1775,51,0.8331372549019611,0.705882352941145,1.0119947979191668,0.5780312124849948,0.009587093862815366,0.0,0.0,0.012785903515779079,0.0,0.0,0.1715686274509804,0.0,0.0,0.4715386154461785,0.0,0.0,0.0,0.0
1776,48,1.0972916666666672,0.7500000000000017,1.0113467306538686,0.5773845230953816,0.019335535976505773,0.0,0.0,0.012777681635767223,0.0,0.0,0.4114583333333333,0.0,0.0,0.47138072385522894,0.0,0.0,0.0,0.0
1777,52,0.7675000000000005,0.3076923076923032,1.0103809999999995,0.5764000000000006,0.010883556040359912,0.0,0.0,0.012752215650786713,0.0,0.0,0.40384615384615385,0.0,0.0,0.471125,0.0,0.0,0.0,0.0
1778,48,0.8485416666666671,0.24999999999999764,1.0085508694783125,0.5740555666600045,0.01181264501160063,0.0,0.0,0.012727277313383176,0.0,0.0,0.5416666666666666,0.0,0.0,0.47106735958424945,0.0,0.0,0.0,0.0
1779,56,1.0669642857142863,0.5714285714285572,1.0089191345099207,0.5741350084754215,0.014078699340245327,0.0,0.0,0.012740542915890758,0.0,0.0,0.48214285714285715,0.0,0.0,0.4708844351380995,0.0,0.0,0.0,0.0
1780,46,1.387173913043479,0.652173913043484,1.0105585477757826,0.5745062836624778,0.01626976032636461,0.0,0.0,0.01275503498493096,0.0,0.0,0.7445652173913043,0.0,0.0,0.47209754637941354,0.0,0.0,0.0,0.0
1781,44,0.8822727272727277,0.7272727272727468,1.0098533519553068,0.5746209098164409,0.009956399076686454,0.0,0.0,0.01273397304457436,0.0,0.0,0.2784090909090909,0.0,0.0,0.47141859537110936,0.0,0.0,0.0,0.0
1782,43,0.9993023255813959,0.5813953488372186,1.0093298042349175,0.5740111865761088,0.0152484031227823,0.0,0.0,0.012736135127368826,0.0,0.0,0.436046511627907,0.0,0.0,0.47133439872153415,0.0,0.0,0.0,0.0
1783,50,0.9784000000000005,0.3399999999999941,1.008643678160919,0.5727136431784111,0.02295635851712873,0.0,0.0,0.012745935855286052,0.0,0.0,0.58,0.0,0.0,0.4715392303848076,0.0,0.0,0.0,0.0
1784,54,1.2931481481481486,0.6296296296296331,1.0099480571371486,0.5721706123264413,0.021186286407766857,0.0,0.0,0.012776575875289744,0.0,0.0,0.6620370370370371,0.0,0.0,0.4729297772450305,0.0,0.0,0.0,0.0
1785,48,1.0135416666666672,0.7083333333333313,1.0110806757972604,0.572828151554534,0.012300884955751592,0.0,0.0,0.012790412982335487,0.0,0.0,0.359375,0.0,0.0,0.4734329701089673,0.0,0.0,0.0,0.0
1786,56,0.7735714285714291,0.5714285714285668,1.0103676690978114,0.5733839544410033,0.00900436499688224,0.0,0.0,0.012768665111950938,0.0,0.0,0.29910714285714285,0.0,0.0,0.4725746827854931,0.0,0.0,0.0,0.0
1787,42,1.235476190476191,0.5714285714285681,1.0125125025004995,0.5744148829765956,0.016312480352091294,0.0,0.0,0.012819080905165365,0.0,0.0,0.6666666666666666,0.0,0.0,0.47399479895979196,0.0,0.0,0.0,0.0
1788,51,0.6121568627450982,0.27450980392157376,1.0089223233030085,0.5715285414375691,0.006834500875656385,0.0,0.0,0.012759510922816526,0.0,0.0,0.39215686274509803,0.0,0.0,0.47300809757072876,0.0,0.0,0.0,0.0
1789,47,0.8631914893617028,0.5106382978723291,1.0089262884538548,0.5718138234119061,0.014190276320391769,0.0,0.0,0.012790316637691921,0.0,0.0,0.48936170212765956,0.0,0.0,0.4735067918497803,0.0,0.0,0.0,0.0
1790,45,0.962444444444445,0.4444444444444361,1.0085259999999994,0.5718000000000004,0.01282499259697938,0.0,0.0,0.012767865055311259,0.0,0.0,0.55,0.0,0.0,0.47355,0.0,0.0,0.0,0.0
1791,49,0.9010204081632659,0.5714285714285444,1.0078433722904798,0.5717710518429729,0.012257079400333602,0.0,0.0,0.012761028570127696,0.0,0.0,0.4030612244897959,0.0,0.0,0.47300469483568075,0.0,0.0,0.0,0.0
1792,61,0.8960655737704922,0.5081967213114665,1.006930831420301,0.5704162092025153,0.010862480127185778,0.0,0.0,0.012758291009894616,0.0,0.0,0.42213114754098363,0.0,0.0,0.4730012975346841,0.0,0.0,0.0,0.0
1793,48,0.9964583333333336,0.749999999999996,1.0086861824358073,0.5725846737935859,0.017900449101796192,0.0,0.0,0.01279504113168861,0.0,0.0,0.328125,0.0,0.0,0.4727745029473474,0.0,0.0,0.0,0.0
1794,56,0.959821428571429,0.4642857142857189,1.009084007591649,0.5718709419638399,0.017014878125988998,0.0,0.0,0.012813883015225336,0.0,0.0,0.5357142857142857,0.0,0.0,0.4739286784537009,0.0,0.0,0.0,0.0
1795,48,1.108958333333334,0.5833333333333147,1.0093428028408518,0.5712713814144241,0.015591681312244546,0.0,0.0,0.012821868233524146,0.0,0.0,0.53125,0.0,0.0,0.47454236270881267,0.0,0.0,0.0,0.0
1796,49,1.021836734693878,0.5714285714286153,1.0096496496496492,0.5716716716716715,0.01279580884232059,0.0,0.0,0.012832978148159965,0.0,0.0,0.5510204081632653,0.0,0.0,0.47507507507507507,0.0,0.0,0.0,0.0
1797,53,0.9147169811320758,0.45283018867925334,1.0097178871548615,0.5719287715086032,0.014807574832009738,0.0,0.0,0.012850447715967448,0.0,0.0,0.45754716981132076,0.0,0.0,0.475015006002401,0.0,0.0,0.0,0.0
1798,49,1.0234693877551027,0.6326530612245107,1.0095754055677943,0.5722010815141199,0.012264612374663145,0.0,0.0,0.01284407152794414,0.0,0.0,0.5255102040816326,0.0,0.0,0.4751902663729221,0.0,0.0,0.0,0.0
1799,43,1.063255813953489,0.5581395348836897,1.0095244293151775,0.5718862635162194,0.01359096313911991,0.0,0.0,0.012857018990093763,0.0,0.0,0.5465116279069767,0.0,0.0,0.4755957148578294,0.0,0.0,0.0,0.0
1800,54,1.1250000000000004,0.4444444444444437,1.0098828477020119,0.5711424852308001,0.017214508359308517,0.0,0.0,0.012877454973531894,0.0,0.0,0.6111111111111112,0.0,0.0,0.4763192149794733,0.0,0.0,0.0,0.0
1801,45,0.9682222222222227,0.3111111111111156,1.0089478957915823,0.5689378757515028,0.015138985406532583,0.0,0.0,0.012874449409613698,0.0,0.0,0.5777777777777777,0.0,0.0,0.47662825651302604,0.0,0.0,0.0,0.0
1802,45,1.2035555555555562,0.7111111111111048,1.009572889512732,0.5704832564668136,0.012716600140878043,0.0,0.0,0.012873741325437392,0.0,0.0,0.5277777777777778,0.0,0.0,0.47631341487868456,0.0,0.0,0.0,0.0
1803,53,1.0794339622641513,0.4716981132075149,1.009207255963118,0.5687512527560632,0.010953475014360151,0.0,0.0,0.01285299279482813,0.0,0.0,0.5660377358490566,0.0,0.0,0.47694928843455603,0.0,0.0,0.0,0.0
1804,52,1.0400000000000005,0.6153846153846082,1.009731462925851,0.5690380761523045,0.012845605700712104,0.0,0.0,0.012842674333691472,0.0,0.0,0.4519230769230769,0.0,0.0,0.47692885771543087,0.0,0.0,0.0,0.0
1805,51,1.0131372549019613,0.5686274509803958,1.0108586313996584,0.5706843001703236,0.015942610305461586,0.0,0.0,0.012876991014907108,0.0,0.0,0.4068627450980392,0.0,0.0,0.47665564572688107,0.0,0.0,0.0,0.0
1806,41,1.0500000000000003,0.48780487804878214,1.0111295980755728,0.5705121780094216,0.013995448634590226,0.0,0.0,0.0128886049750227,0.0,0.0,0.5975609756097561,0.0,0.0,0.47699709331462364,0.0,0.0,0.0,0.0
1807,45,1.123555555555556,0.5777777777777704,1.0115180360721432,0.5701402805611221,0.011109646231598257,0.0,0.0,0.012880779153832636,0.0,0.0,0.5888888888888889,0.0,0.0,0.47763026052104207,0.0,0.0,0.0,0.0
1808,53,0.7530188679245289,0.3018867924528279,1.0108914262820503,0.567908653846154,0.01067968959057985,0.0,0.0,0.012884436659994303,0.0,0.0,0.3867924528301887,0.0,0.0,0.47791466346153844,0.0,0.0,0.0,0.0
1809,38,0.7300000000000004,0.4210526315789471,1.0094655570039097,0.567532337310739,0.012092414995640875,0.0,0.0,0.012889340694232506,0.0,0.0,0.34210526315789475,0.0,0.0,0.4771382733380126,0.0,0.0,0.0,0.0
1810,41,0.9346341463414641,0.5853658536585344,1.0080325562700954,0.5662178456591642,0.01532187125149969,0.0,0.0,0.012856549677174646,0.0,0.0,0.49390243902439024,0.0,0.0,0.477115152733119,0.0,0.0,0.0,0.0
1811,61,1.0309836065573774,0.5573770491803444,1.0081586345381515,0.5647590361445787,0.011453287197231803,0.0,0.0,0.012848816304176777,0.0,0.0,0.4344262295081967,0.0,0.0,0.4775853413654618,0.0,0.0,0.0,0.0
1812,38,0.8544736842105266,0.578947368421039,1.0079306532663304,0.5649246231155782,0.009037016420818203,0.0,0.0,0.012832126538775045,0.0,0.0,0.29605263157894735,0.0,0.0,0.4770603015075377,0.0,0.0,0.0,0.0
1813,45,0.9697777777777781,0.5333333333333439,1.0067839903459361,0.5644609814963801,0.012579994234649474,0.0,0.0,0.012789784994315082,0.0,0.0,0.45,0.0,0.0,0.476619066773934,0.0,0.0,0.0,0.0
1814,56,0.9092857142857148,0.5000000000000002,1.0055200803212838,0.5635542168674704,0.010514144125542012,0.0,0.0,0.012768443840408815,0.0,0.0,0.41964285714285715,0.0,0.0,0.47615461847389556,0.0,0.0,0.0,0.0
1815,54,0.8998148148148155,0.5370370370370358,1.0050436527847455,0.563672854992474,0.015583707504810146,0.0,0.0,0.012779717335048329,0.0,0.0,0.42592592592592593,0.0,0.0,0.4758906171600602,0.0,0.0,0.0,0.0
1816,42,0.9497619047619051,0.7142857142857236,1.0042709171359603,0.5636564762670963,0.010078322385042748,0.0,0.0,0.012758332577442617,0.0,0.0,0.2857142857142857,0.0,0.0,0.4756637168141593,0.0,0.0,0.0,0.0
1817,44,0.9861363636363641,0.5909090909090919,1.0052418300653583,0.5635997988939172,0.010896534404821622,0.0,0.0,0.012755720350066425,0.0,0.0,0.4659090909090909,0.0,0.0,0.4763197586726998,0.0,0.0,0.0,0.0
1818,49,1.1461224489795923,0.6938775510204482,1.0068834306422376,0.5646265351318713,0.016193771626298217,0.0,0.0,0.012802636715625112,0.0,0.0,0.4744897959183674,0.0,0.0,0.4767716931749547,0.0,0.0,0.0,0.0
1819,47,0.9589361702127664,0.7446808510638505,1.007089168765742,0.5655415617128474,0.011964427926732588,0.0,0.0,0.012785975971673608,0.0,0.0,0.30851063829787234,0.0,0.0,0.47614609571788413,0.0,0.0,0.0,0.0
1820,53,0.8900000000000006,0.7547169811320966,1.0067812153582578,0.5658570996674405,0.01293391828900493,0.0,0.0,0.0127969570001422,0.0,0.0,0.23113207547169812,0.0,0.0,0.47505794618562935,0.0,0.0,0.0,0.0
1821,51,1.2284313725490201,0.43137254901961913,1.007924813545655,0.5655109856883707,0.014973709369024975,0.0,0.0,0.0128250035907748,0.0,0.0,0.7107843137254902,0.0,0.0,0.4758617214271316,0.0,0.0,0.0,0.0
1822,48,0.9806250000000004,0.7083333333333058,1.007150640702249,0.5653314499041484,0.011964921199796566,0.0,0.0,0.012833713686944345,0.0,0.0,0.375,0.0,0.0,0.4754061144183231,0.0,0.0,0.0,0.0
1823,49,1.0814285714285718,0.36734693877550156,1.0073328627609144,0.5637793687607154,0.013763636363636688,0.0,0.0,0.012833213647522516,0.0,0.0,0.6173469387755102,0.0,0.0,0.47627810829888073,0.0,0.0,0.0,0.0
1824,49,0.9414285714285716,0.40816326530612124,1.0070659949622154,0.5621158690176337,0.013865344153892612,0.0,0.0,0.012854315367105226,0.0,0.0,0.5153061224489796,0.0,0.0,0.4772292191435768,0.0,0.0,0.0,0.0
1825,54,1.2542592592592599,0.6666666666666444,1.0086307847082483,0.5634808853118725,0.015064501779359933,0.0,0.0,0.012868276454257378,0.0,0.0,0.6481481481481481,0.0,0.0,0.4779678068410463,0.0,0.0,0.0,0.0
1826,53,1.1728301886792458,0.603773584905666,1.008947844437744,0.5623555421565686,0.01450641773629025,0.0,0.0,0.012864144159842786,0.0,0.0,0.5707547169811321,0.0,0.0,0.47867048537835394,0.0,0.0,0.0,0.0
1827,54,1.1664814814814821,0.6481481481481673,1.0097979087070168,0.562135531872111,0.01534844054580949,0.0,0.0,0.012877736861270845,0.0,0.0,0.5787037037037037,0.0,0.0,0.47933842750854616,0.0,0.0,0.0,0.0
1828,45,1.0622222222222226,0.6222222222222201,1.0094092784542608,0.5614370534366524,0.01139451728248018,0.0,0.0,0.012862072370234866,0.0,0.0,0.5055555555555555,0.0,0.0,0.47954614068632384,0.0,0.0,0.0,0.0
1829,54,1.2077777777777783,0.7222222222222208,1.0099256131885794,0.5627261761158037,0.01189277899343527,0.0,0.0,0.01285796742359189,0.0,0.0,0.5462962962962963,0.0,0.0,0.47924205870526737,0.0,0.0,0.0,0.0
1830,47,0.8770212765957449,0.468085106382965,1.008955208857573,0.5618520382486173,0.010112855740922203,0.0,0.0,0.01285043631874411,0.0,0.0,0.4148936170212766,0.0,0.0,0.47903875188726724,0.0,0.0,0.0,0.0
1831,38,1.053947368421053,0.6842105263157912,1.008416968964126,0.561467150342605,0.014037854889589413,0.0,0.0,0.012845647318563426,0.0,0.0,0.4868421052631579,0.0,0.0,0.47899032648125756,0.0,0.0,0.0,0.0
1832,41,0.8817073170731712,0.6829268292682781,1.0083161824051643,0.5601291364003238,0.01120582765034084,0.0,0.0,0.012839132361725798,0.0,0.0,0.3231707317073171,0.0,0.0,0.47984765940274415,0.0,0.0,0.0,0.0
1833,41,1.005853658536586,0.6829268292682882,1.0075199515102524,0.5598545307606838,0.016463073852295316,0.0,0.0,0.012851576191163462,0.0,0.0,0.4146341463414634,0.0,0.0,0.47921507222951815,0.0,0.0,0.0,0.0
1834,52,1.0959615384615389,0.5769230769230772,1.0078972858440105,0.5599838563212602,0.015209500934080973,0.0,0.0,0.012859149200202908,0.0,0.0,0.5336538461538461,0.0,0.0,0.4793915851074564,0.0,0.0,0.0,0.0
1835,48,0.6520833333333337,0.35416666666668223,1.0064736735928974,0.5589065967318952,0.006702355460385409,0.0,0.0,0.012824962597747156,0.0,0.0,0.3072916666666667,0.0,0.0,0.47912043574742785,0.0,0.0,0.0,0.0
1836,35,0.6585714285714289,0.5142857142857085,1.0050323232323222,0.5580808080808091,0.010114085125054921,0.0,0.0,0.012818084260782552,0.0,0.0,0.22857142857142856,0.0,0.0,0.47858585858585856,0.0,0.0,0.0,0.0
1837,55,0.901454545454546,0.4363636363636251,1.0044990395308855,0.5556566575674867,0.016460823373174057,0.0,0.0,0.012859923840982486,0.0,0.0,0.4636363636363636,0.0,0.0,0.4793246385603073,0.0,0.0,0.0,0.0
1838,41,1.0626829268292688,0.2926829268292727,1.0041032911392394,0.5551392405063302,0.017194159431727984,0.0,0.0,0.01289910992353307,0.0,0.0,0.5975609756097561,0.0,0.0,0.47863291139240505,0.0,0.0,0.0,0.0
1839,50,1.0866000000000005,0.33999999999999597,1.004400202634244,0.5539007092198591,0.014380624669136647,0.0,0.0,0.01290549055139844,0.0,0.0,0.615,0.0,0.0,0.47950861195542044,0.0,0.0,0.0,0.0
1840,59,0.9591525423728819,0.5593220338982834,1.004060949681076,0.5540143768350722,0.011368019284853238,0.0,0.0,0.012895541679561664,0.0,0.0,0.4576271186440678,0.0,0.0,0.4792193986028146,0.0,0.0,0.0,0.0
1841,43,0.831162790697675,0.2558139534883762,1.0051271916489295,0.554474510996251,0.014182539682539762,0.0,0.0,0.012917498085349168,0.0,0.0,0.46511627906976744,0.0,0.0,0.4795023816762947,0.0,0.0,0.0,0.0
1842,58,0.9408620689655177,0.5689655172413757,1.0056153144940736,0.5544414058543512,0.012416382252559931,0.0,0.0,0.012930535314503649,0.0,0.0,0.4396551724137931,0.0,0.0,0.4797174111212397,0.0,0.0,0.0,0.0
1843,47,0.895106382978724,0.5106382978723198,1.0055627661731887,0.554350030419794,0.01182738262580782,0.0,0.0,0.012940227752267565,0.0,0.0,0.3829787234042553,0.0,0.0,0.47946663962685054,0.0,0.0,0.0,0.0
1844,53,0.49679245283018914,0.4528301886792422,1.0021750152098954,0.5535388359359165,0.005805953693495089,0.0,0.0,0.012883737482499638,0.0,0.0,0.12735849056603774,0.0,0.0,0.4771091056580815,0.0,0.0,0.0,0.0
1845,54,0.9909259259259265,0.6111111111111197,1.0024394200547488,0.5544966034675057,0.017057698437998255,0.0,0.0,0.012911957102316903,0.0,0.0,0.38425925925925924,0.0,0.0,0.47637635607827233,0.0,0.0,0.0,0.0
1846,49,0.7128571428571434,0.6326530612244723,1.000820585553641,0.555060277580793,0.010467485765657678,0.0,0.0,0.012891998794201226,0.0,0.0,0.16326530612244897,0.0,0.0,0.47467328538142034,0.0,0.0,0.0,0.0
1847,46,0.9060869565217398,0.456521739130439,0.999488192966453,0.5537650755042068,0.020726006961710612,0.0,0.0,0.012903565573395146,0.0,0.0,0.3423913043478261,0.0,0.0,0.4739029086855174,0.0,0.0,0.0,0.0
1848,43,0.9237209302325584,0.48837209302323176,0.9988644428672809,0.5535841022001428,0.010828789531079422,0.0,0.0,0.012909659378300554,0.0,0.0,0.4186046511627907,0.0,0.0,0.4731319071276488,0.0,0.0,0.0,0.0
1849,42,0.9919047619047625,0.47619047619045735,0.9988186896901973,0.5531742001015754,0.017987910189982817,0.0,0.0,0.012939087389831782,0.0,0.0,0.5535714285714286,0.0,0.0,0.4735144743524632,0.0,0.0,0.0,0.0
1850,51,0.850588235294118,0.45098039215686747,0.9972968036529671,0.5521055301877229,0.01001847575057746,0.0,0.0,0.01291197111860241,0.0,0.0,0.5196078431372549,0.0,0.0,0.47338914256722475,0.0,0.0,0.0,0.0
1851,66,0.8589393939393946,0.5454545454545605,0.9968941081190519,0.5526422352702984,0.016064040804760798,0.0,0.0,0.012933736292747152,0.0,0.0,0.3371212121212121,0.0,0.0,0.47236282648309375,0.0,0.0,0.0,0.0
1852,54,0.8548148148148152,0.4444444444444317,0.9971489275596916,0.5511938486442743,0.012955374684254712,0.0,0.0,0.01294061729027246,0.0,0.0,0.41203703703703703,0.0,0.0,0.4733407527316876,0.0,0.0,0.0,0.0
1853,58,1.0806896551724143,0.5517241379310452,0.996884101941747,0.551173139158577,0.016525177959399107,0.0,0.0,0.012955429031062496,0.0,0.0,0.5129310344827587,0.0,0.0,0.4729470064724919,0.0,0.0,0.0,0.0
1854,54,1.0309259259259265,0.7592592592592806,0.996749266713866,0.552038029736018,0.013541717343712227,0.0,0.0,0.012956845400484656,0.0,0.0,0.4212962962962963,0.0,0.0,0.4724891271366441,0.0,0.0,0.0,0.0
1855,40,1.0762500000000004,0.5499999999999803,0.9960706334750045,0.5502934628617699,0.010632254877747651,0.0,0.0,0.012940795208189027,0.0,0.0,0.55,0.0,0.0,0.47303177494434323,0.0,0.0,0.0,0.0
1856,43,0.9295348837209305,0.6046511627907276,0.9943923435284582,0.549524002430627,0.010322830578512559,0.0,0.0,0.012895579823875947,0.0,0.0,0.38953488372093026,0.0,0.0,0.47230099250557017,0.0,0.0,0.0,0.0
1857,44,1.1152272727272734,0.5454545454545261,0.9951231127773831,0.5488904650927154,0.011887112403101174,0.0,0.0,0.012887553589495645,0.0,0.0,0.5681818181818182,0.0,0.0,0.4734268922889857,0.0,0.0,0.0,0.0
1858,48,1.303333333333334,0.8125000000000009,0.9977802554226631,0.5511858909385781,0.021315161839863594,0.0,0.0,0.012932292699844887,0.0,0.0,0.625,0.0,0.0,0.4744070545307115,0.0,0.0,0.0,0.0
1859,38,1.1084210526315794,0.23684210526315508,0.997820877335499,0.5500609260763618,0.01368865778355524,0.0,0.0,0.012930389482562863,0.0,0.0,0.7171052631578947,0.0,0.0,0.4750710804224208,0.0,0.0,0.0,0.0
1860,62,1.1638709677419359,0.6290322580645529,0.9975578797725422,0.549756295694559,0.01374476190476155,0.0,0.0,0.012921438464361334,0.0,0.0,0.5685483870967742,0.0,0.0,0.4751472380178717,0.0,0.0,0.0,0.0
1861,53,0.9839622641509438,0.49056603773585095,0.9970115642118073,0.5485899776831019,0.012975864642946191,0.0,0.0,0.012930145791618795,0.0,0.0,0.47641509433962265,0.0,0.0,0.4752485291134104,0.0,0.0,0.0,0.0
1862,46,1.0343478260869572,0.4999999999999911,0.9985008621564049,0.5492443452682846,0.014076923076923594,0.0,0.0,0.012942107581165777,0.0,0.0,0.4673913043478261,0.0,0.0,0.47616391114717516,0.0,0.0,0.0,0.0
1863,39,0.8176923076923083,0.7179487179487264,0.9972648878969256,0.5487470832910641,0.0078955186927457,0.0,0.0,0.012889573649255581,0.0,0.0,0.19230769230769232,0.0,0.0,0.47514456731256977,0.0,0.0,0.0,0.0
1864,60,0.9971666666666672,0.4333333333333268,0.9994735774419307,0.5498529262602716,0.011417938931297354,0.0,0.0,0.012911108956452045,0.0,0.0,0.5125,0.0,0.0,0.4761385536058424,0.0,0.0,0.0,0.0
1865,48,1.142083333333334,0.5208333333333585,1.0006068601583107,0.5502334077531986,0.018346720214189878,0.0,0.0,0.012943852970134591,0.0,0.0,0.6197916666666666,0.0,0.0,0.47683681753602597,0.0,0.0,0.0,0.0
1866,54,1.0416666666666674,0.4629629629629688,1.0013861285743253,0.5506996552423464,0.01457253886010316,0.0,0.0,0.012979734587364474,0.0,0.0,0.5740740740740741,0.0,0.0,0.4773119042790509,0.0,0.0,0.0,0.0
1867,41,1.06219512195122,0.7804878048780604,1.0021532994923854,0.5507614213197989,0.01061677230619226,0.0,0.0,0.012967941450418508,0.0,0.0,0.3780487804878049,0.0,0.0,0.47776649746192895,0.0,0.0,0.0,0.0
1868,58,0.9772413793103454,0.5172413793103559,1.002432788880998,0.5508775489499869,0.018360868156786437,0.0,0.0,0.012999801338531009,0.0,0.0,0.5129310344827587,0.0,0.0,0.4781627269960434,0.0,0.0,0.0,0.0
1869,52,1.0973076923076925,0.8076923076922647,1.0030416708912093,0.5511507654871761,0.010627677407337895,0.0,0.0,0.013016146178702646,0.0,0.0,0.36538461538461536,0.0,0.0,0.47812531684071785,0.0,0.0,0.0,0.0
1870,48,1.2447916666666672,0.6666666666666664,1.0052408477842003,0.5534935604908242,0.01777744718833777,0.0,0.0,0.013056142037709044,0.0,0.0,0.5104166666666666,0.0,0.0,0.4781208802352703,0.0,0.0,0.0,0.0
1871,59,1.0394915254237294,0.6271186440677647,1.005564222042139,0.5545988654781215,0.014929406037000492,0.0,0.0,0.013062265615748019,0.0,0.0,0.4788135593220339,0.0,0.0,0.4779679902755267,0.0,0.0,0.0,0.0
1872,44,1.1547727272727277,0.6363636363636007,1.0045926226185649,0.5545196595054737,0.014157146837559332,0.0,0.0,0.013029629522534007,0.0,0.0,0.5852272727272727,0.0,0.0,0.4776803810295906,0.0,0.0,0.0,0.0
1873,43,0.9916279069767445,0.7441860465116218,1.0037726857953966,0.5558146608536971,0.014759432329525667,0.0,0.0,0.013021760346818711,0.0,0.0,0.3313953488372093,0.0,0.0,0.47617357801885835,0.0,0.0,0.0,0.0
1874,56,0.7617857142857147,0.607142857142831,1.0021753674607192,0.5565129244804877,0.009094009806011355,0.0,0.0,0.013001537334611624,0.0,0.0,0.3169642857142857,0.0,0.0,0.4749366447034972,0.0,0.0,0.0,0.0
1875,53,0.8532075471698116,0.43396226415095546,1.0023587198703663,0.5567146040105341,0.008880597014925736,0.0,0.0,0.012988791147355561,0.0,0.0,0.46226415094339623,0.0,0.0,0.47501012760785905,0.0,0.0,0.0,0.0
1876,43,0.9532558139534889,0.6511627906976645,1.0034512825712256,0.5577410524181298,0.012930599369085364,0.0,0.0,0.013000440045449499,0.0,0.0,0.42441860465116277,0.0,0.0,0.47521038223664197,0.0,0.0,0.0,0.0
1877,53,0.856603773584906,0.547169811320747,1.0032306445074985,0.5587758411025551,0.009863132739517229,0.0,0.0,0.012996556527173,0.0,0.0,0.2830188679245283,0.0,0.0,0.474006890960681,0.0,0.0,0.0,0.0
1878,43,1.1567441860465122,0.5581395348837079,1.0039227807053097,0.5583704904742616,0.01476402493321414,0.0,0.0,0.012994519764525661,0.0,0.0,0.5930232558139535,0.0,0.0,0.4749189298743413,0.0,0.0,0.0,0.0
1879,53,1.1115094339622646,0.6981132075471733,1.003017206477732,0.5586032388663981,0.016148574561404002,0.0,0.0,0.01299502350557645,0.0,0.0,0.46226415094339623,0.0,0.0,0.47406376518218624,0.0,0.0,0.0,0.0
1880,46,1.2043478260869571,0.7173913043478113,1.004087827582717,0.5587372255388051,0.017226368159203698,0.0,0.0,0.013024048172467535,0.0,0.0,0.5434782608695652,0.0,0.0,0.4747546291611859,0.0,0.0,0.0,0.0
1881,52,0.9311538461538466,0.8461538461538246,1.0033147829606388,0.5593443286451492,0.012428131416837481,0.0,0.0,0.013027905039566866,0.0,0.0,0.2692307692307692,0.0,0.0,0.4739957502782556,0.0,0.0,0.0,0.0
1882,63,0.931428571428572,0.3809523809523796,1.004145873320537,0.5584402464895455,0.011642857142856693,0.0,0.0,0.013027387547492778,0.0,0.0,0.503968253968254,0.0,0.0,0.47466915850085867,0.0,0.0,0.0,0.0
1883,46,0.8295652173913047,0.521739130434774,1.0042761760242787,0.5588265048052616,0.011669724770642077,0.0,0.0,0.013023145068931466,0.0,0.0,0.33152173913043476,0.0,0.0,0.47450682852807285,0.0,0.0,0.0,0.0
1884,48,0.9910416666666672,0.33333333333333565,1.0042713924050628,0.5580759493670899,0.013358607132827409,0.0,0.0,0.013027288896595402,0.0,0.0,0.5625,0.0,0.0,0.47465822784810124,0.0,0.0,0.0,0.0
1885,44,0.9218181818181822,0.5909090909090825,1.0036898612377183,0.5567709915932351,0.008700128700128713,0.0,0.0,0.013003340909210208,0.0,0.0,0.38636363636363635,0.0,0.0,0.47457712954522435,0.0,0.0,0.0,0.0
1886,51,1.3068627450980397,0.7058823529412281,1.0047428108545964,0.5578169299311474,0.012914163921721239,0.0,0.0,0.012989098563230437,0.0,0.0,0.5931372549019608,0.0,0.0,0.47481267719724585,0.0,0.0,0.0,0.0
1887,54,0.8166666666666672,0.40740740740742454,1.0045889372029522,0.5572858731924375,0.017179587066615137,0.0,0.0,0.013010011851832459,0.0,0.0,0.4074074074074074,0.0,0.0,0.47494691070886846,0.0,0.0,0.0,0.0
1888,50,1.0966000000000007,0.5600000000000194,1.004657160194174,0.5559263754045322,0.01198731963270693,0.0,0.0,0.012989099096625394,0.0,0.0,0.475,0.0,0.0,0.47545004045307443,0.0,0.0,0.0,0.0
1889,49,0.8861224489795924,0.6122448979591781,1.0043788537349636,0.5570605478621261,0.012338732594486857,0.0,0.0,0.012977881105226385,0.0,0.0,0.29591836734693877,0.0,0.0,0.4743252805013646,0.0,0.0,0.0,0.0
1890,52,1.0334615384615389,0.7115384615384864,1.0044290622473724,0.5586095392077621,0.015306180575334664,0.0,0.0,0.013009516480093406,0.0,0.0,0.38461538461538464,0.0,0.0,0.47322150363783344,0.0,0.0,0.0,0.0
1891,62,1.2927419354838714,0.7580645161291006,1.006675746569814,0.5614406779661035,0.0129378531073442,0.0,0.0,0.013013640744600248,0.0,0.0,0.5846774193548387,0.0,0.0,0.47336561743341404,0.0,0.0,0.0,0.0
1892,51,1.231568627450981,0.7058823529411514,1.0084647972564045,0.5639499697397637,0.012403238546602824,0.0,0.0,0.013022991664853927,0.0,0.0,0.5049019607843137,0.0,0.0,0.4731440387331047,0.0,0.0,0.0,0.0
1893,60,0.9461666666666674,0.6166666666666993,1.008415174079291,0.5644998993761339,0.013772440562834025,0.0,0.0,0.0130345372061203,0.0,0.0,0.35833333333333334,0.0,0.0,0.4725045280740592,0.0,0.0,0.0,0.0
1894,33,0.953636363636364,0.6666666666666722,1.009795404152388,0.5652086272928863,0.016784000000000302,0.0,0.0,0.013075546750816314,0.0,0.0,0.3409090909090909,0.0,0.0,0.4731404958677686,0.0,0.0,0.0,0.0
1895,48,1.2270833333333337,0.5833333333333272,1.009880928355196,0.5648839556004055,0.015455261086328524,0.0,0.0,0.013088390499593934,0.0,0.0,0.6458333333333334,0.0,0.0,0.4735872855701312,0.0,0.0,0.0,0.0
1896,56,0.9492857142857147,0.5000000000000225,1.0103683520032287,0.5660510646886688,0.013683397683398229,0.0,0.0,0.013105160781931906,0.0,0.0,0.4330357142857143,0.0,0.0,0.473433242506812,0.0,0.0,0.0,0.0
1897,41,1.0300000000000005,0.8048780487804589,1.0094441637190494,0.5659423951490671,0.01675128917096332,0.0,0.0,0.013103009043659864,0.0,0.0,0.36585365853658536,0.0,0.0,0.4733703890853967,0.0,0.0,0.0,0.0
1898,53,1.0581132075471704,0.6226415094339871,1.009456620543379,0.5654984345015676,0.014547341115434459,0.0,0.0,0.013104617926260038,0.0,0.0,0.44339622641509435,0.0,0.0,0.47333602666397334,0.0,0.0,0.0,0.0
1899,47,0.965744680851064,0.40425531914894086,1.0087497475257519,0.5649363764896002,0.00941310659477359,0.0,0.0,0.0130954590983224,0.0,0.0,0.4787234042553192,0.0,0.0,0.47293476065441326,0.0,0.0,0.0,0.0
1900,43,1.1720930232558144,0.651162790697682,1.0104392164781901,0.5652261712439439,0.016688741721853792,0.0,0.0,0.013120333429915082,0.0,0.0,0.5465116279069767,0.0,0.0,0.4740761308562197,0.0,0.0,0.0,0.0
1901,47,1.0900000000000003,0.5319148936170086,1.0099323027179947,0.5638072143073679,0.012661888284725968,0.0,0.0,0.013112511019688512,0.0,0.0,0.5531914893617021,0.0,0.0,0.4748408608669294,0.0,0.0,0.0,0.0
1902,58,1.2268965517241386,0.8275862068965794,1.0114385221078128,0.5663234403391905,0.015736399823087117,0.0,0.0,0.013133412943201287,0.0,0.0,0.5387931034482759,0.0,0.0,0.4749646678780537,0.0,0.0,0.0,0.0
1903,66,1.1880303030303034,0.6818181818182004,1.0117127016129026,0.5668346774193571,0.013518965517241759,0.0,0.0,0.013112106650779838,0.0,0.0,0.6136363636363636,0.0,0.0,0.4754788306451613,0.0,0.0,0.0,0.0
1904,46,0.9617391304347831,0.717391304347804,1.01106170598911,0.5678564226658621,0.014736842105262776,0.0,0.0,0.0131390502346046,0.0,0.0,0.3695652173913043,0.0,0.0,0.47426396450897357,0.0,0.0,0.0,0.0
1905,41,1.1195121951219518,0.5365853658536542,1.0121385298869139,0.5694668820678535,0.013668850506254007,0.0,0.0,0.013157717191419319,0.0,0.0,0.5121951219512195,0.0,0.0,0.4738741922455573,0.0,0.0,0.0,0.0
1906,47,0.9836170212765963,0.574468085106405,1.0108374583291238,0.5694514597434108,0.011386699507389323,0.0,0.0,0.013137083454775086,0.0,0.0,0.4148936170212766,0.0,0.0,0.4730275785432872,0.0,0.0,0.0,0.0
1907,55,0.9467272727272732,0.6545454545454755,1.0119816272965874,0.5700585503735135,0.00952441924272958,0.0,0.0,0.013122472782298973,0.0,0.0,0.32727272727272727,0.0,0.0,0.4729709267110842,0.0,0.0,0.0,0.0
1908,37,1.0081081081081085,0.7297297297297296,1.012193274765222,0.5709380995657907,0.013087719298245322,0.0,0.0,0.013122891402223249,0.0,0.0,0.34459459459459457,0.0,0.0,0.4727355346864586,0.0,0.0,0.0,0.0
1909,45,0.9571111111111116,0.4000000000000085,1.0121357164495601,0.5707361405634681,0.01045388349514563,0.0,0.0,0.01312030724765166,0.0,0.0,0.5555555555555556,0.0,0.0,0.4728617590629102,0.0,0.0,0.0,0.0
1910,60,0.7375000000000005,0.4000000000000037,1.0109265981044562,0.5695704779189377,0.011872819962436361,0.0,0.0,0.013111250596627506,0.0,0.0,0.325,0.0,0.0,0.47219701552732407,0.0,0.0,0.0,0.0
1911,42,1.2097619047619053,0.7142857142857043,1.0117276853252644,0.5701462430660638,0.014525443110348925,0.0,0.0,0.013115698913484047,0.0,0.0,0.49404761904761907,0.0,0.0,0.47211296016137166,0.0,0.0,0.0,0.0
1912,45,1.2533333333333339,0.7999999999999894,1.0126478304742677,0.5702320887991951,0.015044011736463093,0.0,0.0,0.013107999200615481,0.0,0.0,0.5111111111111111,0.0,0.0,0.4725782038345106,0.0,0.0,0.0,0.0
1913,53,1.1824528301886799,0.5471698113207248,1.0121930533117927,0.569870759289178,0.018086580086580362,0.0,0.0,0.013118460241935076,0.0,0.0,0.6084905660377359,0.0,0.0,0.4721829563812601,0.0,0.0,0.0,0.0
1914,48,1.138541666666667,0.5624999999999789,1.0141824788050053,0.5705490512717015,0.013710486703462506,0.0,0.0,0.013148726806417018,0.0,0.0,0.546875,0.0,0.0,0.4729259184497376,0.0,0.0,0.0,0.0
1915,43,1.3465116279069773,0.6976744186046588,1.015981006263891,0.5715296019397876,0.013597933302019987,0.0,0.0,0.013154188767601738,0.0,0.0,0.6627906976744186,0.0,0.0,0.4737068094564558,0.0,0.0,0.0,0.0
1916,56,1.120178571428572,0.892857142857175,1.0162300706357208,0.5730575176589324,0.01136824936571214,0.0,0.0,0.013133285864442432,0.0,0.0,0.4017857142857143,0.0,0.0,0.4729313824419778,0.0,0.0,0.0,0.0
1917,47,1.0897872340425536,0.6808510638297718,1.0168603126575888,0.573272818961172,0.014387640449438192,0.0,0.0,0.013156605595573672,0.0,0.0,0.5957446808510638,0.0,0.0,0.4740544629349471,0.0,0.0,0.0,0.0
1918,46,1.2065217391304355,0.5652173913043476,1.0177784497530482,0.5731277089003145,0.02028508771929801,0.0,0.0,0.013192791469757824,0.0,0.0,0.6793478260869565,0.0,0.0,0.474926922689245,0.0,0.0,0.0,0.0
1919,48,1.138541666666667,0.4999999999999993,1.0194181121419919,0.5756353368293687,0.013895245359776558,0.0,0.0,0.01321754013883679,0.0,0.0,0.640625,0.0,0.0,0.4749142799515934,0.0,0.0,0.0,0.0
1920,48,0.7200000000000003,0.4583333333333317,1.0189951573849871,0.5756658595641667,0.009729729729729625,0.0,0.0,0.013201789642502855,0.0,0.0,0.3541666666666667,0.0,0.0,0.4745258272800646,0.0,0.0,0.0,0.0
1921,39,0.9671794871794875,0.5641025641025508,1.0175103483089343,0.5740535083291288,0.012399737015121495,0.0,0.0,0.013191848060838519,0.0,0.0,0.5256410256410257,0.0,0.0,0.4745078243311459,0.0,0.0,0.0,0.0
1922,45,1.1440000000000003,0.6888888888888945,1.018783988678863,0.5749519862529081,0.012767857142857178,0.0,0.0,0.013193291061031317,0.0,0.0,0.5388888888888889,0.0,0.0,0.4752097442636207,0.0,0.0,0.0,0.0
1923,43,0.9879069767441865,0.3720930232558415,1.0177728285077943,0.572383073496661,0.012242074927953888,0.0,0.0,0.013193475151244756,0.0,0.0,0.563953488372093,0.0,0.0,0.4763109941283661,0.0,0.0,0.0,0.0
1924,37,1.0170270270270274,0.43243243243242835,1.0173450789793428,0.5714864317537482,0.014270003792188407,0.0,0.0,0.01318666174932312,0.0,0.0,0.5878378378378378,0.0,0.0,0.4765340218712029,0.0,0.0,0.0,0.0
1925,41,1.1678048780487809,0.5365853658536582,1.017743309002432,0.5711678832116803,0.011741049534085349,0.0,0.0,0.013168034754413182,0.0,0.0,0.6097560975609756,0.0,0.0,0.4765308191403082,0.0,0.0,0.0,0.0
1926,56,1.0280357142857148,0.42857142857142616,1.0185045118118208,0.571428571428573,0.01250162866449459,0.0,0.0,0.013180904469864578,0.0,0.0,0.5535714285714286,0.0,0.0,0.4770860792862212,0.0,0.0,0.0,0.0
1927,52,0.8953846153846157,0.538461538461547,1.0174655591572113,0.5709076175040534,0.009843551797040065,0.0,0.0,0.013155084416120216,0.0,0.0,0.46153846153846156,0.0,0.0,0.4768790518638574,0.0,0.0,0.0,0.0
1928,50,0.7364000000000004,0.4599999999999757,1.0159326320048543,0.5699979769370842,0.008952103087770167,0.0,0.0,0.013115415805343332,0.0,0.0,0.285,0.0,0.0,0.4758749747117135,0.0,0.0,0.0,0.0
1929,43,0.9430232558139537,0.6511627906976942,1.0153088920396989,0.570690702855987,0.01082199092607433,0.0,0.0,0.013116151645151302,0.0,0.0,0.36046511627906974,0.0,0.0,0.4747316183917359,0.0,0.0,0.0,0.0
1930,49,1.055714285714286,0.7959183673469624,1.0149204902258673,0.5714575103818511,0.013739707835325738,0.0,0.0,0.013116430242253771,0.0,0.0,0.3979591836734694,0.0,0.0,0.4741719841993315,0.0,0.0,0.0,0.0
1931,48,1.088333333333334,0.666666666666683,1.0151037974683532,0.5715443037974703,0.014199510736613422,0.0,0.0,0.013130824227213326,0.0,0.0,0.4791666666666667,0.0,0.0,0.47412658227848103,0.0,0.0,0.0,0.0
1932,55,1.0605454545454551,0.5454545454545647,1.0164007289662842,0.5720360433329978,0.012344973544974531,0.0,0.0,0.013126740710327522,0.0,0.0,0.5045454545454545,0.0,0.0,0.47458742533157844,0.0,0.0,0.0,0.0
1933,46,1.051956521739131,0.6086956521739448,1.0160040547389748,0.5717181956411577,0.012091454272863173,0.0,0.0,0.013102129333931192,0.0,0.0,0.5543478260869565,0.0,0.0,0.4748352762290928,0.0,0.0,0.0,0.0
1934,48,0.8085416666666672,0.5416666666666936,1.0147860908353594,0.5717761557177639,0.009639841033283962,0.0,0.0,0.013063834952089876,0.0,0.0,0.3802083333333333,0.0,0.0,0.47412307380373075,0.0,0.0,0.0,0.0
1935,53,0.8800000000000002,0.58490566037734,1.0127590752382871,0.5707767187183151,0.010961222091657397,0.0,0.0,0.01303320862753596,0.0,0.0,0.35377358490566035,0.0,0.0,0.4731038328939363,0.0,0.0,0.0,0.0
1936,41,0.9892682926829273,0.5853658536585371,1.0132156265854884,0.5711821410451572,0.013050193050193214,0.0,0.0,0.01303750166473865,0.0,0.0,0.45121951219512196,0.0,0.0,0.4734652460679858,0.0,0.0,0.0,0.0
1937,52,1.21673076923077,0.769230769230815,1.0145712836123781,0.5728056823947261,0.021026919242273796,0.0,0.0,0.013061306600933003,0.0,0.0,0.5,0.0,0.0,0.4734145104008118,0.0,0.0,0.0,0.0
1938,43,0.9916279069767447,0.697674418604652,1.0144305724725928,0.5725740966301284,0.01212052302444464,0.0,0.0,0.013052228923372704,0.0,0.0,0.38953488372093026,0.0,0.0,0.4731780349167682,0.0,0.0,0.0,0.0
1939,55,1.1649090909090913,0.6181818181818598,1.0147448513746562,0.5724865577762026,0.014508605072463586,0.0,0.0,0.013063973679639233,0.0,0.0,0.5727272727272728,0.0,0.0,0.47314091508572587,0.0,0.0,0.0,0.0
1940,37,0.7583783783783788,0.4864864864864909,1.014650360296355,0.5729219527047629,0.009709342560553705,0.0,0.0,0.013057592717156376,0.0,0.0,0.3108108108108108,0.0,0.0,0.4726732974728509,0.0,0.0,0.0,0.0
1941,48,1.084791666666667,0.5624999999999789,1.0154156938381875,0.5731397827631739,0.013727919852359535,0.0,0.0,0.013077531511108176,0.0,0.0,0.4791666666666667,0.0,0.0,0.4729215308090549,0.0,0.0,0.0,0.0
1942,41,0.8831707317073174,0.5609756097560837,1.0139467804184426,0.572923014422103,0.009855743059335741,0.0,0.0,0.013045708827230619,0.0,0.0,0.3780487804878049,0.0,0.0,0.4716382287223238,0.0,0.0,0.0,0.0
1943,50,1.0712000000000004,0.5800000000000086,1.0132425566507455,0.5712834061579135,0.010910572418007157,0.0,0.0,0.01302379891931148,0.0,0.0,0.44,0.0,0.0,0.4714205873386851,0.0,0.0,0.0,0.0
1944,53,1.2684905660377361,0.7735849056603739,1.0149023794996934,0.5738255033557074,0.014857458563535661,0.0,0.0,0.013030340219362455,0.0,0.0,0.5283018867924528,0.0,0.0,0.4711206019930852,0.0,0.0,0.0,0.0
1945,53,0.8692452830188684,0.41509433962265746,1.0152217700915551,0.5738555442522916,0.012000520969002566,0.0,0.0,0.01305067590099429,0.0,0.0,0.4716981132075472,0.0,0.0,0.4715920651068159,0.0,0.0,0.0,0.0
1946,40,1.0432500000000007,0.7250000000000176,1.0149582654723113,0.5734934853420224,0.014514782608695332,0.0,0.0,0.013039307740190742,0.0,0.0,0.45,0.0,0.0,0.47152381921824105,0.0,0.0,0.0,0.0
1947,57,0.9926315789473689,0.5614035087719135,1.014755131070919,0.5742735216419455,0.015638474295190642,0.0,0.0,0.013054319254533379,0.0,0.0,0.45614035087719296,0.0,0.0,0.47068685226579965,0.0,0.0,0.0,0.0
1948,59,0.9954237288135599,0.7796610169490905,1.0147731194802545,0.5759821337935259,0.010244200244200521,0.0,0.0,0.013022266686988474,0.0,0.0,0.3728813559322034,0.0,0.0,0.47020607044970053,0.0,0.0,0.0,0.0
1949,48,1.287916666666667,0.7083333333333263,1.0138421694088955,0.5754621165955737,0.015404933964615296,0.0,0.0,0.013021748375263854,0.0,0.0,0.5885416666666666,0.0,0.0,0.4697592931139549,0.0,0.0,0.0,0.0
1950,54,1.012222222222223,0.8148148148148141,1.0131108401909972,0.5760438890582158,0.013947435570298728,0.0,0.0,0.01303282105838212,0.0,0.0,0.30092592592592593,0.0,0.0,0.4687595245352027,0.0,0.0,0.0,0.0
1951,47,1.2144680851063836,0.8085106382978805,1.0128041090317317,0.5769934906428009,0.019527882312692518,0.0,0.0,0.013056770963770304,0.0,0.0,0.46808510638297873,0.0,0.0,0.46791090317331163,0.0,0.0,0.0,0.0
1952,56,0.672321428571429,0.4285714285714062,1.012180229604794,0.5779741948592926,0.0070439663236665446,0.0,0.0,0.013035552136242218,0.0,0.0,0.27232142857142855,0.0,0.0,0.46718480138169255,0.0,0.0,0.0,0.0
1953,53,1.0550943396226422,0.6415094339622579,1.0122465976030863,0.5782043469429226,0.01857190302225119,0.0,0.0,0.01305683177370526,0.0,0.0,0.4528301886792453,0.0,0.0,0.4667377615275239,0.0,0.0,0.0,0.0
1954,39,1.2279487179487185,0.6666666666666782,1.0126324351804765,0.5775292323335043,0.01807169811320784,0.0,0.0,0.01306729646395069,0.0,0.0,0.6538461538461539,0.0,0.0,0.4679206914082359,0.0,0.0,0.0,0.0
1955,54,0.9431481481481488,0.5740740740740867,1.0127412147064785,0.5782043469429227,0.012851375220791956,0.0,0.0,0.013084364162191048,0.0,0.0,0.3888888888888889,0.0,0.0,0.4674994921795653,0.0,0.0,0.0,0.0
1956,50,1.0014000000000005,0.5599999999999907,1.0127874847622906,0.5783218203982137,0.014937350835322176,0.0,0.0,0.013116157669426767,0.0,0.0,0.47,0.0,0.0,0.4673151158065827,0.0,0.0,0.0,0.0
1957,38,1.4178947368421058,0.6578947368421112,1.0130406917599173,0.5773143438453728,0.019451263537906598,0.0,0.0,0.013118122766319304,0.0,0.0,0.7236842105263158,0.0,0.0,0.4680824008138352,0.0,0.0,0.0,0.0
1958,50,1.1948000000000005,0.599999999999997,1.014728050519453,0.5785292320228168,0.01687570621468936,0.0,0.0,0.013142422191705303,0.0,0.0,0.63,0.0,0.0,0.4689346099001833,0.0,0.0,0.0,0.0
1959,50,0.8714000000000003,0.479999999999994,1.014715579525795,0.5787117126284741,0.011080874872838691,0.0,0.0,0.01312010789118781,0.0,0.0,0.4,0.0,0.0,0.4687595400427394,0.0,0.0,0.0,0.0
1960,53,0.9996226415094345,0.5471698113207631,1.0145280521331832,0.5775379289278092,0.012002718622565035,0.0,0.0,0.013112796837245562,0.0,0.0,0.4481132075471698,0.0,0.0,0.4687149984726606,0.0,0.0,0.0,0.0
1961,59,1.0367796610169497,0.627118644067832,1.0137920862577552,0.5766453056657526,0.013829979651820175,0.0,0.0,0.013084442565638257,0.0,0.0,0.4957627118644068,0.0,0.0,0.46877225104262027,0.0,0.0,0.0,0.0
1962,43,1.065116279069768,0.6046511627906644,1.013129258618935,0.5759178277229747,0.01195510310623917,0.0,0.0,0.013087413639307583,0.0,0.0,0.5058139534883721,0.0,0.0,0.4685243567578562,0.0,0.0,0.0,0.0
1963,51,0.9654901960784317,0.509803921568623,1.0133340109778401,0.5758284204106537,0.013113182423435924,0.0,0.0,0.013092449224829132,0.0,0.0,0.4803921568627451,0.0,0.0,0.4686674120756251,0.0,0.0,0.0,0.0
1964,63,0.8371428571428575,0.4761904761904548,1.0125545962417462,0.5765363128491631,0.009817572598659768,0.0,0.0,0.013073899546349379,0.0,0.0,0.3888888888888889,0.0,0.0,0.4675469781615033,0.0,0.0,0.0,0.0
1965,46,0.9504347826086961,0.5000000000000042,1.011575628115145,0.5762384294578384,0.011184446149910474,0.0,0.0,0.013037726919350656,0.0,0.0,0.532608695652174,0.0,0.0,0.46722103549994914,0.0,0.0,0.0,0.0
1966,45,0.7680000000000003,0.5333333333333085,1.0092714692714682,0.5762108262108271,0.009007036747458678,0.0,0.0,0.012998283340540708,0.0,0.0,0.24444444444444444,0.0,0.0,0.46512515262515264,0.0,0.0,0.0,0.0
1967,56,0.9551785714285719,0.6428571428571203,1.010515117581186,0.5773185381248098,0.012344795753518614,0.0,0.0,0.01301073098353588,0.0,0.0,0.34375,0.0,0.0,0.46510740099765857,0.0,0.0,0.0,0.0
1968,42,1.2397619047619055,0.7142857142856887,1.010437659033078,0.5767938931297717,0.016966438579341422,0.0,0.0,0.013017603671529274,0.0,0.0,0.5357142857142857,0.0,0.0,0.46493638676844784,0.0,0.0,0.0,0.0
1969,49,1.052244897959184,0.6938775510204244,1.0104950595905051,0.5768564734643992,0.012038290917581067,0.0,0.0,0.01302162475781428,0.0,0.0,0.42857142857142855,0.0,0.0,0.4651115412040338,0.0,0.0,0.0,0.0
1970,54,1.1975925925925932,0.6481481481481403,1.0114233316352512,0.5774834437086098,0.017398439601830004,0.0,0.0,0.013044441495197928,0.0,0.0,0.5972222222222222,0.0,0.0,0.46553744268976055,0.0,0.0,0.0,0.0
1971,52,0.953461538461539,0.6538461538461744,1.0101170840969245,0.577275503970679,0.01572969543147258,0.0,0.0,0.013041615675119344,0.0,0.0,0.34615384615384615,0.0,0.0,0.46462024027692933,0.0,0.0,0.0,0.0
1972,42,0.9416666666666671,0.2619047619047644,1.0094163780810748,0.5763903035241401,0.012845079571289266,0.0,0.0,0.013037526902655819,0.0,0.0,0.5833333333333334,0.0,0.0,0.46442758199225914,0.0,0.0,0.0,0.0
1973,63,0.935396825396826,0.6031746031745943,1.0088344869706833,0.5766490228013035,0.013771909324608514,0.0,0.0,0.013041525592118361,0.0,0.0,0.38095238095238093,0.0,0.0,0.46394035016286644,0.0,0.0,0.0,0.0
1974,61,0.9252459016393448,0.3606557377049349,1.0092672501526556,0.5753104009770004,0.013809640322975282,0.0,0.0,0.013047990579505186,0.0,0.0,0.5245901639344263,0.0,0.0,0.4648381844087116,0.0,0.0,0.0,0.0
1975,49,0.9332653061224494,0.4489795918367226,1.0098025244299669,0.5740024429967434,0.012809523809523772,0.0,0.0,0.013067073419715696,0.0,0.0,0.5306122448979592,0.0,0.0,0.4666887214983713,0.0,0.0,0.0,0.0
1976,48,1.2237500000000006,0.6041666666666662,1.010420399022801,0.573289902280131,0.01857685009487661,0.0,0.0,0.013067529728641015,0.0,0.0,0.6354166666666666,0.0,0.0,0.46778298045602607,0.0,0.0,0.0,0.0
1977,51,0.864117647058824,0.45098039215688707,1.010946757609691,0.5740608775323229,0.013699098539010569,0.0,0.0,0.01308075519217675,0.0,0.0,0.47058823529411764,0.0,0.0,0.4681360073297363,0.0,0.0,0.0,0.0
1978,58,1.1051724137931043,0.48275862068965325,1.0122953320451535,0.5751042408217237,0.0185797101449283,0.0,0.0,0.013111504228943888,0.0,0.0,0.5258620689655172,0.0,0.0,0.46811756330723076,0.0,0.0,0.0,0.0
1979,38,0.9526315789473687,0.6315789473683848,1.0117524197656642,0.5753438614365775,0.010387374461979898,0.0,0.0,0.013093574221994867,0.0,0.0,0.4605263157894737,0.0,0.0,0.4680081507896077,0.0,0.0,0.0,0.0
1980,55,0.9967272727272731,0.6181818181818397,1.0099104234527685,0.575223941368079,0.011863233066435592,0.0,0.0,0.013069674738807017,0.0,0.0,0.41363636363636364,0.0,0.0,0.46640879478827363,0.0,0.0,0.0,0.0
1981,55,0.9436363636363642,0.6181818181818127,1.010110828673106,0.5747839349262844,0.012223268959019738,0.0,0.0,0.01308092592104918,0.0,0.0,0.44545454545454544,0.0,0.0,0.4671326893746823,0.0,0.0,0.0,0.0
1982,56,1.0373214285714292,0.49999999999997397,1.0103127538586512,0.5743298131600331,0.013124717577948324,0.0,0.0,0.013073155092580438,0.0,0.0,0.5625,0.0,0.0,0.4678107229894395,0.0,0.0,0.0,0.0
1983,52,1.0492307692307696,0.6153846153846059,1.0106802030456847,0.5757360406091375,0.012282755515532831,0.0,0.0,0.013040966544796233,0.0,0.0,0.47115384615384615,0.0,0.0,0.46725888324873094,0.0,0.0,0.0,0.0
1984,48,0.8327083333333337,0.4583333333333055,1.00826290125965,0.5748679398618451,0.009467077214590587,0.0,0.0,0.012986098481627111,0.0,0.0,0.4427083333333333,0.0,0.0,0.4660707029662739,0.0,0.0,0.0,0.0
1985,40,0.8665000000000005,0.5000000000000048,1.007660634404229,0.5739121594143964,0.012490090090089856,0.0,0.0,0.012987846027846042,0.0,0.0,0.36875,0.0,0.0,0.4661956079707198,0.0,0.0,0.0,0.0
1986,45,0.841777777777778,0.4444444444444593,1.0082351145038162,0.5733333333333338,0.010042417815482168,0.0,0.0,0.01299841487706113,0.0,0.0,0.4222222222222222,0.0,0.0,0.4669465648854962,0.0,0.0,0.0,0.0
1987,51,1.1747058823529417,0.7058823529411642,1.0081279235306073,0.5740288793980073,0.015803218148246152,0.0,0.0,0.012998534147288054,0.0,0.0,0.5196078431372549,0.0,0.0,0.4663666870042709,0.0,0.0,0.0,0.0
1988,34,0.9473529411764711,0.8235294117646872,1.009974533971681,0.5764490170113071,0.009987596899225067,0.0,0.0,0.013022763422486035,0.0,0.0,0.3235294117647059,0.0,0.0,0.4662575124783539,0.0,0.0,0.0,0.0
1989,51,1.1354901960784318,0.6470588235294213,1.0113287852560833,0.5771306384278592,0.013297359357060482,0.0,0.0,0.013019955456453387,0.0,0.0,0.5196078431372549,0.0,0.0,0.466423989410447,0.0,0.0,0.0,0.0
1990,51,0.5864705882352945,0.47058823529412236,1.0093477154777646,0.5771853057901704,0.008830823737821174,0.0,0.0,0.013002219282986777,0.0,0.0,0.18627450980392157,0.0,0.0,0.46458736135137885,0.0,0.0,0.0,0.0
1991,52,0.9967307692307698,0.6153846153846081,1.0098209562563571,0.5774160732451683,0.013025885900979944,0.0,0.0,0.013005859262403776,0.0,0.0,0.4182692307692308,0.0,0.0,0.4646490335707019,0.0,0.0,0.0,0.0
1992,59,1.1822033898305089,0.6779661016948855,1.0115618640618633,0.5784493284493288,0.014999999999999823,0.0,0.0,0.01303215294145408,0.0,0.0,0.576271186440678,0.0,0.0,0.4655830280830281,0.0,0.0,0.0,0.0
1993,45,1.238444444444445,0.6222222222222336,1.0126748091603046,0.5778117048346061,0.016615980918305576,0.0,0.0,0.013030859055761625,0.0,0.0,0.6111111111111112,0.0,0.0,0.4669211195928753,0.0,0.0,0.0,0.0
1994,46,1.1497826086956524,0.6086956521738979,1.0136189505858373,0.5786041772796743,0.012217602217602649,0.0,0.0,0.01300979722926198,0.0,0.0,0.5434782608695652,0.0,0.0,0.46688741721854304,0.0,0.0,0.0,0.0
1995,47,1.1221276595744687,0.7659574468085131,1.0136723048705922,0.5794782963113924,0.013933949801849586,0.0,0.0,0.013002848079343658,0.0,0.0,0.425531914893617,0.0,0.0,0.46637456694518037,0.0,0.0,0.0,0.0
1996,50,1.2276000000000002,0.5600000000000118,1.0147213448802843,0.5794192562404487,0.012876022655758717,0.0,0.0,0.013003116468715862,0.0,0.0,0.7,0.0,0.0,0.467142129393785,0.0,0.0,0.0,0.0
1997,44,1.1415909090909095,0.8636363636363691,1.015831123801753,0.5813787477054867,0.017131650750341204,0.0,0.0,0.013011210976124277,0.0,0.0,0.4431818181818182,0.0,0.0,0.46708647766673467,0.0,0.0,0.0,0.0
1998,42,0.9773809523809528,0.547619047619048,1.015628125318909,0.5809776507806921,0.01182656295015796,0.0,0.0,0.013009826516299321,0.0,0.0,0.5,0.0,0.0,0.4669354015715889,0.0,0.0,0.0,0.0
1999,54,1.200555555555556,0.6666666666666763,1.0164373088685006,0.581549439347605,0.014818285714285522,0.0,0.0,0.01301760354681965,0.0,0.0,0.5601851851851852,0.0,0.0,0.4670998980632008,0.0,0.0,0.0,0.0
2000,47,1.061702127659575,0.617021276595727,1.0160563092930728,0.5824747526267473,0.016795691686301233,0.0,0.0,0.01301291833023267,0.0,0.0,0.5319148936170213,0.0,0.0,0.466617362032031,0.0,0.0,0.0,0.0
2001,35,1.0942857142857145,0.6285714285714279,1.0165557030532002,0.5838864495047487,0.013476425052779925,0.0,0.0,0.013006644995740736,0.0,0.0,0.4928571428571429,0.0,0.0,0.46620034718676606,0.0,0.0,0.0,0.0
2002,58,1.1593103448275865,0.7586206896551645,1.0165419131144187,0.5843361207424029,0.01426994906621323,0.0,0.0,0.013016030742673747,0.0,0.0,0.46551724137931033,0.0,0.0,0.46591372629002653,0.0,0.0,0.0,0.0
2003,61,0.9934426229508203,0.6885245901639265,1.0160586916649674,0.5855920114122687,0.016754216201271852,0.0,0.0,0.01304781906089096,0.0,0.0,0.39344262295081966,0.0,0.0,0.46492255960872225,0.0,0.0,0.0,0.0
2004,58,0.9293103448275867,0.5172413793103428,1.015419551934826,0.5850305498981675,0.010547945205478878,0.0,0.0,0.013032236141334539,0.0,0.0,0.39655172413793105,0.0,0.0,0.4645875763747454,0.0,0.0,0.0,0.0
2005,48,1.2964583333333337,0.8125000000000203,1.0168055414077612,0.5862279718855052,0.01451259328358224,0.0,0.0,0.013028210007543901,0.0,0.0,0.5416666666666666,0.0,0.0,0.4652643373739432,0.0,0.0,0.0,0.0
2006,42,1.0073809523809527,0.5714285714285393,1.0166266041963732,0.5865756773273584,0.011216861081654542,0.0,0.0,0.013015420966568353,0.0,0.0,0.47023809523809523,0.0,0.0,0.46473314320635567,0.0,0.0,0.0,0.0
2007,40,1.0405000000000002,0.5500000000000044,1.0162335677162941,0.5864669316213192,0.011516325401217626,0.0,0.0,0.013019671227940535,0.0,0.0,0.49375,0.0,0.0,0.46428207479873634,0.0,0.0,0.0,0.0
2008,38,1.0189473684210533,0.4210526315789485,1.0176678914064088,0.5873647683200658,0.013691654879773732,0.0,0.0,0.013033585523219949,0.0,0.0,0.5526315789473685,0.0,0.0,0.4650438865074505,0.0,0.0,0.0,0.0
2009,53,1.0771698113207553,0.528301886792447,1.0191032304086407,0.5876897992458988,0.015413066954642968,0.0,0.0,0.013047901863415628,0.0,0.0,0.5660377358490566,0.0,0.0,0.466065423417915,0.0,0.0,0.0,0.0
2010,60,1.0320000000000007,0.716666666666628,1.0195341741253043,0.5884865744507732,0.01658719528529243,0.0,0.0,0.013057704181722966,0.0,0.0,0.49166666666666664,0.0,0.0,0.4661055736371033,0.0,0.0,0.0,0.0
2011,42,1.1840476190476197,0.8095238095238261,1.020167125242025,0.5896260063181495,0.014835918854415393,0.0,0.0,0.013076998439000174,0.0,0.0,0.4642857142857143,0.0,0.0,0.4662947110975237,0.0,0.0,0.0,0.0
2012,39,1.1641025641025646,0.7179487179487237,1.0213806806602803,0.5901772977379257,0.017713616855247583,0.0,0.0,0.01311152968260508,0.0,0.0,0.44871794871794873,0.0,0.0,0.46688404320358673,0.0,0.0,0.0,0.0
2013,54,1.2064814814814822,0.6666666666666765,1.022634633004173,0.5908581899623335,0.014129256126653209,0.0,0.0,0.013120067080521434,0.0,0.0,0.625,0.0,0.0,0.46783060164919066,0.0,0.0,0.0,0.0
2014,51,0.9082352941176476,0.50980392156862,1.022686901609288,0.5909553880627422,0.011617757712566018,0.0,0.0,0.013128737132105368,0.0,0.0,0.3872549019607843,0.0,0.0,0.46768690160928905,0.0,0.0,0.0,0.0
2015,48,0.8850000000000003,0.4791666666666959,1.0226895637994284,0.5907052588666943,0.010290697674418479,0.0,0.0,0.013103443322743111,0.0,0.0,0.4010416666666667,0.0,0.0,0.4675907052588667,0.0,0.0,0.0,0.0
2016,48,0.8504166666666672,0.41666666666666935,1.0221592992462813,0.5893257282542274,0.014604651162791195,0.0,0.0,0.013124589675114236,0.0,0.0,0.4322916666666667,0.0,0.0,0.46819617029945,0.0,0.0,0.0,0.0
2017,43,0.9625581395348841,0.8139534883721158,1.0220596923703769,0.590302536416421,0.010832242868359213,0.0,0.0,0.013124737565682158,0.0,0.0,0.3488372093023256,0.0,0.0,0.4676836100641744,0.0,0.0,0.0,0.0
2018,55,1.0441818181818188,0.7272727272727678,1.0215646951033277,0.5905527842817883,0.016802223522528536,0.0,0.0,0.01312725740979845,0.0,0.0,0.4090909090909091,0.0,0.0,0.46732159218161456,0.0,0.0,0.0,0.0
2019,38,1.2428947368421057,0.4210526315789589,1.0227216221724058,0.5891583452211132,0.018499804151978397,0.0,0.0,0.013150968340423968,0.0,0.0,0.7368421052631579,0.0,0.0,0.46912573874057467,0.0,0.0,0.0,0.0
2020,47,1.0297872340425536,0.42553191489361,1.0234726753670462,0.5874796084828716,0.015177171527125258,0.0,0.0,0.013160477479662537,0.0,0.0,0.574468085106383,0.0,0.0,0.4709165986949429,0.0,0.0,0.0,0.0
2021,38,1.097894736842106,0.6842105263157823,1.0226942317508925,0.5886676875957124,0.014356503785271946,0.0,0.0,0.013155078879598466,0.0,0.0,0.4342105263157895,0.0,0.0,0.46952526799387445,0.0,0.0,0.0,0.0
2022,51,1.4360784313725494,0.9803921568627798,1.0250520514390684,0.5901204327413765,0.016351864255413788,0.0,0.0,0.013180013175472618,0.0,0.0,0.5490196078431373,0.0,0.0,0.4704021228822209,0.0,0.0,0.0,0.0
2023,53,0.98433962264151,0.5471698113207346,1.0245500918179955,0.5910018363599271,0.016121755253399563,0.0,0.0,0.013189564596116666,0.0,0.0,0.5141509433962265,0.0,0.0,0.46990410120383597,0.0,0.0,0.0,0.0
2024,43,0.8265116279069771,0.4186046511627986,1.0240965700285827,0.591159657002859,0.011197227473219612,0.0,0.0,0.013178304247591144,0.0,0.0,0.4069767441860465,0.0,0.0,0.4694007758268681,0.0,0.0,0.0,0.0
2025,53,1.1775471698113211,0.7924528301886962,1.0236579887697799,0.5918325676365501,0.015590806894828918,0.0,0.0,0.013179851254400186,0.0,0.0,0.5094339622641509,0.0,0.0,0.468631955079122,0.0,0.0,0.0,0.0
2026,43,1.0695348837209306,0.6046511627906959,1.0230516096065403,0.5918242207460407,0.02041278295605827,0.0,0.0,0.013193837069840378,0.0,0.0,0.5058139534883721,0.0,0.0,0.4682422074603986,0.0,0.0,0.0,0.0
2027,48,1.204583333333334,0.8333333333332744,1.0231506288986598,0.5926986399427349,0.0156566477118864,0.0,0.0,0.013194170263437924,0.0,0.0,0.484375,0.0,0.0,0.46771142243583186,0.0,0.0,0.0,0.0
2028,46,0.9276086956521743,0.8043478260869613,1.0225214723926375,0.5935582822085894,0.01553330906443401,0.0,0.0,0.013212634649761952,0.0,0.0,0.21195652173913043,0.0,0.0,0.46633435582822086,0.0,0.0,0.0,0.0
2029,54,0.8192592592592596,0.29629629629629495,1.020376278118609,0.5912065439672807,0.010142136634571112,0.0,0.0,0.013204489850466199,0.0,0.0,0.4444444444444444,0.0,0.0,0.4657719836400818,0.0,0.0,0.0,0.0
2030,42,1.216190476190477,0.7142857142857089,1.0219069053708436,0.5923273657289008,0.01972200772200731,0.0,0.0,0.013243576842560192,0.0,0.0,0.5714285714285714,0.0,0.0,0.46647058823529414,0.0,0.0,0.0,0.0
2031,44,1.0656818181818186,0.47727272727272774,1.0219793477149572,0.5914528166854109,0.020979865771812073,0.0,0.0,0.013263512661796975,0.0,0.0,0.6136363636363636,0.0,0.0,0.4670534710152336,0.0,0.0,0.0,0.0
2032,55,0.7469090909090914,0.38181818181819077,1.0210219499744764,0.5898928024502303,0.011291918636613859,0.0,0.0,0.013262803740300776,0.0,0.0,0.41818181818181815,0.0,0.0,0.46738131699846863,0.0,0.0,0.0,0.0
2033,59,0.9776271186440684,0.27118644067795844,1.0208244165902371,0.5875878936105173,0.015534608133585,0.0,0.0,0.013263357894249015,0.0,0.0,0.6483050847457628,0.0,0.0,0.46868949352899214,0.0,0.0,0.0,0.0
2034,56,1.179821428571429,0.5892857142856913,1.021333401242742,0.5876540694713259,0.01577979460233978,0.0,0.0,0.013267650736729251,0.0,0.0,0.5625,0.0,0.0,0.46888051339513087,0.0,0.0,0.0,0.0
2035,49,0.8418367346938781,0.32653061224488816,1.0222428193114685,0.5874923609696481,0.014575971731449517,0.0,0.0,0.01331323247531054,0.0,0.0,0.4489795918367347,0.0,0.0,0.4695711957628845,0.0,0.0,0.0,0.0
2036,53,0.9794339622641516,0.5849056603773544,1.0233062220414801,0.5877389182594556,0.017098155467720758,0.0,0.0,0.013338121602603661,0.0,0.0,0.42452830188679247,0.0,0.0,0.47018605124034163,0.0,0.0,0.0,0.0
2037,54,0.8375925925925929,0.5185185185184912,1.0229679715302489,0.5882053889171331,0.009008165704042963,0.0,0.0,0.013296957169346719,0.0,0.0,0.39814814814814814,0.0,0.0,0.4698271479410269,0.0,0.0,0.0,0.0
2038,43,0.9741860465116282,0.46511627906975356,1.0225892040256173,0.5888990545898143,0.0132145110410103,0.0,0.0,0.013283571052218017,0.0,0.0,0.5116279069767442,0.0,0.0,0.46947748297245095,0.0,0.0,0.0,0.0
2039,52,1.0286538461538466,0.6153846153845778,1.022295965037097,0.5903038926720197,0.012006734006733615,0.0,0.0,0.013270597827807836,0.0,0.0,0.5048076923076923,0.0,0.0,0.4689246874682386,0.0,0.0,0.0,0.0
2040,41,0.6029268292682928,0.43902439024389533,1.020924549434884,0.5898584665512681,0.008497765555173523,0.0,0.0,0.013264759384818895,0.0,0.0,0.24390243902439024,0.0,0.0,0.46805315141024334,0.0,0.0,0.0,0.0
2041,43,1.0537209302325583,0.5581395348836982,1.0218989919560122,0.5911821606761024,0.013664053075995322,0.0,0.0,0.013263452676262184,0.0,0.0,0.48255813953488375,0.0,0.0,0.4681295183789838,0.0,0.0,0.0,0.0
2042,47,1.0668085106382983,0.5531914893616864,1.0225932721712534,0.5911314984709481,0.013122219314316029,0.0,0.0,0.01326766274697556,0.0,0.0,0.5159574468085106,0.0,0.0,0.4685270132517839,0.0,0.0,0.0,0.0
2043,39,1.2687179487179492,0.666666666666672,1.0241838400326457,0.5918179963272804,0.01911901081916438,0.0,0.0,0.013294501064720129,0.0,0.0,0.6089743589743589,0.0,0.0,0.46949602122015915,0.0,0.0,0.0,0.0
2044,49,1.0726530612244902,0.775510204081623,1.0272790365380684,0.5934884670340886,0.014636591478695678,0.0,0.0,0.013345920889332015,0.0,0.0,0.41836734693877553,0.0,0.0,0.4710910389875485,0.0,0.0,0.0,0.0
2045,50,1.1600000000000008,0.6799999999999811,1.0281570349193379,0.5938329589544619,0.019003931847968815,0.0,0.0,0.013353379330830537,0.0,0.0,0.515,0.0,0.0,0.4717939554829487,0.0,0.0,0.0,0.0
2046,60,1.0998333333333339,0.5833333333333196,1.0301713411524727,0.5935747067822539,0.014206673842842034,0.0,0.0,0.013371374636454226,0.0,0.0,0.5375,0.0,0.0,0.47373788883222845,0.0,0.0,0.0,0.0
2047,51,1.0474509803921572,0.607843137254899,1.0308430173292553,0.5942915392456676,0.013381763527053944,0.0,0.0,0.013351901535276474,0.0,0.0,0.4019607843137255,0.0,0.0,0.47398063200815493,0.0,0.0,0.0,0.0
2048,56,1.1714285714285722,0.6071428571428333,1.0321134073093754,0.5948284638094269,0.017997256515774863,0.0,0.0,0.013386478118212456,0.0,0.0,0.5,0.0,0.0,0.47437137330754353,0.0,0.0,0.0,0.0
2049,43,0.7997674418604654,0.4186046511627889,1.0312683224755694,0.5945643322475571,0.010111731843575188,0.0,0.0,0.013357742764849334,0.0,0.0,0.4186046511627907,0.0,0.0,0.47378868078175895,0.0,0.0,0.0,0.0
2050,52,1.1026923076923085,0.6153846153846408,1.0325842239185747,0.5954198473282444,0.0208660844250353,0.0,0.0,0.013404107453347178,0.0,0.0,0.5048076923076923,0.0,0.0,0.4737150127226463,0.0,0.0,0.0,0.0
2051,45,1.245555555555556,0.5333333333333243,1.0347307221542223,0.5954712362301101,0.013634152274385575,0.0,0.0,0.01339296323189646,0.0,0.0,0.6444444444444445,0.0,0.0,0.47541819665442675,0.0,0.0,0.0,0.0
2052,43,1.1141860465116282,0.5116279069767521,1.036071683855815,0.5959358725620342,0.018335246842709624,0.0,0.0,0.013412095175148676,0.0,0.0,0.5116279069767442,0.0,0.0,0.47592668232410906,0.0,0.0,0.0,0.0
2053,53,1.2060377358490573,0.6037735849056548,1.036727625664078,0.5962402942378423,0.016950411031555403,0.0,0.0,0.013414124402824624,0.0,0.0,0.5849056603773585,0.0,0.0,0.47629750715161423,0.0,0.0,0.0,0.0
2054,49,1.031836734693878,0.44897959183672387,1.036735152816109,0.5946028825513643,0.013249475890985494,0.0,0.0,0.013412599860086733,0.0,0.0,0.5510204081632653,0.0,0.0,0.47697536542982727,0.0,0.0,0.0,0.0
2055,41,0.7680487804878054,0.4146341463414623,1.035447669664758,0.5940310711365493,0.013231092436974764,0.0,0.0,0.01342694767757784,0.0,0.0,0.3475609756097561,0.0,0.0,0.47613450531479967,0.0,0.0,0.0,0.0
2056,57,1.3907017543859657,0.7192982456140675,1.0379791794243718,0.594713206776893,0.021054448871181693,0.0,0.0,0.013480945961529999,0.0,0.0,0.6228070175438597,0.0,0.0,0.47736783016942236,0.0,0.0,0.0,0.0
2057,48,1.004791666666667,0.7916666666666327,1.0374699041012034,0.5958987961640477,0.013847258110823647,0.0,0.0,0.013491367301615044,0.0,0.0,0.2916666666666667,0.0,0.0,0.4760508059579678,0.0,0.0,0.0,0.0
2058,40,0.9077500000000004,0.5750000000000347,1.035637124770267,0.5947518889115784,0.014363132911392063,0.0,0.0,0.013463811881516628,0.0,0.0,0.45625,0.0,0.0,0.475239942822136,0.0,0.0,0.0,0.0
2059,49,1.057755102040817,0.5102040816326706,1.035465578786333,0.5957164711881694,0.014670251910556828,0.0,0.0,0.01346854848231182,0.0,0.0,0.49489795918367346,0.0,0.0,0.47440081591024985,0.0,0.0,0.0,0.0
2060,59,0.8401694915254241,0.5084745762711907,1.033477861660885,0.594980616200775,0.012915581031787604,0.0,0.0,0.013463800456938353,0.0,0.0,0.3898305084745763,0.0,0.0,0.47329626606814934,0.0,0.0,0.0,0.0
2061,64,0.8906250000000004,0.5468749999999876,1.0328136145928863,0.595230816264139,0.014119395590785259,0.0,0.0,0.013469924257426345,0.0,0.0,0.44921875,0.0,0.0,0.47312238866809336,0.0,0.0,0.0,0.0
2062,52,1.043461538461539,0.634615384615381,1.0328628169874727,0.5958855280578467,0.018098732488325678,0.0,0.0,0.013485648939211548,0.0,0.0,0.49038461538461536,0.0,0.0,0.47324065587127,0.0,0.0,0.0,0.0
2063,40,0.9910000000000003,0.7999999999999747,1.0335468431771886,0.5962321792260687,0.013874693734686805,0.0,0.0,0.013517199771459869,0.0,0.0,0.30625,0.0,0.0,0.4736761710794297,0.0,0.0,0.0,0.0
2064,58,0.790517241379311,0.310344827586205,1.0323334691383168,0.5955388062741899,0.013831070889895249,0.0,0.0,0.01353327689711155,0.0,0.0,0.4956896551724138,0.0,0.0,0.47356895498064777,0.0,0.0,0.0,0.0
2065,59,0.9350847457627124,0.6440677966101764,1.0312137552141616,0.5961949333604635,0.014610699152542142,0.0,0.0,0.0135195193913428,0.0,0.0,0.3686440677966102,0.0,0.0,0.4722250483263811,0.0,0.0,0.0,0.0
2066,50,1.0648000000000006,0.76000000000001,1.0313272264631037,0.5977608142493634,0.01497609001406478,0.0,0.0,0.013521005162721072,0.0,0.0,0.39,0.0,0.0,0.4712468193384224,0.0,0.0,0.0,0.0
2067,54,1.1279629629629635,0.6296296296296141,1.0317290099613734,0.5971742224029268,0.015957558291852404,0.0,0.0,0.013549322810848856,0.0,0.0,0.5,0.0,0.0,0.4717930473673511,0.0,0.0,0.0,0.0
2068,43,0.9841860465116282,0.6279069767441837,1.0318426142726247,0.5977807187213676,0.016079027355623714,0.0,0.0,0.013538376670126081,0.0,0.0,0.436046511627907,0.0,0.0,0.47139366792222337,0.0,0.0,0.0,0.0
2069,52,1.0767307692307697,0.46153846153846695,1.0317336862465634,0.5959482846380939,0.017054523301857954,0.0,0.0,0.013574770454804161,0.0,0.0,0.6009615384615384,0.0,0.0,0.4726407411177848,0.0,0.0,0.0,0.0
2070,46,1.249565217391305,0.5652173913043733,1.0317126565522852,0.5954587109255672,0.01689097854833873,0.0,0.0,0.013570966493309185,0.0,0.0,0.6467391304347826,0.0,0.0,0.47327156094084105,0.0,0.0,0.0,0.0
2071,41,1.184146341463415,0.7317073170731678,1.032303376517392,0.5958380087728244,0.01507295870847605,0.0,0.0,0.013569970767291498,0.0,0.0,0.5121951219512195,0.0,0.0,0.47340099969397126,0.0,0.0,0.0,0.0
2072,46,1.083260869565218,0.5869565217391394,1.0319928607853128,0.5956144824069353,0.01640763911754943,0.0,0.0,0.013578707654980971,0.0,0.0,0.5597826086956522,0.0,0.0,0.4733044365119837,0.0,0.0,0.0,0.0
2073,48,0.5462500000000002,0.2916666666666796,1.0297930682976546,0.5934760448521919,0.009171038824764092,0.0,0.0,0.0135572187375026,0.0,0.0,0.3541666666666667,0.0,0.0,0.4733435270132518,0.0,0.0,0.0,0.0
2074,47,0.9555319148936176,0.4893617021276737,1.0309682685440253,0.592898683807775,0.01507046979865809,0.0,0.0,0.013591446330404136,0.0,0.0,0.43617021276595747,0.0,0.0,0.474058769513315,0.0,0.0,0.0,0.0
2075,48,0.9370833333333338,0.6458333333333375,1.0314699877501012,0.5940179665169458,0.011908922425205401,0.0,0.0,0.013615205920240556,0.0,0.0,0.3385416666666667,0.0,0.0,0.4734585545120457,0.0,0.0,0.0,0.0
2076,56,1.2469642857142864,0.6249999999999684,1.0330431236619422,0.5939443368335202,0.01432410256410238,0.0,0.0,0.013622769504609162,0.0,0.0,0.5758928571428571,0.0,0.0,0.47425833418289326,0.0,0.0,0.0,0.0
2077,31,1.1538709677419359,0.7741935483870911,1.034381322162051,0.5947685705527741,0.010945532435740259,0.0,0.0,0.01363429324096092,0.0,0.0,0.4274193548387097,0.0,0.0,0.4751456013078574,0.0,0.0,0.0,0.0
2078,50,1.3114000000000008,0.5800000000000263,1.0352583214212778,0.5948539922401472,0.020021374045801413,0.0,0.0,0.013657342054503675,0.0,0.0,0.67,0.0,0.0,0.47562283030426794,0.0,0.0,0.0,0.0
2079,48,1.1543750000000006,0.6458333333333325,1.0354295637960973,0.5945448973337422,0.01951056338028184,0.0,0.0,0.01366750269687158,0.0,0.0,0.4791666666666667,0.0,0.0,0.4757125344774747,0.0,0.0,0.0,0.0
2080,52,1.2144230769230773,0.6153846153846534,1.0355865237365998,0.5940786115364987,0.016117917304747584,0.0,0.0,0.013665017742104916,0.0,0.0,0.5817307692307693,0.0,0.0,0.4759571209800919,0.0,0.0,0.0,0.0
2081,51,1.0929411764705887,0.5686274509804076,1.0364396569328154,0.5926077190116403,0.014515624999999806,0.0,0.0,0.013675910681903259,0.0,0.0,0.5294117647058824,0.0,0.0,0.4773330610577905,0.0,0.0,0.0,0.0
2082,46,0.9926086956521745,0.8695652173913377,1.0369100951212025,0.5952746241178284,0.014031960663799086,0.0,0.0,0.013691313507819425,0.0,0.0,0.19021739130434784,0.0,0.0,0.4758105758412601,0.0,0.0,0.0,0.0
2083,41,1.2087804878048787,0.9512195121951404,1.0386072451903394,0.5971142038477292,0.01443214909726265,0.0,0.0,0.013703674199053733,0.0,0.0,0.36585365853658536,0.0,0.0,0.47602844862873517,0.0,0.0,0.0,0.0
2084,58,1.4384482758620698,0.8620689655172411,1.041211408709875,0.5999795542833786,0.02214759755773603,0.0,0.0,0.013748268833605503,0.0,0.0,0.6637931034482759,0.0,0.0,0.4767174401962789,0.0,0.0,0.0,0.0
2085,42,1.3683333333333336,0.7142857142856721,1.0431533742331283,0.6005112474437635,0.019004629629629614,0.0,0.0,0.013801610407038986,0.0,0.0,0.6964285714285714,0.0,0.0,0.4780674846625767,0.0,0.0,0.0,0.0
2086,47,1.2357446808510644,0.5957446808510813,1.0427035597381336,0.5999386252045833,0.0151014040561622,0.0,0.0,0.013814592404967171,0.0,0.0,0.5851063829787234,0.0,0.0,0.4779817921440262,0.0,0.0,0.0,0.0
2087,57,1.17421052631579,0.7017543859649493,1.0447182738521317,0.6015952551385629,0.017227799227799916,0.0,0.0,0.013820845649659375,0.0,0.0,0.5175438596491229,0.0,0.0,0.47860210655486246,0.0,0.0,0.0,0.0
2088,42,1.0411904761904767,0.6666666666666714,1.0444376215331077,0.6020878108688984,0.016130579122095114,0.0,0.0,0.013840712189352912,0.0,0.0,0.47619047619047616,0.0,0.0,0.4786101729608024,0.0,0.0,0.0,0.0
2089,51,1.1972549019607848,0.5490196078431666,1.046028855008697,0.6017599508850924,0.017331819472040415,0.0,0.0,0.013864561068495176,0.0,0.0,0.6862745098039216,0.0,0.0,0.4806098434462294,0.0,0.0,0.0,0.0
2090,57,1.1433333333333342,0.8771929824561355,1.0466629167518917,0.6027817549601154,0.01621144278606965,0.0,0.0,0.013870487704057032,0.0,0.0,0.44298245614035087,0.0,0.0,0.48090100224994886,0.0,0.0,0.0,0.0
2091,46,1.2573913043478269,0.6521739130434673,1.0460930137266948,0.6020282728948988,0.026777777777778514,0.0,0.0,0.013916354369659675,0.0,0.0,0.5489130434782609,0.0,0.0,0.4805623847572219,0.0,0.0,0.0,0.0
2092,43,1.1523255813953492,0.6046511627906999,1.045591552183719,0.6014968218166908,0.01430427251732068,0.0,0.0,0.013928654347796353,0.0,0.0,0.6162790697674418,0.0,0.0,0.48103342218576994,0.0,0.0,0.0,0.0
2093,52,1.0494230769230775,0.5769230769230698,1.0462240919351524,0.6012723168479376,0.01429282346778446,0.0,0.0,0.01393143381800391,0.0,0.0,0.4519230769230769,0.0,0.0,0.48163349066283606,0.0,0.0,0.0,0.0
2094,50,0.9998000000000006,0.7199999999999835,1.046299293250025,0.601659326026836,0.012189709826871871,0.0,0.0,0.013914418660404354,0.0,0.0,0.345,0.0,0.0,0.4814094028474854,0.0,0.0,0.0,0.0
2095,46,1.1178260869565224,0.5434782608695753,1.0457473619506192,0.6014752586825122,0.020700483091787385,0.0,0.0,0.013929408232749465,0.0,0.0,0.5869565217391305,0.0,0.0,0.48109824813031454,0.0,0.0,0.0,0.0
2096,52,1.2561538461538466,0.8076923076922988,1.0474223634313824,0.6031567080045094,0.016013728855111337,0.0,0.0,0.013942310971774816,0.0,0.0,0.5048076923076923,0.0,0.0,0.4815004612073383,0.0,0.0,0.0,0.0
2097,47,1.04936170212766,0.7234042553191348,1.0475048653077945,0.6028884564170849,0.01637450199203084,0.0,0.0,0.013942644071493768,0.0,0.0,0.48404255319148937,0.0,0.0,0.4819983611594797,0.0,0.0,0.0,0.0
2098,44,0.9861363636363639,0.772727272727273,1.047170391634201,0.6035472626614721,0.010804282868526334,0.0,0.0,0.01392228730009223,0.0,0.0,0.3181818181818182,0.0,0.0,0.481469140865286,0.0,0.0,0.0,0.0
2099,51,1.2217647058823533,0.8235294117646967,1.048475097356015,0.6056568969051032,0.01404960541149942,0.0,0.0,0.013952710074406988,0.0,0.0,0.5049019607843137,0.0,0.0,0.4816048370567739,0.0,0.0,0.0,0.0
2100,55,0.939454545454546,0.6181818181818436,1.0473172978505623,0.6055271238485157,0.01438874965190765,0.0,0.0,0.013943584048185175,0.0,0.0,0.4590909090909091,0.0,0.0,0.4811924257932446,0.0,0.0,0.0,0.0
2101,54,1.0292592592592595,0.7037037037037306,1.047012375984453,0.6064232382121306,0.013158143939394348,0.0,0.0,0.013946129019513238,0.0,0.0,0.42592592592592593,0.0,0.0,0.48054106576659505,0.0,0.0,0.0,0.0
2102,53,0.9922641509433967,0.8301886792452668,1.0456477691363075,0.6063241915677444,0.014809912700647666,0.0,0.0,0.013939269509796126,0.0,0.0,0.2830188679245283,0.0,0.0,0.47912402783462954,0.0,0.0,0.0,0.0
2103,53,1.1775471698113213,0.7169811320754864,1.045401168152474,0.6064145916589813,0.013835069829305761,0.0,0.0,0.013941958557054048,0.0,0.0,0.5754716981132075,0.0,0.0,0.47873757557126756,0.0,0.0,0.0,0.0
2104,58,1.2296551724137934,0.9310344827586193,1.0468887524306616,0.6078190563913621,0.014128367670364581,0.0,0.0,0.013939989016065668,0.0,0.0,0.44396551724137934,0.0,0.0,0.47904513355848943,0.0,0.0,0.0,0.0
2105,47,0.5687234042553194,0.12765957446808213,1.0442855681701948,0.6058095530326275,0.008945783132530246,0.0,0.0,0.013920883957410968,0.0,0.0,0.40425531914893614,0.0,0.0,0.4785465889332106,0.0,0.0,0.0,0.0
2106,40,1.2097500000000003,0.6749999999999944,1.045254861821903,0.6062436028659158,0.020162500000000153,0.0,0.0,0.01395541489185791,0.0,0.0,0.6125,0.0,0.0,0.4794012282497441,0.0,0.0,0.0,0.0
2107,35,0.7902857142857148,0.6857142857142788,1.0448953846153841,0.6062564102564099,0.011790281329923021,0.0,0.0,0.013981689375391092,0.0,0.0,0.2357142857142857,0.0,0.0,0.4793846153846154,0.0,0.0,0.0,0.0
2108,37,0.8754054054054058,0.32432432432432223,1.0443917948717945,0.6047179487179484,0.013626419856962481,0.0,0.0,0.013984028564562049,0.0,0.0,0.4864864864864865,0.0,0.0,0.4799230769230769,0.0,0.0,0.0,0.0
2109,45,1.082666666666667,0.7111111111111209,1.0449712820512813,0.6061538461538458,0.01359374999999984,0.0,0.0,0.014002094445185,0.0,0.0,0.4777777777777778,0.0,0.0,0.4795641025641026,0.0,0.0,0.0,0.0
2110,49,1.1379591836734702,0.5714285714285599,1.0473334017866305,0.6072492042304133,0.016516587677724782,0.0,0.0,0.014024677981762337,0.0,0.0,0.5510204081632653,0.0,0.0,0.48087585994455284,0.0,0.0,0.0,0.0
2111,43,0.9158139534883725,0.6511627906976735,1.0460523613963035,0.6069815195071864,0.012958209937479653,0.0,0.0,0.014017808865634097,0.0,0.0,0.3953488372093023,0.0,0.0,0.48044147843942503,0.0,0.0,0.0,0.0
2112,47,1.0900000000000003,0.4255319148936125,1.0453069184972281,0.6052145350030791,0.013535006605019865,0.0,0.0,0.014010001857291192,0.0,0.0,0.6170212765957447,0.0,0.0,0.4809587353726134,0.0,0.0,0.0,0.0
2113,45,1.010666666666667,0.599999999999955,1.0444000410930754,0.6055064721594406,0.011949553336835747,0.0,0.0,0.013979793896089906,0.0,0.0,0.4722222222222222,0.0,0.0,0.48022395726320116,0.0,0.0,0.0,0.0
2114,50,1.1682000000000006,0.7599999999999854,1.0445716926869346,0.6065119145439601,0.016626814688300934,0.0,0.0,0.013994066596672997,0.0,0.0,0.51,0.0,0.0,0.4800482744453574,0.0,0.0,0.0,0.0
2115,52,0.9242307692307696,0.5000000000000048,1.0425972293483834,0.6055413032324265,0.014359127576934852,0.0,0.0,0.01399807390792778,0.0,0.0,0.5,0.0,0.0,0.4793483837865572,0.0,0.0,0.0,0.0
2116,42,0.9780952380952386,0.7142857142857026,1.0418723666632408,0.6043572089199457,0.01780667533593353,0.0,0.0,0.014030315065782225,0.0,0.0,0.40476190476190477,0.0,0.0,0.479472818826431,0.0,0.0,0.0,0.0
2117,46,1.208260869565218,0.6521739130434883,1.0424275436793415,0.6042137718396705,0.01768936982813444,0.0,0.0,0.014044472876364013,0.0,0.0,0.5760869565217391,0.0,0.0,0.47936793422404933,0.0,0.0,0.0,0.0
2118,52,1.0942307692307696,0.5384615384615445,1.0419289235825795,0.6040468364831547,0.011873956594324449,0.0,0.0,0.014006536426008128,0.0,0.0,0.5192307692307693,0.0,0.0,0.4786359901396878,0.0,0.0,0.0,0.0
2119,42,0.9416666666666673,0.3809523809523843,1.041019527235354,0.6035971223021577,0.01284507957128913,0.0,0.0,0.014002197969297492,0.0,0.0,0.5714285714285714,0.0,0.0,0.4782374100719424,0.0,0.0,0.0,0.0
2120,51,0.9594117647058831,0.7058823529411357,1.0421750744888518,0.6048494811466139,0.014623430962342894,0.0,0.0,0.014026056812257872,0.0,0.0,0.4117647058823529,0.0,0.0,0.478500976060824,0.0,0.0,0.0,0.0
2121,37,0.8635135135135138,0.2702702702702741,1.0417963210358643,0.6037406227520289,0.009833795013850162,0.0,0.0,0.014014066984058464,0.0,0.0,0.5472972972972973,0.0,0.0,0.4785736306648854,0.0,0.0,0.0,0.0
2122,40,1.4142500000000005,0.7000000000000091,1.042855233395023,0.6037425457536494,0.02687410926365776,0.0,0.0,0.014058552758330511,0.0,0.0,0.6625,0.0,0.0,0.47905099732675305,0.0,0.0,0.0,0.0
2123,50,1.3112000000000004,0.5600000000000022,1.0444765231686013,0.6045412514127187,0.014517271922054875,0.0,0.0,0.014070143872445493,0.0,0.0,0.66,0.0,0.0,0.47960546594061443,0.0,0.0,0.0,0.0
2124,45,1.105333333333334,0.7111111111110998,1.0448619238271222,0.6056873010984489,0.013556827473425914,0.0,0.0,0.014066812522199601,0.0,0.0,0.4777777777777778,0.0,0.0,0.47918591520377785,0.0,0.0,0.0,0.0
2125,48,1.512083333333334,0.8750000000000272,1.0466454657365611,0.6073040623717677,0.021907636583158432,0.0,0.0,0.014115874496044394,0.0,0.0,0.6979166666666666,0.0,0.0,0.4797137874435782,0.0,0.0,0.0,0.0
2126,52,0.9757692307692312,0.3653846153846337,1.0463741789819372,0.6070402298850567,0.013487506645401565,0.0,0.0,0.014122896809841223,0.0,0.0,0.5288461538461539,0.0,0.0,0.47955151888341546,0.0,0.0,0.0,0.0
2127,50,1.1298000000000004,0.720000000000006,1.0476082939848077,0.6079860398275501,0.01676758682101587,0.0,0.0,0.014163352197818922,0.0,0.0,0.485,0.0,0.0,0.47967563128721,0.0,0.0,0.0,0.0
2128,37,1.1929729729729734,0.8648648648648407,1.0497605098160134,0.6097235070408051,0.012940486660803297,0.0,0.0,0.014187332262778542,0.0,0.0,0.4797297297297297,0.0,0.0,0.4806763285024155,0.0,0.0,0.0,0.0
2129,40,1.4137500000000005,0.6749999999999837,1.051729385153197,0.6098087600246752,0.017320061255743056,0.0,0.0,0.014219078835797858,0.0,0.0,0.7375,0.0,0.0,0.4822640345465762,0.0,0.0,0.0,0.0
2130,59,1.209152542372882,0.4576271186440875,1.0526633114215278,0.6079498767460961,0.020714285714285876,0.0,0.0,0.01425269757034399,0.0,0.0,0.6991525423728814,0.0,0.0,0.4840026705012325,0.0,0.0,0.0,0.0
2131,54,1.316481481481482,0.703703703703709,1.0539499076165053,0.6081913364812144,0.01699497967965512,0.0,0.0,0.014268910762850896,0.0,0.0,0.6759259259259259,0.0,0.0,0.4850903305276124,0.0,0.0,0.0,0.0
2132,57,1.402456140350878,0.9122807017544035,1.0559513546798027,0.6103243021346461,0.019065108514190025,0.0,0.0,0.014309521657198024,0.0,0.0,0.5877192982456141,0.0,0.0,0.48558087027914615,0.0,0.0,0.0,0.0
2133,41,1.1519512195121957,0.6341463414634144,1.0563743710853268,0.610432282575212,0.012703066164604987,0.0,0.0,0.014313561809836587,0.0,0.0,0.5487804878048781,0.0,0.0,0.48552212752849366,0.0,0.0,0.0,0.0
2134,52,1.2292307692307698,0.6538461538461581,1.05851791029457,0.6110027712203622,0.019844768705370313,0.0,0.0,0.01436458501635191,0.0,0.0,0.625,0.0,0.0,0.4867853843785282,0.0,0.0,0.0,0.0
2135,41,1.1904878048780492,0.6829268292683045,1.0600462439625933,0.6114479498509906,0.018124767916821466,0.0,0.0,0.01439893410609239,0.0,0.0,0.5670731707317073,0.0,0.0,0.4878481142739698,0.0,0.0,0.0,0.0
2136,43,1.2532558139534888,0.8372093023255556,1.0611979862324048,0.6125552244939884,0.01672563625077489,0.0,0.0,0.014415247282654134,0.0,0.0,0.5232558139534884,0.0,0.0,0.48815884105620055,0.0,0.0,0.0,0.0
2137,54,1.2481481481481487,0.6296296296296077,1.0614042116076008,0.6118130457113494,0.014839277851167001,0.0,0.0,0.01439022284242814,0.0,0.0,0.5925925925925926,0.0,0.0,0.4886748844375963,0.0,0.0,0.0,0.0
2138,52,1.0384615384615392,0.6538461538461633,1.0615896962233162,0.6116584564860413,0.018243243243242942,0.0,0.0,0.014417247516665833,0.0,0.0,0.5144230769230769,0.0,0.0,0.4892497947454844,0.0,0.0,0.0,0.0
2139,56,0.7426785714285719,0.32142857142857834,1.059173935351462,0.6099538224730615,0.011072949946751601,0.0,0.0,0.014399161299232795,0.0,0.0,0.38392857142857145,0.0,0.0,0.48817342226782967,0.0,0.0,0.0,0.0
2140,40,1.1060000000000005,0.5500000000000063,1.0605077964710705,0.6101764464505524,0.022863049095607258,0.0,0.0,0.01444097235803242,0.0,0.0,0.6125,0.0,0.0,0.48935679113664343,0.0,0.0,0.0,0.0
2141,41,1.0156097560975614,0.39024390243901574,1.0601991581973098,0.6094856790883878,0.011010047593866036,0.0,0.0,0.014426624311838748,0.0,0.0,0.5914634146341463,0.0,0.0,0.4898367724052972,0.0,0.0,0.0,0.0
2142,48,1.2302083333333338,0.7083333333333592,1.0617808781288463,0.6101764464505526,0.014201539201539597,0.0,0.0,0.014448761134710917,0.0,0.0,0.5729166666666666,0.0,0.0,0.49071604431678295,0.0,0.0,0.0,0.0
2143,52,1.0044230769230773,0.7692307692308051,1.061426666666666,0.6111794871794859,0.011220193340495099,0.0,0.0,0.014452028873586539,0.0,0.0,0.375,0.0,0.0,0.49035897435897435,0.0,0.0,0.0,0.0
2144,62,0.8996774193548395,0.6451612903225359,1.0592745158315398,0.6105133722717476,0.013745687530802936,0.0,0.0,0.014445459880942348,0.0,0.0,0.3387096774193548,0.0,0.0,0.4891894661338252,0.0,0.0,0.0,0.0
2145,42,1.1835714285714287,0.523809523809506,1.0608432498974143,0.6112022979072614,0.011517608897127402,0.0,0.0,0.014440920713255279,0.0,0.0,0.5952380952380952,0.0,0.0,0.4897414854329093,0.0,0.0,0.0,0.0
2146,50,1.1548000000000005,0.6799999999999824,1.061396802623488,0.6110883377741322,0.01631073446327637,0.0,0.0,0.014449859228028222,0.0,0.0,0.58,0.0,0.0,0.49036687845870053,0.0,0.0,0.0,0.0
2147,35,1.0348571428571431,0.45714285714286446,1.0617039852095311,0.6108258011503681,0.014874743326488558,0.0,0.0,0.014445295348242423,0.0,0.0,0.45714285714285713,0.0,0.0,0.4904478225143796,0.0,0.0,0.0,0.0
2148,49,0.9912244897959189,0.4489795918367312,1.0617509767633144,0.6089862224964001,0.014718181818181485,0.0,0.0,0.014480330815849717,0.0,0.0,0.47959183673469385,0.0,0.0,0.49110631297552954,0.0,0.0,0.0,0.0
2149,54,0.8209259259259264,0.4629629629629458,1.0592992190711052,0.6076859843814207,0.010502250651504098,0.0,0.0,0.014451590654850131,0.0,0.0,0.4212962962962963,0.0,0.0,0.49023838882038634,0.0,0.0,0.0,0.0
2150,53,1.3532075471698115,0.7547169811320553,1.06116123728291,0.6073373753982104,0.01186238835593785,0.0,0.0,0.014432472700183456,0.0,0.0,0.6226415094339622,0.0,0.0,0.49201007090740934,0.0,0.0,0.0,0.0
2151,48,1.2114583333333337,0.8125000000000036,1.0611621454993831,0.6073777229757487,0.01773947528981111,0.0,0.0,0.014426810051464251,0.0,0.0,0.5572916666666666,0.0,0.0,0.49244759556103573,0.0,0.0,0.0,0.0
2152,59,0.9335593220338989,0.6440677966101447,1.0626255778120182,0.6086286594761157,0.012509652509652528,0.0,0.0,0.014470201176677893,0.0,0.0,0.4067796610169492,0.0,0.0,0.49319465844889576,0.0,0.0,0.0,0.0
2153,49,0.8516326530612248,0.3877551020408219,1.061604151680197,0.6073373753982103,0.010466516177577472,0.0,0.0,0.014430650816488979,0.0,0.0,0.5408163265306123,0.0,0.0,0.49365430068852123,0.0,0.0,0.0,0.0
2154,46,1.0373913043478264,0.28260869565216745,1.0608235777367012,0.6055658246046399,0.012745726495726735,0.0,0.0,0.014408394284789705,0.0,0.0,0.6304347826086957,0.0,0.0,0.4936588621893613,0.0,0.0,0.0,0.0
2155,58,1.0356896551724142,0.3793103448275807,1.0613262163826729,0.6043933483884196,0.013714611872146556,0.0,0.0,0.014412759746912683,0.0,0.0,0.6379310344827587,0.0,0.0,0.495098542393759,0.0,0.0,0.0,0.0
2156,44,1.1279545454545459,0.45454545454543455,1.061935086277732,0.6039441248972868,0.011276982503976603,0.0,0.0,0.014391102821430024,0.0,0.0,0.6306818181818182,0.0,0.0,0.4958401807723911,0.0,0.0,0.0,0.0
2157,66,0.9784848484848488,0.6515151515151514,1.0599856616140924,0.6040557148709528,0.013828693790149735,0.0,0.0,0.014367998000916203,0.0,0.0,0.4393939393939394,0.0,0.0,0.49457189676362145,0.0,0.0,0.0,0.0
2158,52,1.0788461538461542,0.8846153846153606,1.059395863198853,0.6055703460987081,0.021888412017166896,0.0,0.0,0.014382452008958007,0.0,0.0,0.375,0.0,0.0,0.4932418595125947,0.0,0.0,0.0,0.0
2159,59,0.9023728813559326,0.47457627118644025,1.0594097186700764,0.6054219948849088,0.010205098715737389,0.0,0.0,0.01437022471754191,0.0,0.0,0.4406779661016949,0.0,0.0,0.4934015345268542,0.0,0.0,0.0,0.0
2160,41,1.0539024390243905,0.4634146341463406,1.059711154358291,0.6051418621325395,0.011153846153845856,0.0,0.0,0.014367433321575628,0.0,0.0,0.5975609756097561,0.0,0.0,0.49408480999692717,0.0,0.0,0.0,0.0
2161,58,1.2827586206896555,0.6896551724138102,1.0611749641466908,0.6055111657447225,0.014376811594202208,0.0,0.0,0.014370798363043575,0.0,0.0,0.5948275862068966,0.0,0.0,0.4946732227002663,0.0,0.0,0.0,0.0
2162,60,0.8625000000000007,0.4666666666666494,1.0599386440331315,0.6046630534819493,0.009131815775542307,0.0,0.0,0.014342522201896756,0.0,0.0,0.4083333333333333,0.0,0.0,0.4940944881889764,0.0,0.0,0.0,0.0
2163,45,1.0622222222222226,0.6222222222222107,1.0604420341757899,0.6052389235649218,0.013479977439368556,0.0,0.0,0.014344678100479262,0.0,0.0,0.5722222222222222,0.0,0.0,0.4945257341655582,0.0,0.0,0.0,0.0
2164,48,1.1404166666666673,0.8333333333333649,1.0622771059643363,0.607194097151054,0.015346229324362772,0.0,0.0,0.014383381066560043,0.0,0.0,0.4270833333333333,0.0,0.0,0.49487599918015984,0.0,0.0,0.0,0.0
2165,46,0.954347826086957,0.6739130434782555,1.0622955523672877,0.6080139372822283,0.016016052535570903,0.0,0.0,0.014406980364250874,0.0,0.0,0.31521739130434784,0.0,0.0,0.49385119901619184,0.0,0.0,0.0,0.0
2166,52,0.9150000000000005,0.6538461538461398,1.062867383512544,0.6086021505376328,0.010880402469700196,0.0,0.0,0.014414338092328146,0.0,0.0,0.40384615384615385,0.0,0.0,0.49452124935995906,0.0,0.0,0.0,0.0
2167,55,0.6209090909090913,0.18181818181818454,1.0609954936501427,0.6060016386726735,0.00844043499752823,0.0,0.0,0.014393215450300255,0.0,0.0,0.4590909090909091,0.0,0.0,0.4951863990167964,0.0,0.0,0.0,0.0
2168,49,0.6069387755102046,0.28571428571428437,1.0579500562890176,0.6039299969296884,0.00837746478873274,0.0,0.0,0.014352599294118251,0.0,0.0,0.30612244897959184,0.0,0.0,0.49406406713744755,0.0,0.0,0.0,0.0
2169,52,1.2144230769230775,0.6923076923077165,1.0588111315735618,0.6039492531205224,0.014140170174653171,0.0,0.0,0.014365041357991225,0.0,0.0,0.5144230769230769,0.0,0.0,0.49450071618579905,0.0,0.0,0.0,0.0
2170,53,1.2281132075471703,0.6981132075471592,1.0589624475596022,0.6042156963061482,0.019268798105388025,0.0,0.0,0.014372387435805515,0.0,0.0,0.5471698113207547,0.0,0.0,0.4942187659879259,0.0,0.0,0.0,0.0
2171,40,1.1432500000000005,0.5999999999999864,1.0598698903800832,0.6039340231533639,0.013963358778625774,0.0,0.0,0.014364587108321095,0.0,0.0,0.45,0.0,0.0,0.494826349759246,0.0,0.0,0.0,0.0
2172,48,1.0458333333333336,0.6250000000000117,1.0603092044640108,0.6055083444251035,0.009459204823817433,0.0,0.0,0.014335028078883823,0.0,0.0,0.5729166666666666,0.0,0.0,0.4948295280024573,0.0,0.0,0.0,0.0
2173,46,1.1586956521739133,0.6956521739130301,1.061580512820512,0.6059487179487164,0.012250057458055415,0.0,0.0,0.014325807161512528,0.0,0.0,0.47282608695652173,0.0,0.0,0.49546153846153845,0.0,0.0,0.0,0.0
2174,44,1.2172727272727277,0.5454545454545447,1.0631388061234965,0.6072125757731412,0.013775720164608833,0.0,0.0,0.014325766784530515,0.0,0.0,0.6818181818181818,0.0,0.0,0.4961214425151546,0.0,0.0,0.0,0.0
2175,56,1.5655357142857151,0.9285714285714483,1.0666806981519497,0.6098562628336741,0.021775956284152895,0.0,0.0,0.014374756142443199,0.0,0.0,0.7008928571428571,0.0,0.0,0.4971252566735113,0.0,0.0,0.0,0.0
2176,52,0.8936538461538464,0.5769230769230845,1.064983579638751,0.6097085385878475,0.0089849187935033,0.0,0.0,0.014317961057883298,0.0,0.0,0.46634615384615385,0.0,0.0,0.4962797619047619,0.0,0.0,0.0,0.0
2177,56,0.9832142857142862,0.7321428571428646,1.0655646732998247,0.6112421786849918,0.010968127490039739,0.0,0.0,0.014297556604929132,0.0,0.0,0.39285714285714285,0.0,0.0,0.4958200841111909,0.0,0.0,0.0,0.0
2178,49,1.0167346938775517,0.6122448979591595,1.0650831622176584,0.6120123203285404,0.01397475455820416,0.0,0.0,0.014275643125091112,0.0,0.0,0.4846938775510204,0.0,0.0,0.4955852156057495,0.0,0.0,0.0,0.0
2179,40,1.1350000000000005,0.8000000000000165,1.0658088688154375,0.612707862861834,0.013930653574715743,0.0,0.0,0.014292748396332842,0.0,0.0,0.4375,0.0,0.0,0.49548347361938,0.0,0.0,0.0,0.0
2180,49,1.1955102040816334,0.8571428571428655,1.0668518898931791,0.6139071487263749,0.015979268957992246,0.0,0.0,0.014316744888043444,0.0,0.0,0.3979591836734694,0.0,0.0,0.4954550123253903,0.0,0.0,0.0,0.0
2181,44,1.2665909090909095,0.7727272727273186,1.068452442159382,0.6146015424164512,0.01423863055697527,0.0,0.0,0.014328580904142822,0.0,0.0,0.5568181818181818,0.0,0.0,0.49601542416452443,0.0,0.0,0.0,0.0
2182,56,0.9762500000000005,0.3750000000000014,1.068100771208225,0.6138817480719783,0.01113895680521633,0.0,0.0,0.014314350483356367,0.0,0.0,0.5401785714285714,0.0,0.0,0.49588688946015425,0.0,0.0,0.0,0.0
2183,54,0.8657407407407413,0.5185185185185408,1.0670782358383872,0.6133442993728786,0.012011819116136073,0.0,0.0,0.014314437219437141,0.0,0.0,0.3888888888888889,0.0,0.0,0.49542510537678625,0.0,0.0,0.0,0.0
2184,43,1.1951162790697678,0.5581395348837034,1.0688016868956995,0.6138654597819371,0.015610571081409284,0.0,0.0,0.014348589774571017,0.0,0.0,0.686046511627907,0.0,0.0,0.496528492079819,0.0,0.0,0.0,0.0
2185,48,1.275833333333334,0.6666666666666737,1.070654676258992,0.6145940390544697,0.018796807857581282,0.0,0.0,0.014375705505217587,0.0,0.0,0.6458333333333334,0.0,0.0,0.49779033915724563,0.0,0.0,0.0,0.0
2186,56,1.2633928571428579,0.7499999999999966,1.0728200390103677,0.6161585052869306,0.01301747930082803,0.0,0.0,0.014388046056770997,0.0,0.0,0.5267857142857143,0.0,0.0,0.4983061287342162,0.0,0.0,0.0,0.0
2187,55,1.029272727272728,0.3999999999999881,1.0720410466906096,0.6144689584402249,0.020797207935341133,0.0,0.0,0.014404703468587422,0.0,0.0,0.5545454545454546,0.0,0.0,0.49851205746536686,0.0,0.0,0.0,0.0
2188,40,1.2160000000000004,0.5999999999999956,1.0730663521690076,0.6136806481386516,0.014806697108067094,0.0,0.0,0.014426164188652559,0.0,0.0,0.63125,0.0,0.0,0.49966670085119474,0.0,0.0,0.0,0.0
2189,54,1.1724074074074078,0.592592592592586,1.0732899323354512,0.6133893787164232,0.013195081283867732,0.0,0.0,0.014424799002418122,0.0,0.0,0.6064814814814815,0.0,0.0,0.5001537830633587,0.0,0.0,0.0,0.0
2190,52,0.9307692307692312,0.34615384615383493,1.0750753459764215,0.6127114300358781,0.00916840310664927,0.0,0.0,0.014412702862789189,0.0,0.0,0.5673076923076923,0.0,0.0,0.5021527421834956,0.0,0.0,0.0,0.0
2191,56,1.2455357142857149,0.6607142857142824,1.076470949892406,0.6129726406394088,0.014881587369319027,0.0,0.0,0.014423296332145676,0.0,0.0,0.5178571428571429,0.0,0.0,0.5026898247771288,0.0,0.0,0.0,0.0
2192,60,1.0416666666666672,0.7000000000000256,1.0756178278688515,0.6131147540983601,0.012413108242303435,0.0,0.0,0.014405727694376546,0.0,0.0,0.42916666666666664,0.0,0.0,0.5017930327868853,0.0,0.0,0.0,0.0
2193,59,0.9450847457627124,0.6101694915254464,1.0740802128094937,0.61305504399427,0.014217236104028275,0.0,0.0,0.01439454935363381,0.0,0.0,0.3644067796610169,0.0,0.0,0.5004604051565378,0.0,0.0,0.0,0.0
2194,55,1.027454545454546,0.7272727272727496,1.0734621281815384,0.6137176735152813,0.013011743034769076,0.0,0.0,0.014399236551207789,0.0,0.0,0.29545454545454547,0.0,0.0,0.4991055913319023,0.0,0.0,0.0,0.0
2195,54,1.1898148148148153,0.7592592592592711,1.0738702757916232,0.6137895812053114,0.017463984778472507,0.0,0.0,0.014417113722134412,0.0,0.0,0.5,0.0,0.0,0.4994637385086823,0.0,0.0,0.0,0.0
2196,52,1.2701923076923078,0.7307692307691961,1.0741278594771233,0.6146854575163395,0.011991648511256352,0.0,0.0,0.014408876139279386,0.0,0.0,0.5961538461538461,0.0,0.0,0.498953227124183,0.0,0.0,0.0,0.0
2197,51,0.9523529411764712,0.47058823529410704,1.0731911419532598,0.6128176344524946,0.011605734767024922,0.0,0.0,0.014381914908165866,0.0,0.0,0.5294117647058824,0.0,0.0,0.4993621798142668,0.0,0.0,0.0,0.0
2198,44,0.9879545454545458,0.4545454545454678,1.0732190592796644,0.6123864911743694,0.013322096230462262,0.0,0.0,0.014389317676285377,0.0,0.0,0.5284090909090909,0.0,0.0,0.4994898479746965,0.0,0.0,0.0,0.0
2199,47,1.3574468085106388,0.9361702127659951,1.0738809475188882,0.6136410046967526,0.012996536972907152,0.0,0.0,0.01437740589663388,0.0,0.0,0.5159574468085106,0.0,0.0,0.49923422503573617,0.0,0.0,0.0,0.0
2200,41,1.0741463414634147,0.7560975609756427,1.0739405394360433,0.6142214957090312,0.01209890109890129,0.0,0.0,0.014356266346173494,0.0,0.0,0.4634146341463415,0.0,0.0,0.49892725786677566,0.0,0.0,0.0,0.0
2201,49,0.9879591836734699,0.36734693877551483,1.0734380738624762,0.6129361354825542,0.01165102286401955,0.0,0.0,0.01434435146785759,0.0,0.0,0.5816326530612245,0.0,0.0,0.499362375025505,0.0,0.0,0.0,0.0
2202,48,1.3552083333333336,0.7916666666666505,1.0743106617647051,0.6129493464052285,0.011968721251149958,0.0,0.0,0.014327244052021019,0.0,0.0,0.625,0.0,0.0,0.5001787173202614,0.0,0.0,0.0,0.0
2203,39,1.1679487179487185,0.48717948717948406,1.0751893551688836,0.6119754350051175,0.015777623830966436,0.0,0.0,0.014320984961370676,0.0,0.0,0.6410256410256411,0.0,0.0,0.5014073694984647,0.0,0.0,0.0,0.0
2204,51,1.2201960784313732,0.8235294117647104,1.0768134794632789,0.6136433473317626,0.014760436432637367,0.0,0.0,0.014349830812006775,0.0,0.0,0.5784313725490197,0.0,0.0,0.5024326538973676,0.0,0.0,0.0,0.0
2205,42,1.0290476190476194,0.6190476190476281,1.0755273137234798,0.6126883263298141,0.011886688668867475,0.0,0.0,0.014336641779320007,0.0,0.0,0.4880952380952381,0.0,0.0,0.5021779235420724,0.0,0.0,0.0,0.0
2206,40,1.0600000000000005,0.7000000000000023,1.0757570476678617,0.6132239876986159,0.01930783242258575,0.0,0.0,0.014367699951669545,0.0,0.0,0.5,0.0,0.0,0.5023065094823168,0.0,0.0,0.0,0.0
2207,40,1.2032500000000002,0.3999999999999842,1.0764243977447452,0.6126089185033313,0.012592883307169275,0.0,0.0,0.014372520007610171,0.0,0.0,0.73125,0.0,0.0,0.5032803690415172,0.0,0.0,0.0,0.0
2208,55,1.0103636363636368,0.6727272727272797,1.0762760949652057,0.6136921817437574,0.011978874757490288,0.0,0.0,0.01435998787561027,0.0,0.0,0.42727272727272725,0.0,0.0,0.5026606631191158,0.0,0.0,0.0,0.0
2209,45,0.9848888888888895,0.35555555555554325,1.0758500614502242,0.6129659975419907,0.015749822316986323,0.0,0.0,0.014360002077870904,0.0,0.0,0.5722222222222222,0.0,0.0,0.5026372388365424,0.0,0.0,0.0,0.0
2210,60,1.0456666666666672,0.6166666666666835,1.0759340434248248,0.612351495288816,0.011314697926059228,0.0,0.0,0.01432563784380834,0.0,0.0,0.4666666666666667,0.0,0.0,0.5024836132732486,0.0,0.0,0.0,0.0
2211,43,1.0906976744186052,0.6511627906976628,1.07553405017921,0.6116743471582179,0.013331438317225166,0.0,0.0,0.01431853752440363,0.0,0.0,0.5697674418604651,0.0,0.0,0.5029441884280594,0.0,0.0,0.0,0.0
2212,45,0.9328888888888893,0.5777777777777929,1.0745235902159438,0.6110940538327705,0.010789000257003304,0.0,0.0,0.014288006379758916,0.0,0.0,0.46111111111111114,0.0,0.0,0.5029679664312763,0.0,0.0,0.0,0.0
2213,51,1.2594117647058827,0.8235294117646308,1.0747594185094171,0.6118959868959865,0.014388440860214657,0.0,0.0,0.014289612986387168,0.0,0.0,0.5294117647058824,0.0,0.0,0.5024314086814087,0.0,0.0,0.0,0.0
2214,33,1.390606060606061,0.696969696969698,1.076699487179486,0.6127179487179484,0.02061545372866058,0.0,0.0,0.01432336038509183,0.0,0.0,0.6515151515151515,0.0,0.0,0.5035384615384615,0.0,0.0,0.0,0.0
2215,50,0.9416000000000004,0.5999999999999932,1.0769503691550437,0.6133100902378994,0.012203214100570087,0.0,0.0,0.014334917545444817,0.0,0.0,0.37,0.0,0.0,0.5033582854799016,0.0,0.0,0.0,0.0
2216,50,1.1232000000000006,0.7599999999999763,1.0783022349805196,0.6150297313922487,0.016789237668161115,0.0,0.0,0.014345086443461176,0.0,0.0,0.465,0.0,0.0,0.5035113799466885,0.0,0.0,0.0,0.0
2217,62,1.0727419354838714,0.6774193548386976,1.078776220198505,0.6145502916197678,0.016158892128279676,0.0,0.0,0.01437356422914522,0.0,0.0,0.4717741935483871,0.0,0.0,0.5039905863092192,0.0,0.0,0.0,0.0
2218,46,1.0843478260869568,0.5869565217391208,1.0789973371569015,0.6137853338795564,0.012401790154152555,0.0,0.0,0.014351453149796628,0.0,0.0,0.5978260869565217,0.0,0.0,0.5049672265464973,0.0,0.0,0.0,0.0
2219,55,1.0000000000000004,0.5454545454545431,1.0779163684694806,0.6141498824251087,0.013839959738299287,0.0,0.0,0.014334290484503338,0.0,0.0,0.4772727272727273,0.0,0.0,0.5039106430835293,0.0,0.0,0.0,0.0
2220,38,0.9144736842105269,0.5526315789473735,1.0775122799836254,0.6148178469095363,0.018563034188033907,0.0,0.0,0.01434141152466832,0.0,0.0,0.3815789473684211,0.0,0.0,0.5030955792058944,0.0,0.0,0.0,0.0
2221,46,1.099347826086957,0.7826086956521755,1.0775357873210625,0.6153374233128822,0.013121432278151606,0.0,0.0,0.014334956138024027,0.0,0.0,0.42391304347826086,0.0,0.0,0.5029907975460123,0.0,0.0,0.0,0.0
2222,60,1.1763333333333337,0.633333333333366,1.0762733680661958,0.6135458167330666,0.017307503678274123,0.0,0.0,0.014339159382970382,0.0,0.0,0.5583333333333333,0.0,0.0,0.5030902032894065,0.0,0.0,0.0,0.0
2223,43,1.063255813953489,0.37209302325581783,1.0767143879742294,0.6128438490643204,0.01258810572687248,0.0,0.0,0.014322661472205308,0.0,0.0,0.627906976744186,0.0,0.0,0.5035790980672871,0.0,0.0,0.0,0.0
2224,61,1.0257377049180334,0.5573770491803716,1.0774951515770121,0.6133510258242311,0.010064339713688456,0.0,0.0,0.014300236390606633,0.0,0.0,0.4672131147540984,0.0,0.0,0.5037766663264265,0.0,0.0,0.0,0.0
2225,61,1.2145901639344268,0.7540983606557384,1.0778072412034665,0.6132585415604275,0.01526055612770271,0.0,0.0,0.014299554690766436,0.0,0.0,0.5327868852459017,0.0,0.0,0.5039265680775115,0.0,0.0,0.0,0.0
2226,55,1.1178181818181825,0.5818181818181724,1.078067637771212,0.6131200977895478,0.012821689259645537,0.0,0.0,0.014271426240494881,0.0,0.0,0.65,0.0,0.0,0.5047366812671896,0.0,0.0,0.0,0.0
2227,50,1.1648000000000005,0.7399999999999903,1.0778908239128209,0.6126896832671344,0.014523690773067735,0.0,0.0,0.014265894411076431,0.0,0.0,0.47,0.0,0.0,0.5046593339443936,0.0,0.0,0.0,0.0
2228,37,1.1235135135135141,0.6756756756756698,1.0787675840978583,0.6120285423037708,0.015788074439802714,0.0,0.0,0.014266603934848727,0.0,0.0,0.4189189189189189,0.0,0.0,0.5057084607543323,0.0,0.0,0.0,0.0
2229,56,0.7810714285714291,0.44642857142857056,1.0784967386873205,0.6128210354667745,0.010479156684236497,0.0,0.0,0.014269546409490859,0.0,0.0,0.39285714285714285,0.0,0.0,0.5054015491235222,0.0,0.0,0.0,0.0
2230,54,1.0711111111111118,0.7962962962963087,1.077867467426709,0.613395765472312,0.015619767755873705,0.0,0.0,0.014257264304766166,0.0,0.0,0.375,0.0,0.0,0.504402483713355,0.0,0.0,0.0,0.0
2231,53,1.4541509433962272,0.6415094339622652,1.0799501678022971,0.6141564120817649,0.017973414179104946,0.0,0.0,0.014258485955207,0.0,0.0,0.7264150943396226,0.0,0.0,0.5051103427234821,0.0,0.0,0.0,0.0
2232,52,1.007884615384616,0.5576923076922932,1.0814323499491338,0.6151576805696838,0.01277669429546555,0.0,0.0,0.01426481165394561,0.0,0.0,0.4807692307692308,0.0,0.0,0.5054679552390641,0.0,0.0,0.0,0.0
2233,48,1.261666666666667,0.7708333333333162,1.0829371626438524,0.6179855382421827,0.013941068139963032,0.0,0.0,0.014256604836060572,0.0,0.0,0.5,0.0,0.0,0.504582951420715,0.0,0.0,0.0,0.0
2234,49,1.3587755102040822,0.8775510204081646,1.0837617203424368,0.6194455768446794,0.0163949766067471,0.0,0.0,0.014259697557691822,0.0,0.0,0.5,0.0,0.0,0.5042295148797391,0.0,0.0,0.0,0.0
2235,36,1.276666666666667,0.6666666666666786,1.0856801714460647,0.6210837840595973,0.013376018626309927,0.0,0.0,0.014254429981174621,0.0,0.0,0.6458333333333334,0.0,0.0,0.5050260230635779,0.0,0.0,0.0,0.0
2236,62,1.1814516129032262,0.6774193548386963,1.0868597063621521,0.6216353996737349,0.01810877626699625,0.0,0.0,0.014263739322186251,0.0,0.0,0.5564516129032258,0.0,0.0,0.5057860929853181,0.0,0.0,0.0,0.0
2237,45,1.2533333333333339,0.7333333333333448,1.0889978569241747,0.6227166037350745,0.016366802089379313,0.0,0.0,0.01430884094136383,0.0,0.0,0.5333333333333333,0.0,0.0,0.506505765894479,0.0,0.0,0.0,0.0
2238,43,1.1604651162790705,0.5581395348837217,1.0898152872742104,0.6231248086539439,0.017682494684620794,0.0,0.0,0.014326266633217954,0.0,0.0,0.6046511627906976,0.0,0.0,0.5069139708133483,0.0,0.0,0.0,0.0
2239,47,1.0012765957446812,0.5957446808510559,1.0897151317132925,0.623034510925056,0.014123649459783838,0.0,0.0,0.014339243152608181,0.0,0.0,0.4787234042553192,0.0,0.0,0.506789871349806,0.0,0.0,0.0,0.0
2240,34,1.2955882352941182,0.5882352941176491,1.0924696025339722,0.623684479411464,0.02025287356321852,0.0,0.0,0.014379394376274222,0.0,0.0,0.6470588235294118,0.0,0.0,0.5083784612240727,0.0,0.0,0.0,0.0
2241,52,1.2325000000000006,0.884615384615381,1.0933830134748863,0.6253572886892609,0.020256005056889893,0.0,0.0,0.014407596326128667,0.0,0.0,0.4326923076923077,0.0,0.0,0.5080900367496938,0.0,0.0,0.0,0.0
2242,46,1.4113043478260876,0.8695652173912904,1.0950035732516576,0.6268504338948442,0.018655172413793483,0.0,0.0,0.014434098491261219,0.0,0.0,0.6086956521739131,0.0,0.0,0.5085247575293517,0.0,0.0,0.0,0.0
2243,39,1.1702564102564106,0.6153846153845988,1.094611536498212,0.6266462480857578,0.01591352859135252,0.0,0.0,0.014423495764450397,0.0,0.0,0.5961538461538461,0.0,0.0,0.5084737110770802,0.0,0.0,0.0,0.0
2244,52,1.007884615384616,0.6923076923077094,1.0942610736885066,0.626250255154113,0.013218158890290172,0.0,0.0,0.014416040875323503,0.0,0.0,0.375,0.0,0.0,0.5082159624413145,0.0,0.0,0.0,0.0
2245,43,1.2223255813953493,0.558139534883726,1.0944877949136949,0.6256766418139107,0.015217139548349749,0.0,0.0,0.014400942312266551,0.0,0.0,0.6395348837209303,0.0,0.0,0.5087580431008069,0.0,0.0,0.0,0.0
2246,48,1.286041666666667,0.9166666666666782,1.0953952346865719,0.6273647612230291,0.014239907727797152,0.0,0.0,0.014401216966001008,0.0,0.0,0.46875,0.0,0.0,0.5083853154719297,0.0,0.0,0.0,0.0
2247,57,1.18561403508772,0.7192982456140306,1.096170669391925,0.6280020439448136,0.015186516853932625,0.0,0.0,0.014411380202210168,0.0,0.0,0.5350877192982456,0.0,0.0,0.5090955544200306,0.0,0.0,0.0,0.0
2248,56,1.1862500000000007,0.6428571428571519,1.096255493101685,0.628206438426163,0.015402272200324713,0.0,0.0,0.014399571510840392,0.0,0.0,0.5357142857142857,0.0,0.0,0.5092999489013796,0.0,0.0,0.0,0.0
2249,43,1.198837209302326,0.6046511627907283,1.0980091977516597,0.629024016351559,0.012678307919331206,0.0,0.0,0.014409743457688194,0.0,0.0,0.5930232558139535,0.0,0.0,0.5100664282064384,0.0,0.0,0.0,0.0
2250,52,1.1265384615384622,0.5769230769230812,1.098135922330096,0.62881962187021,0.01693063583814973,0.0,0.0,0.0143976578411405,0.0,0.0,0.5096153846153846,0.0,0.0,0.5100919775166071,0.0,0.0,0.0,0.0
2251,45,0.9533333333333338,0.6222222222222176,1.0967920286152264,0.6292284108329079,0.01228874248066433,0.0,0.0,0.014391994099503794,0.0,0.0,0.36666666666666664,0.0,0.0,0.5088145120081757,0.0,0.0,0.0,0.0
2252,48,0.8520833333333337,0.45833333333333215,1.0955158324821235,0.6289070480081721,0.011339062933185193,0.0,0.0,0.014363447409514445,0.0,0.0,0.3958333333333333,0.0,0.0,0.5082482124616956,0.0,0.0,0.0,0.0
2253,52,1.033461538461539,0.8076923076923345,1.0945878026356104,0.6299928491163559,0.012439814814815202,0.0,0.0,0.014339271160787034,0.0,0.0,0.36538461538461536,0.0,0.0,0.5070742670344264,0.0,0.0,0.0,0.0
2254,53,0.8086792452830195,0.5471698113207424,1.093354436842642,0.6304503216583281,0.013974567981741001,0.0,0.0,0.014343343683941174,0.0,0.0,0.30660377358490565,0.0,0.0,0.505769427141836,0.0,0.0,0.0,0.0
2255,48,1.0183333333333338,0.4791666666666692,1.0943479591836727,0.63061224489796,0.012204744069912806,0.0,0.0,0.014335433266632693,0.0,0.0,0.5625,0.0,0.0,0.5067091836734694,0.0,0.0,0.0,0.0
2256,46,1.0247826086956524,0.652173913043483,1.0922954336500141,0.6301971600776387,0.01028583897010697,0.0,0.0,0.014276875090962237,0.0,0.0,0.47282608695652173,0.0,0.0,0.5058739401368884,0.0,0.0,0.0,0.0
2257,43,1.0325581395348842,0.7441860465116668,1.0924621831561723,0.6299059689288644,0.013780260707635448,0.0,0.0,0.014276736532224872,0.0,0.0,0.32558139534883723,0.0,0.0,0.5061324611610794,0.0,0.0,0.0,0.0
2258,55,0.9727272727272733,0.45454545454545875,1.0925441371568516,0.6291458312072667,0.013017031630170508,0.0,0.0,0.014269544609987483,0.0,0.0,0.4863636363636364,0.0,0.0,0.5062251250127564,0.0,0.0,0.0,0.0
2259,48,1.1264583333333338,0.6041666666666804,1.0928842620943038,0.6296182894468267,0.01428911205074012,0.0,0.0,0.014267756948950633,0.0,0.0,0.5,0.0,0.0,0.5062512757705654,0.0,0.0,0.0,0.0
2260,48,1.1416666666666668,0.7916666666666453,1.0946469806886674,0.6311433534280175,0.012815715622076411,0.0,0.0,0.014266399626072136,0.0,0.0,0.421875,0.0,0.0,0.5065392868090324,0.0,0.0,0.0,0.0
2261,53,1.054905660377359,0.6037735849056393,1.095767184942716,0.6315466448445178,0.01316148775894476,0.0,0.0,0.014260941106930885,0.0,0.0,0.49056603773584906,0.0,0.0,0.50682794599018,0.0,0.0,0.0,0.0
2262,47,0.7587234042553197,0.38297872340425987,1.0944243168560013,0.6303346638010445,0.012339100346020851,0.0,0.0,0.014238226482923892,0.0,0.0,0.3670212765957447,0.0,0.0,0.5062429638726845,0.0,0.0,0.0,0.0
2263,45,1.4331111111111117,0.7111111111111198,1.0964065057283128,0.6300122749590842,0.0194364074743828,0.0,0.0,0.014262559031072054,0.0,0.0,0.6722222222222223,0.0,0.0,0.5078252864157119,0.0,0.0,0.0,0.0
2264,51,1.081568627450981,0.7843137254902167,1.0981451530351098,0.6327157334425231,0.012200840522008729,0.0,0.0,0.014252076145483617,0.0,0.0,0.3872549019607843,0.0,0.0,0.5072678882178319,0.0,0.0,0.0,0.0
2265,42,0.8907142857142863,0.47619047619047744,1.0982383100902366,0.6319729286300254,0.01615982721382292,0.0,0.0,0.014256152363508566,0.0,0.0,0.4642857142857143,0.0,0.0,0.5079214520098442,0.0,0.0,0.0,0.0
2266,54,1.3161111111111115,0.8703703703703387,1.0996156211562105,0.6326363263632642,0.01469906928645341,0.0,0.0,0.014255597074425665,0.0,0.0,0.5,0.0,0.0,0.5084819598195982,0.0,0.0,0.0,0.0
2267,50,1.0014000000000005,0.9199999999999957,1.0989550861361759,0.6341263330598857,0.010617048346055924,0.0,0.0,0.014224199831438666,0.0,0.0,0.25,0.0,0.0,0.5072036505332239,0.0,0.0,0.0,0.0
2268,53,0.9983018867924534,0.5471698113207376,1.0989141569350531,0.6336816226183166,0.013931016324381167,0.0,0.0,0.014216254682938386,0.0,0.0,0.42452830188679247,0.0,0.0,0.5070682237246465,0.0,0.0,0.0,0.0
2269,54,1.070555555555556,0.61111111111111,1.0988754608766889,0.6344735764031141,0.0134036633433807,0.0,0.0,0.01419928510079654,0.0,0.0,0.5324074074074074,0.0,0.0,0.5067083162638263,0.0,0.0,0.0,0.0
2270,54,1.1648148148148154,0.5740740740740672,1.098530495292672,0.6344658207122396,0.016504854368931475,0.0,0.0,0.014198791332193171,0.0,0.0,0.5925925925925926,0.0,0.0,0.5065237413016782,0.0,0.0,0.0,0.0
2271,66,1.0230303030303036,0.8181818181818516,1.0976635704807585,0.6352965193426565,0.01494797431923885,0.0,0.0,0.014199541814388605,0.0,0.0,0.3522727272727273,0.0,0.0,0.5054608553638869,0.0,0.0,0.0,0.0
2272,45,0.8537777777777784,0.5333333333333248,1.0966108615761525,0.6350551245406296,0.015535786494136889,0.0,0.0,0.014195047114648944,0.0,0.0,0.34444444444444444,0.0,0.0,0.5044661086157616,0.0,0.0,0.0,0.0
2273,42,1.1145238095238101,0.6666666666666659,1.0993861082737477,0.6368743615934633,0.014159104658197254,0.0,0.0,0.014213859152846335,0.0,0.0,0.5178571428571429,0.0,0.0,0.5052604698672114,0.0,0.0,0.0,0.0
2274,52,1.129807692307693,0.7692307692307361,1.1002378764675846,0.6382848392036757,0.015335421560949303,0.0,0.0,0.014216159742714703,0.0,0.0,0.4230769230769231,0.0,0.0,0.5051556916794283,0.0,0.0,0.0,0.0
2275,46,0.9669565217391308,0.47826086956523817,1.1004115184315317,0.6374961707341984,0.01407149636191051,0.0,0.0,0.014227060952956805,0.0,0.0,0.483695652173913,0.0,0.0,0.5058715408965587,0.0,0.0,0.0,0.0
2276,37,1.0375675675675682,0.5945945945945976,1.0993339472068744,0.637405361162268,0.013409011526370153,0.0,0.0,0.014223334449679048,0.0,0.0,0.5,0.0,0.0,0.5054481276856968,0.0,0.0,0.0,0.0
2277,54,0.9257407407407412,0.6666666666666677,1.0982045524140032,0.6371338164744317,0.01147085819183092,0.0,0.0,0.01422163797650062,0.0,0.0,0.38425925925925924,0.0,0.0,0.5050270490966623,0.0,0.0,0.0,0.0
2278,40,0.6325000000000003,0.2999999999999907,1.0952120159395105,0.6360478185347916,0.009257226491035478,0.0,0.0,0.014178566090247332,0.0,0.0,0.28125,0.0,0.0,0.5032696434045162,0.0,0.0,0.0,0.0
2279,45,0.6977777777777779,0.6666666666666765,1.0930938266557635,0.6361406377759614,0.009189347380743418,0.0,0.0,0.014136017214625018,0.0,0.0,0.16666666666666666,0.0,0.0,0.5018397383483238,0.0,0.0,0.0,0.0
2280,45,1.1011111111111116,0.6000000000000173,1.0924854249769858,0.6360846885547718,0.013199254128928455,0.0,0.0,0.014121102271014601,0.0,0.0,0.5555555555555556,0.0,0.0,0.5016620640278204,0.0,0.0,0.0,0.0
2281,36,1.1011111111111118,0.6666666666666712,1.0925148535136233,0.6365498873181729,0.012652409830832868,0.0,0.0,0.014113008555038723,0.0,0.0,0.4375,0.0,0.0,0.501280475312436,0.0,0.0,0.0,0.0
2282,54,1.0461111111111117,0.4814814814815003,1.0927287615148402,0.6345957011258958,0.012049914675767659,0.0,0.0,0.014100582595568236,0.0,0.0,0.5694444444444444,0.0,0.0,0.503121801432958,0.0,0.0,0.0,0.0
2283,56,1.1412500000000005,0.7857142857142917,1.092520183955032,0.6341338783852837,0.014855880985588245,0.0,0.0,0.014103367163722262,0.0,0.0,0.4375,0.0,0.0,0.5033214103219213,0.0,0.0,0.0,0.0
2284,42,1.2869047619047624,0.7619047619047792,1.0913020780018412,0.6333299211792406,0.011112253289473892,0.0,0.0,0.01404428173585879,0.0,0.0,0.5952380952380952,0.0,0.0,0.5027638448152318,0.0,0.0,0.0,0.0
2285,44,0.999545454545455,0.40909090909091483,1.089698086173369,0.6319721625217484,0.01217945167543621,0.0,0.0,0.014015672367743818,0.0,0.0,0.5738636363636364,0.0,0.0,0.5022515607409682,0.0,0.0,0.0,0.0
2286,47,1.058297872340426,0.5957446808510565,1.0888445399652018,0.6319721625217484,0.014126668560068676,0.0,0.0,0.014010688004045525,0.0,0.0,0.4787234042553192,0.0,0.0,0.5017398423907481,0.0,0.0,0.0,0.0
2287,49,0.9369387755102044,0.7755102040816568,1.0875837345078345,0.632285158250538,0.014342393002187192,0.0,0.0,0.013995613387603592,0.0,0.0,0.30612244897959184,0.0,0.0,0.5006657789613849,0.0,0.0,0.0,0.0
2288,53,1.0926415094339628,0.6037735849056496,1.0878105177000195,0.6319828115408227,0.014564889336016724,0.0,0.0,0.013990975567711525,0.0,0.0,0.4339622641509434,0.0,0.0,0.5004092490280335,0.0,0.0,0.0,0.0
2289,54,1.18962962962963,0.6851851851851961,1.087801984248746,0.6327094200675054,0.014181015452539374,0.0,0.0,0.013976639542463042,0.0,0.0,0.5370370370370371,0.0,0.0,0.4996420169786233,0.0,0.0,0.0,0.0
2290,39,1.1812820512820519,0.7435897435897691,1.0878512142637555,0.6317245619428222,0.017719230769231153,0.0,0.0,0.01397762282692844,0.0,0.0,0.47435897435897434,0.0,0.0,0.499871913105851,0.0,0.0,0.0,0.0
2291,53,1.2783018867924534,0.6603773584905763,1.0880862174892474,0.6317837395044034,0.018536251709986455,0.0,0.0,0.01396318620165856,0.0,0.0,0.5849056603773585,0.0,0.0,0.500102396067991,0.0,0.0,0.0,0.0
2292,56,1.0489285714285719,0.5535714285714491,1.0875795071070653,0.6314551590142146,0.01398238514639444,0.0,0.0,0.013961741029936095,0.0,0.0,0.5089285714285714,0.0,0.0,0.49964209019327127,0.0,0.0,0.0,0.0
2293,41,0.8080487804878052,0.6341463414634252,1.0866093366093357,0.6317567567567572,0.007791627469426275,0.0,0.0,0.013925661580445822,0.0,0.0,0.3353658536585366,0.0,0.0,0.499206592956593,0.0,0.0,0.0,0.0
2294,50,1.5532000000000006,0.9600000000000373,1.0894420556920545,0.6329852579852587,0.02241916859122474,0.0,0.0,0.013973643331455591,0.0,0.0,0.655,0.0,0.0,0.500793407043407,0.0,0.0,0.0,0.0
2295,48,1.0327083333333338,0.9166666666666811,1.0890296827021484,0.6348004094165822,0.012093193461820103,0.0,0.0,0.01394164849679232,0.0,0.0,0.3645833333333333,0.0,0.0,0.49971852610030704,0.0,0.0,0.0,0.0
2296,46,1.2334782608695658,0.6521739130434879,1.088820155673903,0.6339614911921352,0.014892388451444383,0.0,0.0,0.013935317781252832,0.0,0.0,0.6086956521739131,0.0,0.0,0.5002048340843916,0.0,0.0,0.0,0.0
2297,44,1.3270454545454549,0.6818181818182085,1.0900840077860865,0.6337465423624639,0.017023323615160617,0.0,0.0,0.013939569012612072,0.0,0.0,0.6931818181818182,0.0,0.0,0.5011525458457126,0.0,0.0,0.0,0.0
2298,47,1.30936170212766,0.9787234042552888,1.0916079475624736,0.6347808275297018,0.012701754385964301,0.0,0.0,0.013948198380937681,0.0,0.0,0.48936170212765956,0.0,0.0,0.5019203195411717,0.0,0.0,0.0,0.0
2299,39,1.2364102564102568,0.7179487179487577,1.0915063576702204,0.6341263330598863,0.017714915503306675,0.0,0.0,0.013961056250188546,0.0,0.0,0.5897435897435898,0.0,0.0,0.5022559474979491,0.0,0.0,0.0,0.0
2300,36,1.2488888888888894,0.72222222222223,1.0929477036884816,0.6345422788451669,0.016045681655960646,0.0,0.0,0.013966708856106007,0.0,0.0,0.5625,0.0,0.0,0.5027226959827391,0.0,0.0,0.0,0.0
2301,47,1.2853191489361708,0.8085106382978733,1.094230927411062,0.6349989718280906,0.02134628975265094,0.0,0.0,0.01399867148964157,0.0,0.0,0.5851063829787234,0.0,0.0,0.5035471930906847,0.0,0.0,0.0,0.0
2302,54,1.022592592592593,0.5555555555555608,1.0943888146396616,0.6334943970391702,0.011225858914413833,0.0,0.0,0.013976980586068086,0.0,0.0,0.48148148148148145,0.0,0.0,0.5046262979335869,0.0,0.0,0.0,0.0
2303,50,1.4566000000000006,0.9999999999999793,1.0957980255039066,0.6349238996297827,0.01903057224980396,0.0,0.0,0.014003238125777017,0.0,0.0,0.535,0.0,0.0,0.5043963389551624,0.0,0.0,0.0,0.0
2304,44,0.9747727272727276,0.5454545454545777,1.0944500514933047,0.6327497425334715,0.013984349527225165,0.0,0.0,0.014002329525016712,0.0,0.0,0.4318181818181818,0.0,0.0,0.5044284243048404,0.0,0.0,0.0,0.0
2305,44,0.8613636363636368,0.4999999999999908,1.0959390130833406,0.6345935922530141,0.010466721900027703,0.0,0.0,0.014005366080996763,0.0,0.0,0.4090909090909091,0.0,0.0,0.5044813021530854,0.0,0.0,0.0,0.0
2306,41,1.0643902439024393,0.829268292682914,1.0953368355995041,0.6352492789452007,0.024004400440043303,0.0,0.0,0.014009847115430232,0.0,0.0,0.40853658536585363,0.0,0.0,0.5036310259579728,0.0,0.0,0.0,0.0
2307,42,1.2711904761904766,0.7142857142857081,1.0971960885229013,0.6354091610910971,0.014555616139585685,0.0,0.0,0.01401932855117411,0.0,0.0,0.6309523809523809,0.0,0.0,0.5051466803911477,0.0,0.0,0.0,0.0
2308,34,1.2564705882352947,0.823529411764688,1.0985986408566708,0.6372528830313023,0.015857461024499208,0.0,0.0,0.014027066573938112,0.0,0.0,0.5735294117647058,0.0,0.0,0.5054571663920923,0.0,0.0,0.0,0.0
2309,44,1.497954545454546,0.6818181818181671,1.1004819277108422,0.6371125527752042,0.021752475247525098,0.0,0.0,0.01405990614257016,0.0,0.0,0.8181818181818182,0.0,0.0,0.5070023684481516,0.0,0.0,0.0,0.0
2310,43,1.2648837209302328,0.8139534883720633,1.1010211231324047,0.6382277176713042,0.015843285755898107,0.0,0.0,0.01405704956679376,0.0,0.0,0.5697674418604651,0.0,0.0,0.5070582174137043,0.0,0.0,0.0,0.0
2311,59,1.0683050847457636,0.7796610169491484,1.1016418063985174,0.6390289064911024,0.021293918918919637,0.0,0.0,0.014089626309259593,0.0,0.0,0.4194915254237288,0.0,0.0,0.5070208826252444,0.0,0.0,0.0,0.0
2312,42,1.0330952380952385,0.5000000000000204,1.1014018114450377,0.639460683408811,0.014818989071038378,0.0,0.0,0.014095204225444883,0.0,0.0,0.5833333333333334,0.0,0.0,0.5068186496500617,0.0,0.0,0.0,0.0
2313,46,1.1408695652173917,0.7391304347826192,1.10200885046825,0.6401152619121139,0.012531041069723477,0.0,0.0,0.014097331198854144,0.0,0.0,0.4945652173913043,0.0,0.0,0.506920860347844,0.0,0.0,0.0,0.0
2314,51,0.9784313725490201,0.568627450980422,1.101019757151676,0.6391232763943211,0.015030120481927325,0.0,0.0,0.014089707782075054,0.0,0.0,0.4803921568627451,0.0,0.0,0.5067657954311586,0.0,0.0,0.0,0.0
2315,48,1.053958333333334,0.5833333333333444,1.101733580399422,0.6395923409512059,0.014866294446076874,0.0,0.0,0.014092000184342736,0.0,0.0,0.5,0.0,0.0,0.5067685814288656,0.0,0.0,0.0,0.0
2316,45,1.3348888888888897,0.8888888888889037,1.1033477410723458,0.6404239991767021,0.01979894528675003,0.0,0.0,0.014103504160845711,0.0,0.0,0.5777777777777777,0.0,0.0,0.5075383348770196,0.0,0.0,0.0,0.0
2317,45,1.1828888888888895,0.8666666666666853,1.1032194318649635,0.6414162206669428,0.020488837567359794,0.0,0.0,0.014110510532648467,0.0,0.0,0.5,0.0,0.0,0.5071788801976121,0.0,0.0,0.0,0.0
2318,47,1.0670212765957452,0.7659574468085356,1.10309236947791,0.6425702811244995,0.013114539748954284,0.0,0.0,0.014119617224880403,0.0,0.0,0.44148936170212766,0.0,0.0,0.5067964164349706,0.0,0.0,0.0,0.0
2319,49,0.9912244897959188,0.5714285714285677,1.1032259724223077,0.6433422514920781,0.012784943406159667,0.0,0.0,0.014118107955069221,0.0,0.0,0.5,0.0,0.0,0.506482815394114,0.0,0.0,0.0,0.0
2320,62,1.2219354838709682,0.5645161290322723,1.1047363552266405,0.6425120772946878,0.0158361204013379,0.0,0.0,0.014126688292229014,0.0,0.0,0.6129032258064516,0.0,0.0,0.5076575187583513,0.0,0.0,0.0,0.0
2321,48,1.036458333333334,0.6666666666666902,1.105316221765912,0.6440451745379896,0.017806012884752708,0.0,0.0,0.014158551132141746,0.0,0.0,0.3958333333333333,0.0,0.0,0.5069558521560575,0.0,0.0,0.0,0.0
2322,47,1.237234042553192,0.5106382978723446,1.1046845183133256,0.6431722581307088,0.016412644651425654,0.0,0.0,0.01413389935298915,0.0,0.0,0.675531914893617,0.0,0.0,0.5071303990971581,0.0,0.0,0.0,0.0
2323,38,1.163947368421053,0.6315789473684168,1.1038551617873635,0.6435541859270691,0.018837308347529808,0.0,0.0,0.014146158129542454,0.0,0.0,0.5657894736842105,0.0,0.0,0.5065742167437083,0.0,0.0,0.0,0.0
2324,38,0.867368421052632,0.5789473684210513,1.1029245476973668,0.6429893092105283,0.00867596735983165,0.0,0.0,0.014121652125042636,0.0,0.0,0.4276315789473684,0.0,0.0,0.5063990542763158,0.0,0.0,0.0,0.0
2325,54,0.8811111111111117,0.5555555555555612,1.0996763920279418,0.6413601808095355,0.013331465396469764,0.0,0.0,0.014084002057816234,0.0,0.0,0.37037037037037035,0.0,0.0,0.504700020546538,0.0,0.0,0.0,0.0
2326,49,1.3040816326530615,0.8775510204082081,1.101367793649161,0.6440242523892734,0.018855119504279084,0.0,0.0,0.014108241098602547,0.0,0.0,0.5408163265306123,0.0,0.0,0.5047528517110266,0.0,0.0,0.0,0.0
2327,49,1.19530612244898,0.653061224489799,1.1016947584789296,0.6436793422404952,0.015236732570240202,0.0,0.0,0.014102161337979922,0.0,0.0,0.5816326530612245,0.0,0.0,0.5052415210688592,0.0,0.0,0.0,0.0
2328,48,1.0029166666666671,0.6250000000000283,1.1008613078739335,0.6427471512165096,0.013387096774194305,0.0,0.0,0.014103990972174754,0.0,0.0,0.4947916666666667,0.0,0.0,0.5052869315265374,0.0,0.0,0.0,0.0
2329,38,0.9005263157894741,0.6315789473684248,1.098794537426839,0.642571105863027,0.01112483745123624,0.0,0.0,0.014078121156070001,0.0,0.0,0.3157894736842105,0.0,0.0,0.503593798131225,0.0,0.0,0.0,0.0
2330,44,1.1565909090909094,0.40909090909090745,1.0983864664747003,0.6426367749897183,0.01287376675942358,0.0,0.0,0.014041815007441174,0.0,0.0,0.7272727272727273,0.0,0.0,0.5034193747429041,0.0,0.0,0.0,0.0
2331,43,1.0558139534883726,0.697674418604647,1.0969854833727979,0.6425409245341315,0.013087345056211466,0.0,0.0,0.014021202176012833,0.0,0.0,0.45348837209302323,0.0,0.0,0.5022392669618038,0.0,0.0,0.0,0.0
2332,56,1.044464285714286,0.5892857142857075,1.0948898270181207,0.6406507413509079,0.014043217286914256,0.0,0.0,0.01399349119745652,0.0,0.0,0.5401785714285714,0.0,0.0,0.5019563426688632,0.0,0.0,0.0,0.0
2333,55,1.1252727272727279,0.7636363636363651,1.094821098087599,0.6413736376722208,0.010802932448944334,0.0,0.0,0.013975797507563309,0.0,0.0,0.4636363636363636,0.0,0.0,0.5015422578655151,0.0,0.0,0.0,0.0
2334,46,1.1950000000000003,0.8260869565217308,1.0945761316872413,0.6421810699588496,0.013050807217473048,0.0,0.0,0.013945911369308556,0.0,0.0,0.5163043478260869,0.0,0.0,0.500951646090535,0.0,0.0,0.0,0.0
2335,49,1.0067346938775517,0.5714285714285785,1.0937294407894722,0.6416529605263177,0.014265471370734417,0.0,0.0,0.013932621935649484,0.0,0.0,0.44387755102040816,0.0,0.0,0.5003854851973685,0.0,0.0,0.0,0.0
2336,48,1.335208333333334,0.916666666666682,1.094215555327236,0.6421452789479112,0.019403572509840677,0.0,0.0,0.01394449958231972,0.0,0.0,0.5104166666666666,0.0,0.0,0.5003339155450529,0.0,0.0,0.0,0.0
2337,54,1.075370370370371,0.5555555555555362,1.0932569608548226,0.6417343059693845,0.016032578685808242,0.0,0.0,0.013949086418587857,0.0,0.0,0.5648148148148148,0.0,0.0,0.5001798006781054,0.0,0.0,0.0,0.0
2338,41,1.1968292682926835,0.7804878048780449,1.0939868339847754,0.642254680106976,0.017994132746608434,0.0,0.0,0.013946883576867785,0.0,0.0,0.5365853658536586,0.0,0.0,0.5002571487348282,0.0,0.0,0.0,0.0
2339,46,1.0452173913043485,0.5652173913043645,1.095781507413508,0.6437397034596396,0.013486676016830755,0.0,0.0,0.013958890238431935,0.0,0.0,0.4782608695652174,0.0,0.0,0.500823723228995,0.0,0.0,0.0,0.0
2340,60,1.0958333333333339,0.7000000000000031,1.0957398273736114,0.6444718454582841,0.013786957433423841,0.0,0.0,0.013935303280573772,0.0,0.0,0.525,0.0,0.0,0.5005137690094533,0.0,0.0,0.0,0.0
2341,55,1.0845454545454551,0.6181818181818084,1.0960137492304522,0.6453929817360989,0.011409716908951182,0.0,0.0,0.013932511432439728,0.0,0.0,0.55,0.0,0.0,0.5004104247896572,0.0,0.0,0.0,0.0
2342,36,1.307222222222223,0.7777777777777558,1.096133141565645,0.6455722210807496,0.020823008849557807,0.0,0.0,0.013951410863254823,0.0,0.0,0.5555555555555556,0.0,0.0,0.5002568317238545,0.0,0.0,0.0,0.0
2343,59,1.0581355932203396,0.6610169491525439,1.096392567498202,0.6450056462375542,0.019558270676692018,0.0,0.0,0.013991513355525976,0.0,0.0,0.4661016949152542,0.0,0.0,0.5007186120521507,0.0,0.0,0.0,0.0
2344,42,0.8388095238095241,0.5714285714285718,1.0965343071700429,0.644686760621337,0.010031321184510044,0.0,0.0,0.013974587392546416,0.0,0.0,0.36904761904761907,0.0,0.0,0.5011830058635943,0.0,0.0,0.0,0.0
2345,55,1.3014545454545459,1.0363636363637245,1.0973166221491666,0.6474214094925028,0.015285073670724045,0.0,0.0,0.01399652487492435,0.0,0.0,0.41818181818181815,0.0,0.0,0.5003081980686255,0.0,0.0,0.0,0.0
2346,37,0.9608108108108111,0.7027027027026781,1.0965013887460122,0.6474642526489067,0.01475716064757135,0.0,0.0,0.013988178586285979,0.0,0.0,0.33783783783783783,0.0,0.0,0.4992799094743339,0.0,0.0,0.0,0.0
2347,55,1.248545454545455,0.7272727272727232,1.0975813571501887,0.6485987064983084,0.020689966857487644,0.0,0.0,0.014014505348732682,0.0,0.0,0.5590909090909091,0.0,0.0,0.49976901755466585,0.0,0.0,0.0,0.0
2348,51,0.9866666666666671,0.6078431372549223,1.097535666632453,0.6493893051421558,0.012710280373831883,0.0,0.0,0.014004701722218616,0.0,0.0,0.4166666666666667,0.0,0.0,0.499435492148209,0.0,0.0,0.0,0.0
2349,47,1.0723404255319156,0.7659574468085233,1.0989482333607217,0.6509860312243249,0.013891951488423123,0.0,0.0,0.014023542611182578,0.0,0.0,0.43617021276595747,0.0,0.0,0.4995634757600657,0.0,0.0,0.0,0.0
2350,54,1.3022222222222226,0.7777777777777557,1.0986915887850452,0.651124576358224,0.01591310251188026,0.0,0.0,0.01405167273061619,0.0,0.0,0.625,0.0,0.0,0.4995891958508781,0.0,0.0,0.0,0.0
2351,40,1.5305000000000004,0.8500000000000061,1.0999105766265789,0.6511460581765882,0.017974163241338964,0.0,0.0,0.014053342403651978,0.0,0.0,0.6875,0.0,0.0,0.5000770891150169,0.0,0.0,0.0,0.0
2352,53,1.1400000000000006,0.6037735849056695,1.1011385374884282,0.6509307826802457,0.016409560021727648,0.0,0.0,0.014073681180223951,0.0,0.0,0.5283018867924528,0.0,0.0,0.5007970790908156,0.0,0.0,0.0,0.0
2353,49,0.991428571428572,0.6122448979591854,1.1018430525557943,0.6520621207446291,0.016745949672526753,0.0,0.0,0.014102818267862515,0.0,0.0,0.3979591836734694,0.0,0.0,0.500077136686208,0.0,0.0,0.0,0.0
2354,44,1.224772727272728,0.5454545454545434,1.1027044542742506,0.6533278469293312,0.01919159544159504,0.0,0.0,0.014128348589391306,0.0,0.0,0.6931818181818182,0.0,0.0,0.5003343277440593,0.0,0.0,0.0,0.0
2355,41,1.2085365853658538,0.6829268292682932,1.1035521434460005,0.655090684253919,0.01658855038500149,0.0,0.0,0.01414044488341818,0.0,0.0,0.6097560975609756,0.0,0.0,0.4999742374278648,0.0,0.0,0.0,0.0
2356,53,1.2815094339622648,0.7924528301886725,1.104412642849788,0.6567486873262669,0.016561814191660685,0.0,0.0,0.014170209056011612,0.0,0.0,0.5849056603773585,0.0,0.0,0.4998455677957377,0.0,0.0,0.0,0.0
2357,41,1.3226829268292688,0.7804878048780647,1.1061942609413697,0.6573080099091694,0.019493170381020837,0.0,0.0,0.01419193149825067,0.0,0.0,0.5853658536585366,0.0,0.0,0.5006193228736582,0.0,0.0,0.0,0.0
2358,43,1.253488372093024,0.6046511627907137,1.1069955573922914,0.6558528773633675,0.020932038834951133,0.0,0.0,0.014188792630829035,0.0,0.0,0.686046511627907,0.0,0.0,0.502117987395392,0.0,0.0,0.0,0.0
2359,62,1.0229032258064523,0.6612903225806425,1.10770398677959,0.6569923569510466,0.014890819441183338,0.0,0.0,0.014220313767919962,0.0,0.0,0.4274193548387097,0.0,0.0,0.5020140466845693,0.0,0.0,0.0,0.0
2360,56,1.2128571428571433,0.7142857142856954,1.1085387233164887,0.6581416933072118,0.015517477724468997,0.0,0.0,0.014243577835167005,0.0,0.0,0.5357142857142857,0.0,0.0,0.5018046818603692,0.0,0.0,0.0,0.0
2361,40,1.2977500000000006,0.6999999999999958,1.1082766814753582,0.658125839446227,0.02040487421383692,0.0,0.0,0.014263502912001739,0.0,0.0,0.6125,0.0,0.0,0.5017047215621449,0.0,0.0,0.0,0.0
2362,45,1.3420000000000005,0.7111111111110885,1.1108909354304626,0.659561258278149,0.015382068262863422,0.0,0.0,0.014308114282058738,0.0,0.0,0.6222222222222222,0.0,0.0,0.5028456125827815,0.0,0.0,0.0,0.0
2363,57,0.9578947368421059,0.6842105263158307,1.110215998346423,0.6598801157503138,0.015573302909299829,0.0,0.0,0.014317940392840577,0.0,0.0,0.39473684210526316,0.0,0.0,0.5018861099627946,0.0,0.0,0.0,0.0
2364,45,0.9388888888888896,0.35555555555554963,1.1092690995554628,0.6576036389951447,0.017202768729641816,0.0,0.0,0.014322501761954638,0.0,0.0,0.5,0.0,0.0,0.5022485268272511,0.0,0.0,0.0,0.0
2365,60,1.0096666666666672,0.5666666666666725,1.109387839372354,0.6569629400227144,0.014873557574269601,0.0,0.0,0.014319307128580991,0.0,0.0,0.475,0.0,0.0,0.5029678951171673,0.0,0.0,0.0,0.0
2366,41,1.151707317073171,0.5365853658536621,1.1106118230673823,0.6564696155436168,0.01229047371160823,0.0,0.0,0.01432896559724473,0.0,0.0,0.6097560975609756,0.0,0.0,0.5039530797850351,0.0,0.0,0.0,0.0
2367,49,1.2565306122448985,0.8163265306122535,1.1141365046535665,0.6599793174767359,0.016555525678944975,0.0,0.0,0.014371793469416111,0.0,0.0,0.5816326530612245,0.0,0.0,0.5046018614270941,0.0,0.0,0.0,0.0
2368,48,1.1264583333333338,0.7916666666666751,1.1167680215120477,0.6625297342020929,0.015295615275813176,0.0,0.0,0.014404537189829114,0.0,0.0,0.5104166666666666,0.0,0.0,0.5056365704829868,0.0,0.0,0.0,0.0
2369,52,1.0355769230769236,0.615384615384593,1.1158061847140335,0.6621160409556349,0.01880894166957763,0.0,0.0,0.014422973059687963,0.0,0.0,0.47596153846153844,0.0,0.0,0.505429723859758,0.0,0.0,0.0,0.0
2370,51,0.942745098039216,0.450980392156861,1.114277438709009,0.660804799834492,0.015006242197253009,0.0,0.0,0.014403583606338205,0.0,0.0,0.5294117647058824,0.0,0.0,0.5053274025033619,0.0,0.0,0.0,0.0
2371,47,1.3191489361702136,0.7446808510638468,1.1151529873888764,0.6614637171800741,0.022206303724928357,0.0,0.0,0.014434661953230508,0.0,0.0,0.5904255319148937,0.0,0.0,0.5059696092619392,0.0,0.0,0.0,0.0
2372,55,1.0452727272727278,0.5818181818181545,1.1150996797851451,0.6611920256171919,0.01656295015845691,0.0,0.0,0.01447998808902652,0.0,0.0,0.5045454545454545,0.0,0.0,0.50562958372069,0.0,0.0,0.0,0.0
2373,49,1.1971428571428577,0.6530612244897811,1.1153077240809572,0.660987195373816,0.015651013874066016,0.0,0.0,0.014498904592121697,0.0,0.0,0.5561224489795918,0.0,0.0,0.5060408921933085,0.0,0.0,0.0,0.0
2374,41,1.2112195121951228,0.9268292682927055,1.115250490651791,0.6626381572151674,0.021024555461472746,0.0,0.0,0.014523420706428057,0.0,0.0,0.39634146341463417,0.0,0.0,0.504777399029026,0.0,0.0,0.0,0.0
2375,52,1.1650000000000005,0.6923076923077292,1.112912059522578,0.6612586545417005,0.014880864652419484,0.0,0.0,0.01448610324609559,0.0,0.0,0.5769230769230769,0.0,0.0,0.504030174640901,0.0,0.0,0.0,0.0
2376,38,1.2647368421052638,0.8421052631579007,1.1146890199730923,0.662423677946811,0.017604395604395216,0.0,0.0,0.01453598828617895,0.0,0.0,0.5263157894736842,0.0,0.0,0.5043206043671737,0.0,0.0,0.0,0.0
2377,54,1.2070370370370378,0.7037037037036941,1.1159672911706855,0.6622502846496257,0.01915368792242122,0.0,0.0,0.014581464670781825,0.0,0.0,0.5972222222222222,0.0,0.0,0.5054859745367974,0.0,0.0,0.0,0.0
2378,60,1.218333333333334,0.7000000000000243,1.1171050454921414,0.6627377998345778,0.017960687960687432,0.0,0.0,0.014602976376313916,0.0,0.0,0.55,0.0,0.0,0.5058674524400331,0.0,0.0,0.0,0.0
2379,39,1.035641025641026,0.5128205128205119,1.1167025126667347,0.661565505118399,0.012602184087363182,0.0,0.0,0.014597270487227674,0.0,0.0,0.5256410256410257,0.0,0.0,0.5062299658773654,0.0,0.0,0.0,0.0
2380,51,1.106274509803922,0.5882352941176778,1.1162483200661628,0.6601881525896865,0.016530911221798186,0.0,0.0,0.01459934341645195,0.0,0.0,0.5882352941176471,0.0,0.0,0.5072107929287708,0.0,0.0,0.0,0.0
2381,45,1.192444444444445,0.5777777777777758,1.1159189580318374,0.6592929501757324,0.017651315789473748,0.0,0.0,0.014613814314644992,0.0,0.0,0.65,0.0,0.0,0.5076493694438702,0.0,0.0,0.0,0.0
2382,40,1.0492500000000002,0.500000000000015,1.11645268171464,0.6602816318078314,0.01477816901408424,0.0,0.0,0.014637599708950358,0.0,0.0,0.59375,0.0,0.0,0.5078173534893353,0.0,0.0,0.0,0.0
2383,57,1.0542105263157902,0.7192982456140343,1.117486802608425,0.6614222130214299,0.014666829387355975,0.0,0.0,0.014651631474019811,0.0,0.0,0.41228070175438597,0.0,0.0,0.5079184349446227,0.0,0.0,0.0,0.0
2384,51,1.344705882352942,0.8627450980392405,1.1183400558485876,0.6629434274485506,0.02121249613362173,0.0,0.0,0.014676135669593813,0.0,0.0,0.5294117647058824,0.0,0.0,0.5072396318130107,0.0,0.0,0.0,0.0
2385,41,0.8753658536585369,0.3902439024390303,1.1165265990478155,0.6617677499482545,0.015029313232830898,0.0,0.0,0.014659039025981119,0.0,0.0,0.524390243902439,0.0,0.0,0.5066238873939143,0.0,0.0,0.0,0.0
2386,48,1.3106250000000006,0.6666666666666549,1.1166397348249424,0.6612802983219426,0.01780135823429576,0.0,0.0,0.014686322833605166,0.0,0.0,0.6666666666666666,0.0,0.0,0.507302672467371,0.0,0.0,0.0,0.0
2387,43,1.455116279069768,0.8837209302325764,1.118647583488902,0.6637627048330259,0.023182660244534827,0.0,0.0,0.014694902969498514,0.0,0.0,0.6046511627906976,0.0,0.0,0.5074673304293715,0.0,0.0,0.0,0.0
2388,50,1.4048000000000005,0.7200000000000073,1.1197264815582255,0.6643182760049767,0.017373237694781784,0.0,0.0,0.01470914074642674,0.0,0.0,0.69,0.0,0.0,0.5078999171156237,0.0,0.0,0.0,0.0
2389,49,1.1765306122448986,0.6938775510204056,1.119720120244635,0.6648699077433435,0.016175645342311293,0.0,0.0,0.014726169702257652,0.0,0.0,0.5459183673469388,0.0,0.0,0.5075412045195398,0.0,0.0,0.0,0.0
2390,44,0.9597727272727277,0.5000000000000072,1.1200093370681599,0.6658367050523951,0.011407347379794484,0.0,0.0,0.014749468196294016,0.0,0.0,0.4659090909090909,0.0,0.0,0.5070287374208943,0.0,0.0,0.0,0.0
2391,50,1.2552000000000008,0.6799999999999912,1.1199813142323256,0.6659399979238073,0.025419198055893447,0.0,0.0,0.01478472027133514,0.0,0.0,0.61,0.0,0.0,0.507500259524551,0.0,0.0,0.0,0.0
2392,48,1.2131250000000005,0.8541666666666622,1.120934414302047,0.6666666666666704,0.01545382165605132,0.0,0.0,0.014804573496344384,0.0,0.0,0.5416666666666666,0.0,0.0,0.5081592350067561,0.0,0.0,0.0,0.0
2393,51,0.9133333333333339,0.4705882352940987,1.1209123062519497,0.6659731613440167,0.010159214830970393,0.0,0.0,0.014778520986228675,0.0,0.0,0.4215686274509804,0.0,0.0,0.5085821283678352,0.0,0.0,0.0,0.0
2394,42,0.8250000000000005,0.47619047619047594,1.1201531249999994,0.6647916666666699,0.011462123718160527,0.0,0.0,0.014775288849561951,0.0,0.0,0.30357142857142855,0.0,0.0,0.50890625,0.0,0.0,0.0,0.0
2395,72,1.255972222222223,0.6388888888888957,1.1207787481804943,0.6640673736743639,0.015277918567324902,0.0,0.0,0.014765814522746027,0.0,0.0,0.6111111111111112,0.0,0.0,0.5097213557912248,0.0,0.0,0.0,0.0
2396,49,1.103673469387756,0.44897959183673714,1.1198835153406128,0.6626105044201804,0.014608319827121893,0.0,0.0,0.01478599627867383,0.0,0.0,0.6428571428571429,0.0,0.0,0.5099323972958918,0.0,0.0,0.0,0.0
2397,47,1.391702127659575,0.8510638297872448,1.1221017584018305,0.6645510352720878,0.017149973780808007,0.0,0.0,0.014816669048063977,0.0,0.0,0.5851063829787234,0.0,0.0,0.5101966496722505,0.0,0.0,0.0,0.0
2398,55,1.3952727272727279,0.8727272727273515,1.1242766576595296,0.6667013094990688,0.017326710318356253,0.0,0.0,0.01483860746471344,0.0,0.0,0.5636363636363636,0.0,0.0,0.5104188318436915,0.0,0.0,0.0,0.0
2399,35,1.3491428571428576,0.8571428571428046,1.1239552549427672,0.6660770031217521,0.015979695431472575,0.0,0.0,0.01485568221203841,0.0,0.0,0.5571428571428572,0.0,0.0,0.5105619146722165,0.0,0.0,0.0,0.0
2400,55,1.3136363636363642,1.0181818181818187,1.125251454696591,0.6677057356608516,0.01684149184149243,0.0,0.0,0.014881177805932507,0.0,0.0,0.4909090909090909,0.0,0.0,0.5106504571903574,0.0,0.0,0.0,0.0
2401,47,0.9519148936170218,0.46808510638299,1.125103928497193,0.6682602369569773,0.016436443791329393,0.0,0.0,0.014905485802561826,0.0,0.0,0.46808510638297873,0.0,0.0,0.5100810642278113,0.0,0.0,0.0,0.0
2402,52,0.9790384615384619,0.5961538461538338,1.123167463120714,0.6672553500935005,0.01293773824650617,0.0,0.0,0.014916824527830755,0.0,0.0,0.4230769230769231,0.0,0.0,0.5090380220236859,0.0,0.0,0.0,0.0
2403,59,1.0806779661016954,0.4745762711864578,1.1227265187642541,0.6668048932199915,0.01448103565750595,0.0,0.0,0.014910761122332278,0.0,0.0,0.5932203389830508,0.0,0.0,0.5090192826041883,0.0,0.0,0.0,0.0
2404,51,1.3772549019607847,0.7450980392156717,1.1235569147833293,0.6663902135600286,0.015664585191792722,0.0,0.0,0.014916285541656332,0.0,0.0,0.6470588235294118,0.0,0.0,0.5093821273066557,0.0,0.0,0.0,0.0
2405,51,1.2792156862745103,0.7647058823529885,1.1247902641118586,0.667115484205079,0.018763301696865083,0.0,0.0,0.014949863577169108,0.0,0.0,0.5882352941176471,0.0,0.0,0.509891248058001,0.0,0.0,0.0,0.0
2406,57,1.3263157894736848,0.7719298245614085,1.1262458643507025,0.667597187758482,0.01849767555664268,0.0,0.0,0.014956632418382899,0.0,0.0,0.6140350877192983,0.0,0.0,0.510545905707196,0.0,0.0,0.0,0.0
2407,50,1.1416000000000004,1.020000000000009,1.126007023342284,0.6705226192935383,0.0158511524576508,0.0,0.0,0.014973464746019752,0.0,0.0,0.33,0.0,0.0,0.508701714521793,0.0,0.0,0.0,0.0
2408,46,1.4071739130434786,0.7391304347826227,1.1280016540887,0.6708363485991977,0.015605110896818025,0.0,0.0,0.014996158587789717,0.0,0.0,0.7391304347826086,0.0,0.0,0.5102605189703298,0.0,0.0,0.0,0.0
2409,58,1.1581034482758625,0.5517241379310464,1.1288467891802596,0.6715878587652324,0.016208976833976683,0.0,0.0,0.015000144047346353,0.0,0.0,0.5818965517241379,0.0,0.0,0.5104016105719595,0.0,0.0,0.0,0.0
2410,55,0.7529090909090915,0.5090909090909289,1.127226526185311,0.6710050614605971,0.009650431134934006,0.0,0.0,0.014996681201583728,0.0,0.0,0.3,0.0,0.0,0.5094773267224461,0.0,0.0,0.0,0.0
2411,48,0.9110416666666672,0.43750000000001493,1.1263173652694607,0.6699359900887923,0.013255531979388384,0.0,0.0,0.014996838288056757,0.0,0.0,0.4791666666666667,0.0,0.0,0.5090594672723519,0.0,0.0,0.0,0.0
2412,29,0.9293103448275863,0.5517241379310358,1.1266266804550154,0.6700103412616383,0.012646644767714616,0.0,0.0,0.01501249838086031,0.0,0.0,0.3879310344827586,0.0,0.0,0.5089193381592554,0.0,0.0,0.0,0.0
2413,49,1.088163265306123,0.7346938775510433,1.1257312784443523,0.6695283409184989,0.012101679527916274,0.0,0.0,0.014998663241625337,0.0,0.0,0.4336734693877551,0.0,0.0,0.5084298717418287,0.0,0.0,0.0,0.0
2414,43,1.3425581395348842,0.8604651162790596,1.1257914858441824,0.6702831163463574,0.013968061940479082,0.0,0.0,0.014975623433941421,0.0,0.0,0.5581395348837209,0.0,0.0,0.5081628435627196,0.0,0.0,0.0,0.0
2415,51,0.8117647058823533,0.5098039215686412,1.1250883355718564,0.6698005992354632,0.01005586592178795,0.0,0.0,0.014962489798049532,0.0,0.0,0.37254901960784315,0.0,0.0,0.5081620002066329,0.0,0.0,0.0,0.0
2416,37,1.0735135135135139,0.5405405405405387,1.1249006828057104,0.6688392302917493,0.013315454240696871,0.0,0.0,0.014947335862751631,0.0,0.0,0.5945945945945946,0.0,0.0,0.5087161183529899,0.0,0.0,0.0,0.0
2417,34,1.2514705882352946,0.6470588235294212,1.1256827142560693,0.6687072006640433,0.015163934426230218,0.0,0.0,0.014941305275914847,0.0,0.0,0.6029411764705882,0.0,0.0,0.5092861589541399,0.0,0.0,0.0,0.0
2418,50,1.2378000000000005,0.4800000000000256,1.1264613150798584,0.6681186475834943,0.01436629526462394,0.0,0.0,0.01495195590405504,0.0,0.0,0.67,0.0,0.0,0.5096971582659199,0.0,0.0,0.0,0.0
2419,53,1.263962264150944,0.7547169811321093,1.1279387966804975,0.6692946058091341,0.017390965732087687,0.0,0.0,0.014970975940872494,0.0,0.0,0.5613207547169812,0.0,0.0,0.5101659751037344,0.0,0.0,0.0,0.0
2420,50,1.0798000000000005,0.68000000000001,1.1285298383754658,0.6698093659345269,0.012857823291259868,0.0,0.0,0.014949569117552262,0.0,0.0,0.455,0.0,0.0,0.5103864484044758,0.0,0.0,0.0,0.0
2421,57,0.9838596491228077,0.38596491228072133,1.1278153782469207,0.6675980544344463,0.011970117395944198,0.0,0.0,0.014940092014279278,0.0,0.0,0.5701754385964912,0.0,0.0,0.5111507813308497,0.0,0.0,0.0,0.0
2422,57,0.9780701754385971,0.7017543859649152,1.1266304347826082,0.6680124223602537,0.014986559139785213,0.0,0.0,0.014927087590900555,0.0,0.0,0.32456140350877194,0.0,0.0,0.5097567287784679,0.0,0.0,0.0,0.0
2423,55,1.0834545454545461,0.6545454545454631,1.126666666666666,0.6692514474772593,0.016149051490515202,0.0,0.0,0.014944922320723319,0.0,0.0,0.4818181818181818,0.0,0.0,0.5090725806451613,0.0,0.0,0.0,0.0
2424,46,0.9160869565217394,0.45652173913044863,1.1263011287149214,0.6689448068758466,0.01173162583518939,0.0,0.0,0.014970799433469156,0.0,0.0,0.5163043478260869,0.0,0.0,0.5093714404059232,0.0,0.0,0.0,0.0
2425,51,0.8498039215686279,0.35294117647059153,1.1242811236653876,0.6667357727791074,0.01133071895424838,0.0,0.0,0.014949668985536877,0.0,0.0,0.47549019607843135,0.0,0.0,0.509044262465015,0.0,0.0,0.0,0.0
2426,58,1.2862068965517248,0.7586206896551344,1.125291191709844,0.6677720207253937,0.021442943374532567,0.0,0.0,0.014994952919228819,0.0,0.0,0.5689655172413793,0.0,0.0,0.5086010362694301,0.0,0.0,0.0,0.0
2427,48,1.2295833333333341,0.749999999999996,1.1256053067993363,0.6678067993366552,0.03395857307249657,0.0,0.0,0.015043225669717435,0.0,0.0,0.515625,0.0,0.0,0.5088360281923715,0.0,0.0,0.0,0.0
2428,51,1.1254901960784318,0.7843137254901513,1.1256127095839368,0.66839163734217,0.010609981515711157,0.0,0.0,0.015007423904974074,0.0,0.0,0.49019607843137253,0.0,0.0,0.5090819706064997,0.0,0.0,0.0,0.0
2429,52,0.9807692307692313,0.6346153846153793,1.1268306067508795,0.6694967902257245,0.015596330275230113,0.0,0.0,0.015036198744926012,0.0,0.0,0.3701923076923077,0.0,0.0,0.5090080762062539,0.0,0.0,0.0,0.0
2430,48,1.3627083333333339,0.8333333333334038,1.1283153750518022,0.6696021549937886,0.019226925338037243,0.0,0.0,0.015052917768400334,0.0,0.0,0.5729166666666666,0.0,0.0,0.5100756319933692,0.0,0.0,0.0,0.0
2431,45,1.0071111111111117,0.5333333333333248,1.1259591455827453,0.6691206968063095,0.014153653966269874,0.0,0.0,0.015031596287349767,0.0,0.0,0.4722222222222222,0.0,0.0,0.5087100788054749,0.0,0.0,0.0,0.0
2432,58,0.9739655172413798,0.4827586206896488,1.1256818652849736,0.6686010362694351,0.012720108083764737,0.0,0.0,0.015030190913946258,0.0,0.0,0.5043103448275862,0.0,0.0,0.5088341968911917,0.0,0.0,0.0,0.0
2433,39,1.3369230769230775,0.7179487179487319,1.1258593506897618,0.6682916709884918,0.01765064319566719,0.0,0.0,0.015047480813592456,0.0,0.0,0.6730769230769231,0.0,0.0,0.5095425785706877,0.0,0.0,0.0,0.0
2434,45,1.0980000000000008,0.5777777777777647,1.1245449828784886,0.6668050223098526,0.013957627118644485,0.0,0.0,0.01503453691128063,0.0,0.0,0.5555555555555556,0.0,0.0,0.5098059562104389,0.0,0.0,0.0,0.0
2435,46,1.1791304347826093,0.8695652173912941,1.124237586814553,0.667772364465642,0.01928876244665783,0.0,0.0,0.015059060065343102,0.0,0.0,0.4891304347826087,0.0,0.0,0.5091997512179952,0.0,0.0,0.0,0.0
2436,53,1.473396226415095,0.8679245283018557,1.125789582901016,0.668810956630011,0.01873560460652602,0.0,0.0,0.015063207843159083,0.0,0.0,0.6509433962264151,0.0,0.0,0.5096752438265201,0.0,0.0,0.0,0.0
2437,55,0.9574545454545458,0.7636363636363594,1.124235074626865,0.6690505804311822,0.014356597600872134,0.0,0.0,0.015053376337878097,0.0,0.0,0.31363636363636366,0.0,0.0,0.5084473466003316,0.0,0.0,0.0,0.0
2438,44,1.3311363636363642,0.6818181818181616,1.1250171002176386,0.6696030676754114,0.017473150357995466,0.0,0.0,0.015054335616039463,0.0,0.0,0.6704545454545454,0.0,0.0,0.5087573841848896,0.0,0.0,0.0,0.0
2439,53,1.4449056603773593,0.8679245283019061,1.127375453133091,0.6710512687726615,0.019183366733466836,0.0,0.0,0.015081470458645484,0.0,0.0,0.6886792452830188,0.0,0.0,0.509891248058001,0.0,0.0,0.0,0.0
2440,43,1.1116279069767445,0.6046511627907323,1.1267135761589395,0.6710471854304686,0.014998431126452003,0.0,0.0,0.015065541697913293,0.0,0.0,0.5290697674418605,0.0,0.0,0.5094939983443708,0.0,0.0,0.0,0.0
2441,45,1.1311111111111116,0.5777777777777636,1.1261644403023705,0.6694625660142951,0.015921176102596385,0.0,0.0,0.015046604840483802,0.0,0.0,0.5666666666666667,0.0,0.0,0.5101739670705188,0.0,0.0,0.0,0.0
2442,41,1.3265853658536588,0.5365853658536852,1.1256568586821376,0.6679444674678874,0.016496815286624427,0.0,0.0,0.015035842988336556,0.0,0.0,0.7317073170731707,0.0,0.0,0.5106454620803978,0.0,0.0,0.0,0.0
2443,45,1.2291111111111115,0.7555555555555742,1.1259587906398834,0.6685649202733538,0.01357300613496892,0.0,0.0,0.015024129493798782,0.0,0.0,0.6055555555555555,0.0,0.0,0.5107423897287223,0.0,0.0,0.0,0.0
2444,44,1.3231818181818187,0.6363636363636429,1.1274943005181337,0.6682901554404197,0.015692722371967695,0.0,0.0,0.015037454322311775,0.0,0.0,0.7159090909090909,0.0,0.0,0.5124093264248705,0.0,0.0,0.0,0.0
2445,60,1.069833333333334,0.5666666666666892,1.1267145960484113,0.6681493741595171,0.017629772040648115,0.0,0.0,0.015049638334473309,0.0,0.0,0.4875,0.0,0.0,0.5116892520947554,0.0,0.0,0.0,0.0
2446,44,1.1072727272727276,0.5909090909090703,1.1258346269274544,0.6665631791369192,0.016404040404040105,0.0,0.0,0.01506006617107582,0.0,0.0,0.5454545454545454,0.0,0.0,0.5120562972161854,0.0,0.0,0.0,0.0
2447,57,0.8933333333333339,0.771929824561412,1.124110524681775,0.6668736417261774,0.013414120126449118,0.0,0.0,0.015050629333422067,0.0,0.0,0.2807017543859649,0.0,0.0,0.5105557280347718,0.0,0.0,0.0,0.0
2448,38,0.9178947368421055,0.5789473684210588,1.1229372731985476,0.6666666666666721,0.010130699970955406,0.0,0.0,0.01502502614982956,0.0,0.0,0.39473684210526316,0.0,0.0,0.5099533437013997,0.0,0.0,0.0,0.0
2449,49,1.3583673469387758,0.8571428571428976,1.1237944254481393,0.6679100611335667,0.01760846560846496,0.0,0.0,0.015051820806039798,0.0,0.0,0.6020408163265306,0.0,0.0,0.5100507719407316,0.0,0.0,0.0,0.0
2450,50,1.0662000000000005,0.8800000000000102,1.1234811897605959,0.6694994299927509,0.015506108202443412,0.0,0.0,0.015044966400106644,0.0,0.0,0.395,0.0,0.0,0.5094569385428542,0.0,0.0,0.0,0.0
2451,46,0.9469565217391308,0.39130434782607854,1.1234331606217605,0.6683937823834253,0.011575870316236967,0.0,0.0,0.015040204769634219,0.0,0.0,0.5760869565217391,0.0,0.0,0.510440414507772,0.0,0.0,0.0,0.0
2452,38,0.8652631578947371,0.3684210526315814,1.1237665975103723,0.668257261410794,0.011982507288629795,0.0,0.0,0.015047093744400688,0.0,0.0,0.4473684210526316,0.0,0.0,0.51076244813278,0.0,0.0,0.0,0.0
2453,44,0.7968181818181822,0.6363636363636365,1.1227605897009956,0.6673588039867162,0.01171791443850326,0.0,0.0,0.015048906305010084,0.0,0.0,0.3068181818181818,0.0,0.0,0.5106156561461794,0.0,0.0,0.0,0.0
2454,66,1.0507575757575764,0.7272727272727558,1.1239937791601855,0.6684292379471284,0.015538875196057313,0.0,0.0,0.015056519655840567,0.0,0.0,0.375,0.0,0.0,0.5108087091757387,0.0,0.0,0.0,0.0
2455,40,1.2972500000000005,0.6000000000000151,1.1252391823181473,0.6690878904223362,0.016405311413215162,0.0,0.0,0.01507833302974395,0.0,0.0,0.6375,0.0,0.0,0.5110770986821624,0.0,0.0,0.0,0.0
2456,54,1.1559259259259265,0.7037037037037003,1.1258900984966291,0.6693623639191346,0.016366019926585776,0.0,0.0,0.015115742674038623,0.0,0.0,0.5648148148148148,0.0,0.0,0.5115603939865215,0.0,0.0,0.0,0.0
2457,50,1.0664000000000005,0.6399999999999869,1.1259977206796505,0.6688769167012072,0.013563978631391744,0.0,0.0,0.015113243676584964,0.0,0.0,0.535,0.0,0.0,0.5125103605470369,0.0,0.0,0.0,0.0
2458,54,1.3042592592592601,0.6851851851852009,1.1278686146513304,0.6701896176562069,0.024437890353919554,0.0,0.0,0.015162679259212882,0.0,0.0,0.6481481481481481,0.0,0.0,0.5134182986219045,0.0,0.0,0.0,0.0
2459,50,0.9046000000000004,0.40000000000001124,1.1267191546669417,0.6691184087848393,0.010460222016651876,0.0,0.0,0.015138977624665123,0.0,0.0,0.51,0.0,0.0,0.5134673158603543,0.0,0.0,0.0,0.0
2460,56,1.0357142857142863,0.5714285714285633,1.1261173791532957,0.6679432770934742,0.013975903614457882,0.0,0.0,0.015146088188901894,0.0,0.0,0.45982142857142855,0.0,0.0,0.5136114273884691,0.0,0.0,0.0,0.0
2461,56,1.2516071428571434,0.7142857142857089,1.1272350993377473,0.6685637417218602,0.016747909199521835,0.0,0.0,0.015167159540875205,0.0,0.0,0.5892857142857143,0.0,0.0,0.5141763245033113,0.0,0.0,0.0,0.0
2462,54,1.0835185185185192,0.44444444444446146,1.1287819253438103,0.6687002378244294,0.02140870837907025,0.0,0.0,0.015202296683234074,0.0,0.0,0.6342592592592593,0.0,0.0,0.5155619894530038,0.0,0.0,0.0,0.0
2463,51,0.8672549019607847,0.352941176470592,1.1259884261651327,0.666838896352181,0.01264798398627399,0.0,0.0,0.01517030092250979,0.0,0.0,0.49019607843137253,0.0,0.0,0.5146998036581585,0.0,0.0,0.0,0.0
2464,49,1.2224489795918372,0.8163265306122652,1.12671111111111,0.6669767441860524,0.012591969728820769,0.0,0.0,0.015171915144733338,0.0,0.0,0.4897959183673469,0.0,0.0,0.5152454780361757,0.0,0.0,0.0,0.0
2465,44,0.9197727272727277,0.40909090909088397,1.126794461093313,0.6666322207295707,0.0133081223281819,0.0,0.0,0.015160854814938455,0.0,0.0,0.5511363636363636,0.0,0.0,0.515629843959905,0.0,0.0,0.0,0.0
2466,51,1.1090196078431378,0.5882352941176326,1.1256439942112872,0.665081662187312,0.013704870365884027,0.0,0.0,0.01515559934976735,0.0,0.0,0.5294117647058824,0.0,0.0,0.5157897457101509,0.0,0.0,0.0,0.0
2467,47,1.1093617021276598,0.6808510638298148,1.1262072174542437,0.6638403474304682,0.017801297371115698,0.0,0.0,0.015196274721825017,0.0,0.0,0.4734042553191489,0.0,0.0,0.5169579154172268,0.0,0.0,0.0,0.0
2468,50,0.6514000000000004,0.4799999999999994,1.1244528340918483,0.6635291683905727,0.008537352555701544,0.0,0.0,0.015167535877624079,0.0,0.0,0.22,0.0,0.0,0.5159288374017377,0.0,0.0,0.0,0.0
2469,55,1.0029090909090914,0.5454545454545393,1.1240624676802142,0.6631502740717817,0.011898188093183378,0.0,0.0,0.015157008081554717,0.0,0.0,0.5227272727272727,0.0,0.0,0.5158754783328162,0.0,0.0,0.0,0.0
2470,42,1.4021428571428576,0.8809523809523447,1.1250440095267673,0.6645956301128773,0.020721323011963295,0.0,0.0,0.015171918290285151,0.0,0.0,0.6428571428571429,0.0,0.0,0.5159987573780678,0.0,0.0,0.0,0.0
2471,53,1.2796226415094343,0.7547169811320673,1.1265916632102853,0.6640398175031164,0.015897796530708396,0.0,0.0,0.015177657174388359,0.0,0.0,0.5707547169811321,0.0,0.0,0.5174201576109498,0.0,0.0,0.0,0.0
2472,46,0.7693478260869568,0.47826086956522573,1.1261607050285112,0.6637636080870973,0.012178251892636065,0.0,0.0,0.015164251868687906,0.0,0.0,0.34782608695652173,0.0,0.0,0.5174183514774494,0.0,0.0,0.0,0.0
2473,40,1.3102500000000006,0.650000000000002,1.1269750077776617,0.6636938712019137,0.02340777132648493,0.0,0.0,0.015194704779428778,0.0,0.0,0.6875,0.0,0.0,0.5181219537488333,0.0,0.0,0.0,0.0
2474,48,1.218541666666667,0.6250000000000056,1.127415707023549,0.6629318394024334,0.021215088864708083,0.0,0.0,0.01521719221942014,0.0,0.0,0.609375,0.0,0.0,0.5190891171283328,0.0,0.0,0.0,0.0
2475,61,1.138196721311476,0.5901639344262261,1.1282483944478963,0.6633519784545322,0.016726090098771674,0.0,0.0,0.015231014910638309,0.0,0.0,0.4918032786885246,0.0,0.0,0.5190853532214627,0.0,0.0,0.0,0.0
2476,54,1.1079629629629635,0.7777777777777862,1.1284820597663106,0.664253955123571,0.01346612649110973,0.0,0.0,0.015227352321101992,0.0,0.0,0.4675925925925926,0.0,0.0,0.5188708509978286,0.0,0.0,0.0,0.0
2477,43,1.02046511627907,0.7674418604651242,1.1291345755693571,0.6646997929606682,0.010642735871937505,0.0,0.0,0.015223818935003802,0.0,0.0,0.36046511627906974,0.0,0.0,0.5189182194616977,0.0,0.0,0.0,0.0
2478,48,0.9910416666666672,0.5416666666666636,1.1305037236243267,0.6655978485726165,0.01540978296080371,0.0,0.0,0.015247368259521901,0.0,0.0,0.5208333333333334,0.0,0.0,0.5199110467521721,0.0,0.0,0.0,0.0
2479,46,1.131521739130435,0.7391304347826098,1.132522494570275,0.6659427034853712,0.012401715511080321,0.0,0.0,0.01525957140826589,0.0,0.0,0.4891304347826087,0.0,0.0,0.5214086255041886,0.0,0.0,0.0,0.0
2480,62,0.9840322580645167,0.5483870967741719,1.1317179434234967,0.6654965930208604,0.012052548399841814,0.0,0.0,0.015247748687603875,0.0,0.0,0.4879032258064516,0.0,0.0,0.5210355151765435,0.0,0.0,0.0,0.0
2481,47,1.43936170212766,0.8085106382978454,1.133322677116633,0.6661854181705736,0.01710925644916505,0.0,0.0,0.01526927271843116,0.0,0.0,0.7180851063829787,0.0,0.0,0.5223007115602764,0.0,0.0,0.0,0.0
2482,41,1.257804878048781,0.780487804878035,1.134336018174307,0.6676992978108272,0.020769230769230793,0.0,0.0,0.015309338982342276,0.0,0.0,0.573170731707317,0.0,0.0,0.5222532011565468,0.0,0.0,0.0,0.0
2483,37,1.0418918918918922,0.7567567567567858,1.1339420589756843,0.6673564407656545,0.01448703494926734,0.0,0.0,0.015309007401985576,0.0,0.0,0.3783783783783784,0.0,0.0,0.5221934816347646,0.0,0.0,0.0,0.0
2484,35,1.2060000000000004,0.7999999999999964,1.1335379995858341,0.6674259681093447,0.01604332953249718,0.0,0.0,0.015340318024370355,0.0,0.0,0.5428571428571428,0.0,0.0,0.5219507144336302,0.0,0.0,0.0,0.0
2485,54,1.402592592592593,0.7777777777777826,1.1356505999172515,0.6692180388911925,0.01521188993773973,0.0,0.0,0.015355386672335552,0.0,0.0,0.5925925925925926,0.0,0.0,0.5221090194455937,0.0,0.0,0.0,0.0
2486,48,1.1641666666666668,0.6458333333333296,1.1361681663046836,0.6694590960802618,0.012351900972590516,0.0,0.0,0.015342452170099809,0.0,0.0,0.6666666666666666,0.0,0.0,0.523037542662116,0.0,0.0,0.0,0.0
2487,46,1.0995652173913049,0.7391304347826227,1.137003931305606,0.6692530519346214,0.01704752275025271,0.0,0.0,0.015353992006068868,0.0,0.0,0.3804347826086957,0.0,0.0,0.5234585143803021,0.0,0.0,0.0,0.0
2488,55,1.1347272727272733,0.4545454545454588,1.1372341745966057,0.6683905668183753,0.014898543805203902,0.0,0.0,0.015355709309698592,0.0,0.0,0.7272727272727273,0.0,0.0,0.5251086057095573,0.0,0.0,0.0,0.0
2489,41,1.3592682926829274,0.8048780487805105,1.137883997928533,0.6688762299326827,0.018076548816087817,0.0,0.0,0.015374895564956912,0.0,0.0,0.6707317073170732,0.0,0.0,0.5256602796478509,0.0,0.0,0.0,0.0
2490,56,1.1053571428571434,0.8214285714286127,1.137520678246483,0.6694582299421062,0.012000775494378432,0.0,0.0,0.0153421268774831,0.0,0.0,0.49107142857142855,0.0,0.0,0.5256668734491315,0.0,0.0,0.0,0.0
2491,53,0.9447169811320759,0.4905660377358539,1.1356927212572356,0.6685277088502949,0.015410895660203199,0.0,0.0,0.015326149591676488,0.0,0.0,0.49056603773584906,0.0,0.0,0.5251499172870141,0.0,0.0,0.0,0.0
2492,49,1.0571428571428574,0.5714285714285958,1.1357972064148976,0.6687015002586707,0.012407185628742387,0.0,0.0,0.015317022122689945,0.0,0.0,0.5255102040816326,0.0,0.0,0.5252457320227626,0.0,0.0,0.0,0.0
2493,42,0.7676190476190483,0.4285714285714087,1.1355876267328766,0.6678046761845698,0.0137542662116037,0.0,0.0,0.015356663686716338,0.0,0.0,0.32142857142857145,0.0,0.0,0.5251655286571487,0.0,0.0,0.0,0.0
2494,46,1.095652173913044,0.60869565217391,1.1332363899813687,0.6660111778099824,0.016975412596834064,0.0,0.0,0.015329141711536955,0.0,0.0,0.5217391304347826,0.0,0.0,0.5244773338853239,0.0,0.0,0.0,0.0
2495,52,1.2336538461538464,0.7692307692308178,1.1342758121249727,0.6653217463273382,0.012975323624595437,0.0,0.0,0.015331416657460899,0.0,0.0,0.5144230769230769,0.0,0.0,0.5252172563625077,0.0,0.0,0.0,0.0
2496,42,1.0809523809523813,0.8095238095238131,1.133571724280686,0.6660111778099825,0.011682964487905534,0.0,0.0,0.015313931848719927,0.0,0.0,0.34523809523809523,0.0,0.0,0.5240374663630718,0.0,0.0,0.0,0.0
2497,58,1.0363793103448282,0.5517241379310288,1.132109342703595,0.6652542372881407,0.016432476763258586,0.0,0.0,0.015311455612071657,0.0,0.0,0.5344827586206896,0.0,0.0,0.5233309218685407,0.0,0.0,0.0,0.0
2498,56,0.9657142857142863,0.46428571428572496,1.130287041817242,0.6625709860609241,0.013452736318407385,0.0,0.0,0.015318693098014903,0.0,0.0,0.5178571428571429,0.0,0.0,0.5234641197728446,0.0,0.0,0.0,0.0
2499,43,1.2202325581395355,0.7209302325581379,1.1302590566621928,0.6626070801940395,0.014355677154583276,0.0,0.0,0.015304658446290195,0.0,0.0,0.6569767441860465,0.0,0.0,0.5237898647951285,0.0,0.0,0.0,0.0
2500,56,0.9092857142857148,0.5178571428571414,1.1285446492944677,0.6615511381192758,0.014203626220363084,0.0,0.0,0.015296249452062117,0.0,0.0,0.5178571428571429,0.0,0.0,0.5236121124729632,0.0,0.0,0.0,0.0
2501,59,1.251525423728814,0.7457627118643958,1.1285330727291416,0.6613517127867552,0.013770980977247318,0.0,0.0,0.015261054400476365,0.0,0.0,0.5805084745762712,0.0,0.0,0.5236601172718857,0.0,0.0,0.0,0.0
2502,49,0.741428571428572,0.7346938775509992,1.1271696171263883,0.662309592424871,0.010230920867361017,0.0,0.0,0.015263823963115703,0.0,0.0,0.22959183673469388,0.0,0.0,0.5224114862083162,0.0,0.0,0.0,0.0
2503,45,0.9642222222222225,0.5777777777777796,1.124718360621974,0.6601791782514722,0.010478145375513621,0.0,0.0,0.015216132627472881,0.0,0.0,0.4111111111111111,0.0,0.0,0.5218309133971785,0.0,0.0,0.0,0.0
2504,39,1.0143589743589747,0.461538461538438,1.1249546672161537,0.659901092107979,0.014474935967800924,0.0,0.0,0.015218574817482686,0.0,0.0,0.6025641025641025,0.0,0.0,0.5225633628683288,0.0,0.0,0.0,0.0
2505,54,1.2857407407407413,0.8518518518518612,1.1270419925895419,0.6616920543433558,0.025829613095238537,0.0,0.0,0.015282394530328727,0.0,0.0,0.5,0.0,0.0,0.5229518320296418,0.0,0.0,0.0,0.0
2506,50,1.2166000000000006,0.6599999999999976,1.1277665809768627,0.6609768637532182,0.01699162011173131,0.0,0.0,0.015268838012237359,0.0,0.0,0.525,0.0,0.0,0.5234447300771208,0.0,0.0,0.0,0.0
2507,47,0.9304255319148942,0.8085106382978906,1.1261942446043154,0.6614594039054519,0.012764156450671629,0.0,0.0,0.015260530907885676,0.0,0.0,0.3723404255319149,0.0,0.0,0.5222507708119218,0.0,0.0,0.0,0.0
2508,51,1.0143137254901966,0.7058823529411602,1.125154406484045,0.6611265004616853,0.01027612236789823,0.0,0.0,0.015223468301330013,0.0,0.0,0.4411764705882353,0.0,0.0,0.521647686467631,0.0,0.0,0.0,0.0
2509,37,1.1051351351351355,0.864864864864844,1.1233942505133456,0.661806981519512,0.014104863746120072,0.0,0.0,0.015191499759809669,0.0,0.0,0.3918918918918919,0.0,0.0,0.5198151950718686,0.0,0.0,0.0,0.0
2510,55,0.7547272727272734,0.5818181818181731,1.1206911402789157,0.6606849876948367,0.009778563015312011,0.0,0.0,0.015156530397712345,0.0,0.0,0.22272727272727272,0.0,0.0,0.5179194011484823,0.0,0.0,0.0,0.0
2511,45,1.188444444444445,0.8000000000000094,1.121321626617374,0.6606079277058992,0.01679648241206116,0.0,0.0,0.01513858349808267,0.0,0.0,0.5166666666666667,0.0,0.0,0.5185099609776135,0.0,0.0,0.0,0.0
2512,53,1.2086792452830195,0.7169811320753989,1.1221766335008705,0.6616063185967835,0.011962651727357304,0.0,0.0,0.015116377076928433,0.0,0.0,0.5943396226415094,0.0,0.0,0.5186429377372038,0.0,0.0,0.0,0.0
2513,54,1.1218518518518523,0.5555555555555562,1.122086706979603,0.6606538895152242,0.014866257668711318,0.0,0.0,0.015129931510256918,0.0,0.0,0.6111111111111112,0.0,0.0,0.5192682176898636,0.0,0.0,0.0,0.0
2514,54,1.0305555555555561,0.703703703703714,1.1223309426229493,0.6613729508196764,0.011331704337201962,0.0,0.0,0.015104667244895608,0.0,0.0,0.4305555555555556,0.0,0.0,0.5189805327868853,0.0,0.0,0.0,0.0
2515,34,1.1732352941176476,0.7058823529411762,1.122845269854298,0.6619125795198073,0.016938428874734467,0.0,0.0,0.015111750937299377,0.0,0.0,0.47058823529411764,0.0,0.0,0.5189051918735892,0.0,0.0,0.0,0.0
2516,52,1.3705769230769238,1.0000000000000135,1.1231877371065302,0.6626678970573199,0.027927115987460963,0.0,0.0,0.015137292672242893,0.0,0.0,0.5192307692307693,0.0,0.0,0.5186352917051164,0.0,0.0,0.0,0.0
2517,36,1.3327777777777785,0.8888888888888877,1.123686371100163,0.662561576354684,0.015017214397496264,0.0,0.0,0.015117566653319939,0.0,0.0,0.5069444444444444,0.0,0.0,0.5186781609195402,0.0,0.0,0.0,0.0
2518,41,0.818048780487805,0.3902439024390191,1.122673033477099,0.6609159991784803,0.009119086460032753,0.0,0.0,0.015097676641017327,0.0,0.0,0.43902439024390244,0.0,0.0,0.5187153419593346,0.0,0.0,0.0,0.0
2519,41,1.2780487804878053,0.7317073170731654,1.1239897225077071,0.6616649537512889,0.015590598036299147,0.0,0.0,0.015112106631881828,0.0,0.0,0.5609756097560976,0.0,0.0,0.5189876670092497,0.0,0.0,0.0,0.0
2520,55,1.0558181818181822,0.6181818181818136,1.1229795330659251,0.6620384654941931,0.012207273491696858,0.0,0.0,0.015088225255265304,0.0,0.0,0.5,0.0,0.0,0.5182813946312866,0.0,0.0,0.0,0.0
2521,48,1.0950000000000004,0.41666666666666935,1.1232685385169177,0.6608042785148657,0.012027459954233502,0.0,0.0,0.015059311809275666,0.0,0.0,0.6458333333333334,0.0,0.0,0.5195155816106141,0.0,0.0,0.0,0.0
2522,40,1.2267500000000007,0.6999999999999987,1.1231432688349106,0.661692054343355,0.015320012488292064,0.0,0.0,0.015053849178156886,0.0,0.0,0.5875,0.0,0.0,0.51904075751338,0.0,0.0,0.0,0.0
2523,58,1.1937931034482763,0.7586206896552184,1.1234048890714863,0.6623870172555505,0.01292514467052408,0.0,0.0,0.01502597870048802,0.0,0.0,0.5517241379310345,0.0,0.0,0.5190529991783073,0.0,0.0,0.0,0.0
2524,51,1.2235294117647062,0.6666666666666827,1.1249266591445268,0.6627346394502044,0.014630715123095349,0.0,0.0,0.015056784326647218,0.0,0.0,0.5196078431372549,0.0,0.0,0.5194122474099908,0.0,0.0,0.0,0.0
2525,43,1.2183720930232562,0.6046511627906996,1.1266913123844724,0.6630724994865518,0.012417634510547775,0.0,0.0,0.01504995747716117,0.0,0.0,0.6511627906976745,0.0,0.0,0.5208204970219757,0.0,0.0,0.0,0.0
2526,54,1.174444444444445,0.5555555555555679,1.126063840706147,0.661397926716621,0.015682492581602547,0.0,0.0,0.015035789906465251,0.0,0.0,0.5925925925925926,0.0,0.0,0.5211177255465462,0.0,0.0,0.0,0.0
2527,46,1.0447826086956524,0.5217391304347789,1.1253316221765906,0.6607802874743366,0.013228736581337164,0.0,0.0,0.015025731221828667,0.0,0.0,0.5652173913043478,0.0,0.0,0.5210215605749486,0.0,0.0,0.0,0.0
2528,51,1.2758823529411771,0.666666666666697,1.126722775325874,0.6609873755516822,0.014544032185963453,0.0,0.0,0.015030848561358957,0.0,0.0,0.6372549019607843,0.0,0.0,0.5217592117417633,0.0,0.0,0.0,0.0
2529,43,1.1097674418604655,0.41860465116281576,1.1275297496922436,0.6600328272466187,0.013178679922673632,0.0,0.0,0.015038111226496056,0.0,0.0,0.686046511627907,0.0,0.0,0.5232868280672959,0.0,0.0,0.0,0.0
2530,56,1.065178571428572,0.6785714285714534,1.1270409836065565,0.6612704918032829,0.012077343591820357,0.0,0.0,0.015029820747588749,0.0,0.0,0.4955357142857143,0.0,0.0,0.5222079918032787,0.0,0.0,0.0,0.0
2531,43,1.1916279069767448,0.9069767441860572,1.127639344262294,0.6621926229508242,0.017028913260219502,0.0,0.0,0.015047257842012683,0.0,0.0,0.4186046511627907,0.0,0.0,0.5220543032786885,0.0,0.0,0.0,0.0
2532,54,0.9937037037037042,0.4074074074074047,1.127375486780077,0.661201065792175,0.015124013528749635,0.0,0.0,0.01505335278244548,0.0,0.0,0.5231481481481481,0.0,0.0,0.521956343513015,0.0,0.0,0.0,0.0
2533,59,1.4518644067796613,0.7457627118643513,1.1293484941610317,0.6611350133169474,0.017128574285143337,0.0,0.0,0.015100922105886065,0.0,0.0,0.7415254237288136,0.0,0.0,0.5236119647613194,0.0,0.0,0.0,0.0
2534,40,1.4475000000000005,0.9999999999999915,1.1303433784337835,0.6617466174661788,0.01725268176400448,0.0,0.0,0.01512266665935288,0.0,0.0,0.55,0.0,0.0,0.5237546125461254,0.0,0.0,0.0,0.0
2535,58,1.0244827586206902,0.482758620689654,1.1303348694316429,0.6611367127496199,0.01576127320954954,0.0,0.0,0.015130029992159318,0.0,0.0,0.5689655172413793,0.0,0.0,0.5244239631336406,0.0,0.0,0.0,0.0
2536,48,0.9704166666666674,0.6249999999999889,1.1285417306707624,0.6597030209933474,0.013266875534035827,0.0,0.0,0.015101722276123327,0.0,0.0,0.4270833333333333,0.0,0.0,0.5240143369175627,0.0,0.0,0.0,0.0
2537,47,1.0689361702127667,0.46808510638297424,1.1285488829678205,0.6593564254970319,0.013189813599370008,0.0,0.0,0.015087126105773424,0.0,0.0,0.5425531914893617,0.0,0.0,0.523877843820455,0.0,0.0,0.0,0.0
2538,44,0.7965909090909093,0.34090909090909177,1.1267657002356308,0.6574121503944306,0.009483225108225087,0.0,0.0,0.015047941681899319,0.0,0.0,0.3977272727272727,0.0,0.0,0.5232558139534884,0.0,0.0,0.0,0.0
2539,48,0.9302083333333337,0.3333333333333377,1.1261835501382762,0.6562532008603951,0.011670151594354753,0.0,0.0,0.015037878736071621,0.0,0.0,0.5572916666666666,0.0,0.0,0.5236351531291611,0.0,0.0,0.0,0.0
2540,51,1.182745098039216,0.5882352941176364,1.1266659831863841,0.6556284601189293,0.014290452499407523,0.0,0.0,0.015041725921535874,0.0,0.0,0.6225490196078431,0.0,0.0,0.5241439409473037,0.0,0.0,0.0,0.0
2541,48,1.4562500000000007,0.8333333333333552,1.1285267261721545,0.656714886631788,0.020474516695958143,0.0,0.0,0.015093230257949213,0.0,0.0,0.6666666666666666,0.0,0.0,0.5246999076638966,0.0,0.0,0.0,0.0
2542,48,1.178958333333334,0.874999999999971,1.1281155856132794,0.6573419407726238,0.017947986045036182,0.0,0.0,0.015087819318057274,0.0,0.0,0.3333333333333333,0.0,0.0,0.5236448406599037,0.0,0.0,0.0,0.0
2543,49,1.2497959183673475,0.7346938775510239,1.1291506821212425,0.6577084829213291,0.017633170169881533,0.0,0.0,0.015080381006656563,0.0,0.0,0.6326530612244898,0.0,0.0,0.5245409785619037,0.0,0.0,0.0,0.0
2544,49,1.292244897959184,0.734693877551002,1.1312197621976212,0.6584665846658504,0.013705627705628082,0.0,0.0,0.015095948535637584,0.0,0.0,0.6071428571428571,0.0,0.0,0.5256252562525625,0.0,0.0,0.0,0.0
2545,50,0.9814000000000006,0.5599999999999798,1.1294913342221302,0.6558301712644887,0.01087303345889643,0.0,0.0,0.015068662017597548,0.0,0.0,0.46,0.0,0.0,0.5258947800225617,0.0,0.0,0.0,0.0
2546,49,1.178571428571429,0.40816326530611086,1.1303769333196754,0.654409505275021,0.014126712328767773,0.0,0.0,0.015064429999262923,0.0,0.0,0.6836734693877551,0.0,0.0,0.5273993649492984,0.0,0.0,0.0,0.0
2547,50,1.0250000000000006,0.7599999999999589,1.1291709366673492,0.6545398647263811,0.013706873495586977,0.0,0.0,0.015032032829557559,0.0,0.0,0.45,0.0,0.0,0.5268241442918631,0.0,0.0,0.0,0.0
2548,50,0.9716000000000006,0.8000000000000018,1.129108332479245,0.6555293635338759,0.011198709082526265,0.0,0.0,0.015021891878256378,0.0,0.0,0.32,0.0,0.0,0.5263400635441222,0.0,0.0,0.0,0.0
2549,48,1.2937500000000008,0.7291666666666868,1.1301916376306615,0.6553597048575557,0.02994214079074358,0.0,0.0,0.015069777801462965,0.0,0.0,0.5625,0.0,0.0,0.5269522443123591,0.0,0.0,0.0,0.0
2550,48,1.0445833333333339,0.6250000000000085,1.1288176784249377,0.654532403609519,0.011457952468007205,0.0,0.0,0.015043086720052518,0.0,0.0,0.484375,0.0,0.0,0.5261997538966365,0.0,0.0,0.0,0.0
2551,50,1.1848000000000005,0.4799999999999941,1.1274585125998762,0.652837533292361,0.02045580110497127,0.0,0.0,0.015050870403544556,0.0,0.0,0.65,0.0,0.0,0.5261729153861914,0.0,0.0,0.0,0.0
2552,47,1.008297872340426,0.5531914893616913,1.1268163181631807,0.6526240262402652,0.012647451294369094,0.0,0.0,0.015031715971476857,0.0,0.0,0.5425531914893617,0.0,0.0,0.526240262402624,0.0,0.0,0.0,0.0
2553,57,1.0773684210526322,0.631578947368429,1.1272070872593192,0.6527038099139725,0.011602116002267272,0.0,0.0,0.01500019762118612,0.0,0.0,0.5175438596491229,0.0,0.0,0.5268332650553053,0.0,0.0,0.0,0.0
2554,52,0.8057692307692311,0.5384615384615175,1.125057306590257,0.6525787965616073,0.008287183544303847,0.0,0.0,0.014938088929651185,0.0,0.0,0.27884615384615385,0.0,0.0,0.5247646336471551,0.0,0.0,0.0,0.0
2555,56,1.045714285714286,0.6785714285714632,1.1242536017165619,0.6526003882701572,0.011600633914422417,0.0,0.0,0.014908581695201912,0.0,0.0,0.44642857142857145,0.0,0.0,0.5239603555737202,0.0,0.0,0.0,0.0
2556,51,1.2500000000000007,0.9411764705882216,1.124057230454777,0.6533469596320928,0.015317155213839249,0.0,0.0,0.014901699912071223,0.0,0.0,0.43137254901960786,0.0,0.0,0.5231476750127747,0.0,0.0,0.0,0.0
2557,56,1.1294642857142863,0.8214285714285277,1.1232571428571418,0.6537755102040841,0.012477806273425958,0.0,0.0,0.014867852357695508,0.0,0.0,0.38392857142857145,0.0,0.0,0.5220918367346938,0.0,0.0,0.0,0.0
2558,43,0.9895348837209307,0.604651162790696,1.1220989795918357,0.6537755102040841,0.01219547148179999,0.0,0.0,0.014834209724024657,0.0,0.0,0.5232558139534884,0.0,0.0,0.5213775510204082,0.0,0.0,0.0,0.0
2559,45,1.1091111111111116,0.4888888888888952,1.122667893284268,0.6529694367780869,0.013434724091520795,0.0,0.0,0.014826865599105817,0.0,0.0,0.5111111111111111,0.0,0.0,0.5219257896350813,0.0,0.0,0.0,0.0
2560,45,1.1091111111111116,0.5333333333333403,1.1220886205485052,0.6520671305771619,0.015356923076923315,0.0,0.0,0.014825107790818928,0.0,0.0,0.5444444444444444,0.0,0.0,0.5219504707327057,0.0,0.0,0.0,0.0
2561,48,0.9735416666666671,0.7500000000000164,1.120641104294478,0.6523517382413115,0.010331638293168422,0.0,0.0,0.014778561662122517,0.0,0.0,0.3020833333333333,0.0,0.0,0.5205010224948875,0.0,0.0,0.0,0.0
2562,45,0.8922222222222227,0.6444444444444504,1.118571574642126,0.6520449897750539,0.01179148311306903,0.0,0.0,0.01476164002779712,0.0,0.0,0.3388888888888889,0.0,0.0,0.5191973415132924,0.0,0.0,0.0,0.0
2563,62,1.1587096774193555,0.7096774193548532,1.1197618804292282,0.6522227899846731,0.013343239227340329,0.0,0.0,0.014747531169116127,0.0,0.0,0.4959677419354839,0.0,0.0,0.5197751660705161,0.0,0.0,0.0,0.0
2564,46,1.0521739130434786,0.5652173913043381,1.1202759043531572,0.6531780094011881,0.015557698489231735,0.0,0.0,0.014742811497301066,0.0,0.0,0.5434782608695652,0.0,0.0,0.5199775189045576,0.0,0.0,0.0,0.0
2565,49,1.3736734693877555,0.693877551020376,1.1222250639386184,0.6539130434782634,0.013054693560900268,0.0,0.0,0.014730408580087881,0.0,0.0,0.6479591836734694,0.0,0.0,0.5208951406649617,0.0,0.0,0.0,0.0
2566,44,0.7340909090909093,0.3863636363636107,1.12035487829822,0.6532010636121931,0.007860793380384794,0.0,0.0,0.014705101427175432,0.0,0.0,0.39204545454545453,0.0,0.0,0.5199427285743505,0.0,0.0,0.0,0.0
2567,53,1.123962264150944,0.5660377358490535,1.1196922919648329,0.6519116745041937,0.012628789484842712,0.0,0.0,0.01468274693484694,0.0,0.0,0.5,0.0,0.0,0.5195256593743611,0.0,0.0,0.0,0.0
2568,46,1.160652173913044,0.6521739130434714,1.1198517382413082,0.6512269938650331,0.013401104417670576,0.0,0.0,0.01467300362398938,0.0,0.0,0.5217391304347826,0.0,0.0,0.5195807770961145,0.0,0.0,0.0,0.0
2569,47,1.2565957446808516,0.6808510638297803,1.1209575447570326,0.6515601023017927,0.012531296414173724,0.0,0.0,0.014643689067375907,0.0,0.0,0.5957446808510638,0.0,0.0,0.5201790281329923,0.0,0.0,0.0,0.0
2570,38,1.242631578947369,0.7368421052631904,1.122362220856381,0.6529399713173555,0.016361746361747333,0.0,0.0,0.014648765219995585,0.0,0.0,0.5394736842105263,0.0,0.0,0.5202059004302397,0.0,0.0,0.0,0.0
2571,52,1.3061538461538467,0.769230769230744,1.1223937749564852,0.6531176410361446,0.015150568815525211,0.0,0.0,0.014623618333115498,0.0,0.0,0.5673076923076923,0.0,0.0,0.5201187672775673,0.0,0.0,0.0,0.0
2572,45,0.8073333333333339,0.3555555555555609,1.1213754227733927,0.6521471763861869,0.014726388325901944,0.0,0.0,0.014614965390297573,0.0,0.0,0.4722222222222222,0.0,0.0,0.5199856513272523,0.0,0.0,0.0,0.0
2573,34,0.9082352941176474,0.47058823529411964,1.12025046191747,0.651508930404437,0.01351422319474868,0.0,0.0,0.014606402015067547,0.0,0.0,0.38235294117647056,0.0,0.0,0.5193235475261754,0.0,0.0,0.0,0.0
2574,42,1.180238095238096,0.6666666666666569,1.1201262444832178,0.6504156830545033,0.014859112709831111,0.0,0.0,0.014587265837504802,0.0,0.0,0.5714285714285714,0.0,0.0,0.5200656881863902,0.0,0.0,0.0,0.0
2575,41,1.1824390243902443,0.5853658536585369,1.1201489930127406,0.64991779695849,0.016334231805929904,0.0,0.0,0.014592606573659888,0.0,0.0,0.6280487804878049,0.0,0.0,0.5202168105219893,0.0,0.0,0.0,0.0
2576,54,0.9829629629629636,0.6296296296296071,1.1188254000820672,0.64905621665983,0.013102937546284612,0.0,0.0,0.014573555881303633,0.0,0.0,0.42592592592592593,0.0,0.0,0.5196707016823964,0.0,0.0,0.0,0.0
2577,53,1.5326415094339627,0.8679245283018606,1.1205868472350455,0.6499435723812477,0.017782399299473804,0.0,0.0,0.01457231751182081,0.0,0.0,0.6981132075471698,0.0,0.0,0.5202113470811531,0.0,0.0,0.0,0.0
2578,42,1.392380952380953,0.7142857142857222,1.1211573645801203,0.649912632336316,0.030363447559709374,0.0,0.0,0.014594559155668346,0.0,0.0,0.6726190476190477,0.0,0.0,0.5206855791962175,0.0,0.0,0.0,0.0
2579,46,1.1971739130434789,0.7173913043478406,1.1218590797041896,0.6507806080525904,0.019521446295640458,0.0,0.0,0.014621713520749709,0.0,0.0,0.4891304347826087,0.0,0.0,0.5205166392769104,0.0,0.0,0.0,0.0
2580,43,0.9941860465116286,0.5581395348837089,1.1213764391447358,0.6506990131578965,0.012423714036618872,0.0,0.0,0.014602866291491138,0.0,0.0,0.45348837209302323,0.0,0.0,0.5198653371710527,0.0,0.0,0.0,0.0
2581,47,0.9461702127659577,0.7021276595744647,1.1202014388489197,0.6512846865364869,0.010623506927854551,0.0,0.0,0.01456821541513076,0.0,0.0,0.3776595744680851,0.0,0.0,0.5185765673175745,0.0,0.0,0.0,0.0
2582,36,1.478333333333334,0.8333333333333471,1.1218188361093964,0.6525807114949639,0.022989200863930716,0.0,0.0,0.014593492400845906,0.0,0.0,0.6944444444444444,0.0,0.0,0.5189183631503187,0.0,0.0,0.0,0.0
2583,56,1.0250000000000004,0.6785714285713614,1.1216575835475566,0.6523393316195387,0.011145631067960854,0.0,0.0,0.014569374731201522,0.0,0.0,0.5,0.0,0.0,0.5194344473007713,0.0,0.0,0.0,0.0
2584,50,1.2132000000000005,0.7600000000000038,1.1209584533113932,0.6517893870835062,0.015842256463829384,0.0,0.0,0.014547216194357981,0.0,0.0,0.555,0.0,0.0,0.5195649938296997,0.0,0.0,0.0,0.0
2585,40,0.8560000000000008,0.5500000000000047,1.1209040419623562,0.6524735164044034,0.01597760149323332,0.0,0.0,0.014549771511495243,0.0,0.0,0.4,0.0,0.0,0.5190527614933662,0.0,0.0,0.0,0.0
2586,49,1.0659183673469392,0.5306122448979625,1.11969045660222,0.6517893870835062,0.012243319268635823,0.0,0.0,0.014521322779196762,0.0,0.0,0.6122448979591837,0.0,0.0,0.5187937062937062,0.0,0.0,0.0,0.0
2587,44,1.0315909090909094,0.5000000000000049,1.1178087403598957,0.6500771208226234,0.012462932454695269,0.0,0.0,0.014480197887916855,0.0,0.0,0.5681818181818182,0.0,0.0,0.5186375321336761,0.0,0.0,0.0,0.0
2588,46,0.9691304347826093,0.6521739130434859,1.1156290505092057,0.6497273943009991,0.01393560487652481,0.0,0.0,0.0144622768321501,0.0,0.0,0.29347826086956524,0.0,0.0,0.5166906696841889,0.0,0.0,0.0,0.0
2589,46,1.0954347826086959,0.6956521739130652,1.1152263840296344,0.6497221650545394,0.013271003423755643,0.0,0.0,0.014448106095449173,0.0,0.0,0.5543478260869565,0.0,0.0,0.516721547643548,0.0,0.0,0.0,0.0
2590,59,0.8913559322033904,0.6101694915254293,1.1145720743861078,0.6501592520291805,0.013226861167001652,0.0,0.0,0.014456636606782394,0.0,0.0,0.2966101694915254,0.0,0.0,0.5156169731840131,0.0,0.0,0.0,0.0
2591,51,0.9949019607843141,0.4509803921568709,1.1132227244709254,0.6489623998356291,0.012402835492544971,0.0,0.0,0.01440947164477216,0.0,0.0,0.45098039215686275,0.0,0.0,0.514793507294021,0.0,0.0,0.0,0.0
2592,40,1.2350000000000005,0.6999999999999875,1.1132305161422975,0.6481595722804866,0.014794848757113201,0.0,0.0,0.014405947971218185,0.0,0.0,0.5625,0.0,0.0,0.5148570841044623,0.0,0.0,0.0,0.0
2593,56,1.0817857142857148,0.6071428571428203,1.1140972150858068,0.6488541773712889,0.012099061314159729,0.0,0.0,0.01441648071956879,0.0,0.0,0.48214285714285715,0.0,0.0,0.5151577432946254,0.0,0.0,0.0,0.0
2594,52,1.4580769230769235,0.9999999999999917,1.11717996098963,0.65147315470691,0.01709968425800689,0.0,0.0,0.014444125895752355,0.0,0.0,0.6009615384615384,0.0,0.0,0.5165280771994661,0.0,0.0,0.0,0.0
2595,54,1.2325925925925931,0.7777777777777812,1.1167931708320462,0.6522678185745152,0.014164715896999084,0.0,0.0,0.014435819339880453,0.0,0.0,0.5185185185185185,0.0,0.0,0.5158387329013678,0.0,0.0,0.0,0.0
2596,47,1.1008510638297877,0.851063829787242,1.1167822240510221,0.6542536776051858,0.01749154834347564,0.0,0.0,0.014446998015844042,0.0,0.0,0.4148936170212766,0.0,0.0,0.5147104207386072,0.0,0.0,0.0,0.0
2597,40,1.4225000000000008,0.49999999999999034,1.1167109326744888,0.6526662548898509,0.016151007663922735,0.0,0.0,0.014441265665728632,0.0,0.0,0.8625,0.0,0.0,0.5158019353510397,0.0,0.0,0.0,0.0
2598,48,0.9668750000000005,0.5000000000000009,1.1143916761100219,0.6506644689399408,0.013534558180227493,0.0,0.0,0.014420085261583568,0.0,0.0,0.5520833333333334,0.0,0.0,0.5157103121458742,0.0,0.0,0.0,0.0
2599,55,0.8801818181818186,0.36363636363636487,1.112222679140535,0.6482985504266482,0.013034464189553239,0.0,0.0,0.014407094754308444,0.0,0.0,0.4909090909090909,0.0,0.0,0.5154209931119564,0.0,0.0,0.0,0.0
2600,47,1.07936170212766,0.12765957446809115,1.1109239633707155,0.643687622183353,0.011078838174273657,0.0,0.0,0.014372905046525004,0.0,0.0,0.7659574468085106,0.0,0.0,0.5167712727646877,0.0,0.0,0.0,0.0
2601,46,1.0886956521739137,0.652173913043502,1.1115877752623982,0.6445770734719086,0.01713308244953755,0.0,0.0,0.014376166971204902,0.0,0.0,0.43478260869565216,0.0,0.0,0.5166186458118954,0.0,0.0,0.0,0.0
2602,48,1.2485416666666675,0.6458333333333343,1.1129740580605296,0.6448424953675117,0.02318375241779494,0.0,0.0,0.014414067655830722,0.0,0.0,0.5833333333333334,0.0,0.0,0.5174490426189006,0.0,0.0,0.0,0.0
2603,55,1.3012727272727276,0.6545454545454821,1.1142368692070015,0.6459320288362523,0.014531979695431595,0.0,0.0,0.014414448502031153,0.0,0.0,0.6545454545454545,0.0,0.0,0.5177651905252317,0.0,0.0,0.0,0.0
2604,49,0.98795918367347,0.6938775510204295,1.1122177585496482,0.6456530696332933,0.013780244805010257,0.0,0.0,0.014403998335138782,0.0,0.0,0.32653061224489793,0.0,0.0,0.5161207251751133,0.0,0.0,0.0,0.0
2605,47,1.1361702127659579,0.7234042553191575,1.11145610057708,0.6454039571310809,0.01555944055944077,0.0,0.0,0.014389067288181116,0.0,0.0,0.5425531914893617,0.0,0.0,0.5158697444352844,0.0,0.0,0.0,0.0
2606,47,0.9978723404255325,0.3404255319149084,1.109642046626778,0.6431813492882203,0.01318897637795197,0.0,0.0,0.014360951943564869,0.0,0.0,0.5851063829787234,0.0,0.0,0.5156282236434908,0.0,0.0,0.0,0.0
2607,46,1.361956521739131,0.7826086956521714,1.1106749226006178,0.6418988648090824,0.016247406639004085,0.0,0.0,0.014363498293720404,0.0,0.0,0.6467391304347826,0.0,0.0,0.5172084623323013,0.0,0.0,0.0,0.0
2608,48,1.142083333333334,0.8333333333333468,1.1094232356582736,0.6423854725546853,0.017649710238248552,0.0,0.0,0.014370256425334418,0.0,0.0,0.4635416666666667,0.0,0.0,0.5158893933140735,0.0,0.0,0.0,0.0
2609,49,0.9434693877551026,0.5714285714285499,1.1082918516988525,0.6425694516162355,0.011875160544567331,0.0,0.0,0.0143470838157322,0.0,0.0,0.3979591836734694,0.0,0.0,0.5148972425901064,0.0,0.0,0.0,0.0
2610,46,1.4147826086956528,0.7173913043478314,1.1117696919578237,0.6436841017159403,0.022996466431095094,0.0,0.0,0.014406867978412391,0.0,0.0,0.6521739130434783,0.0,0.0,0.5167717593549721,0.0,0.0,0.0,0.0
2611,56,1.3825000000000005,0.7500000000000207,1.1143307167940495,0.6453212146250781,0.014899923017705515,0.0,0.0,0.014415365950771943,0.0,0.0,0.6696428571428571,0.0,0.0,0.5178423879363768,0.0,0.0,0.0,0.0
2612,40,1.1765000000000003,0.6000000000000186,1.1151408232745266,0.6454142164448577,0.016127484578478353,0.0,0.0,0.014427064911421395,0.0,0.0,0.5375,0.0,0.0,0.5183121840503456,0.0,0.0,0.0,0.0
2613,44,1.4222727272727282,0.8636363636363424,1.1166721717588757,0.6459537572254341,0.023704545454545277,0.0,0.0,0.014473540213123264,0.0,0.0,0.6022727272727273,0.0,0.0,0.5191215937241949,0.0,0.0,0.0,0.0
2614,49,1.2087755102040822,0.6530612244897773,1.1161357540746841,0.6450381679389318,0.021514711224118684,0.0,0.0,0.014502322152598664,0.0,0.0,0.6122448979591837,0.0,0.0,0.519419228388694,0.0,0.0,0.0,0.0
2615,54,1.097407407407408,0.6666666666666542,1.1176322573991944,0.6458698566566983,0.020108585001696027,0.0,0.0,0.014549076727904961,0.0,0.0,0.48148148148148145,0.0,0.0,0.5199804063112303,0.0,0.0,0.0,0.0
2616,40,1.0012500000000004,0.6499999999999814,1.1173206185566997,0.6462886597938147,0.01159525188187608,0.0,0.0,0.014540325956295945,0.0,0.0,0.4375,0.0,0.0,0.5193556701030928,0.0,0.0,0.0,0.0
2617,44,1.0584090909090913,0.6363636363636214,1.1165839340885673,0.6462409886714727,0.016426807760140997,0.0,0.0,0.014545153305921002,0.0,0.0,0.45454545454545453,0.0,0.0,0.5187693099897014,0.0,0.0,0.0,0.0
2618,46,1.3091304347826092,0.6521739130434662,1.1168720379146908,0.6471254893880073,0.014243140964995267,0.0,0.0,0.01454447388723046,0.0,0.0,0.6739130434782609,0.0,0.0,0.5187255305996291,0.0,0.0,0.0,0.0
2619,49,0.9755102040816331,0.6734693877551116,1.1153545660688506,0.6466707895279322,0.010395824271422698,0.0,0.0,0.014504209384897741,0.0,0.0,0.39285714285714285,0.0,0.0,0.5178571428571429,0.0,0.0,0.0,0.0
2620,47,1.4344680851063836,0.914893617021282,1.1170842354881936,0.6477987421383646,0.02219223173140246,0.0,0.0,0.014544844343612036,0.0,0.0,0.648936170212766,0.0,0.0,0.5188163728219404,0.0,0.0,0.0,0.0
2621,44,1.270681818181819,0.6818181818181757,1.1185659715052645,0.6494941152178398,0.022453815261044004,0.0,0.0,0.0145876008967101,0.0,0.0,0.625,0.0,0.0,0.5189964897790625,0.0,0.0,0.0,0.0
2622,47,1.4646808510638307,0.8297872340425806,1.1210748243075643,0.6500620090946669,0.023902777777777696,0.0,0.0,0.014621762426284808,0.0,0.0,0.6436170212765957,0.0,0.0,0.52074720959074,0.0,0.0,0.0,0.0
2623,48,1.0810416666666673,0.5000000000000046,1.1210900817044152,0.6492915503154408,0.012126665108670519,0.0,0.0,0.014599792043789387,0.0,0.0,0.5416666666666666,0.0,0.0,0.5210724997414418,0.0,0.0,0.0,0.0
2624,41,1.0502439024390249,0.8292682926829268,1.1217653145695354,0.6509726821192049,0.013220755296284765,0.0,0.0,0.0146076221249945,0.0,0.0,0.32926829268292684,0.0,0.0,0.5202814569536424,0.0,0.0,0.0,0.0
2625,46,0.6900000000000002,0.26086956521738613,1.1211450460710208,0.650688477068019,0.008596966413867842,0.0,0.0,0.014594606979013422,0.0,0.0,0.3804347826086957,0.0,0.0,0.5198519515477793,0.0,0.0,0.0,0.0
2626,56,1.1680357142857147,0.7499999999999833,1.1204255980118039,0.6506161333747538,0.015883924235064965,0.0,0.0,0.014569674200650444,0.0,0.0,0.44642857142857145,0.0,0.0,0.5191312001656829,0.0,0.0,0.0,0.0
2627,53,1.0028301886792457,0.5094339622641533,1.119238252949699,0.6493479610846613,0.011054492512479601,0.0,0.0,0.014501820424967038,0.0,0.0,0.5330188679245284,0.0,0.0,0.5192247981784309,0.0,0.0,0.0,0.0
2628,45,1.0682222222222226,0.6444444444444212,1.1189674813587398,0.6486122618061307,0.015833333333332703,0.0,0.0,0.014535583743984908,0.0,0.0,0.4777777777777778,0.0,0.0,0.5191849627174814,0.0,0.0,0.0,0.0
2629,45,1.2535555555555562,0.6666666666666534,1.1203399315991285,0.6487718934604619,0.023681780016792935,0.0,0.0,0.014560255804149333,0.0,0.0,0.5555555555555556,0.0,0.0,0.5201575292776454,0.0,0.0,0.0,0.0
2630,55,1.1225454545454552,0.6363636363636369,1.1191476801988394,0.6477837613918801,0.014301598332175466,0.0,0.0,0.014537396516886942,0.0,0.0,0.5363636363636364,0.0,0.0,0.5199875724937862,0.0,0.0,0.0,0.0
2631,49,0.9369387755102045,0.5306122448979615,1.1187453416149058,0.6477225672877842,0.014505529225907731,0.0,0.0,0.014538913874355824,0.0,0.0,0.40816326530612246,0.0,0.0,0.5196428571428572,0.0,0.0,0.0,0.0
2632,48,1.0675000000000006,0.6666666666666661,1.1193606217616572,0.6488082901554401,0.015485040797825575,0.0,0.0,0.014554015217148261,0.0,0.0,0.53125,0.0,0.0,0.5197927461139896,0.0,0.0,0.0,0.0
2633,44,1.239545454545455,0.7727272727273046,1.1190295183842558,0.6490937338166751,0.011784788245463154,0.0,0.0,0.014524489052419669,0.0,0.0,0.5227272727272727,0.0,0.0,0.5191869497669601,0.0,0.0,0.0,0.0
2634,40,1.2720000000000002,0.5249999999999801,1.119761658031087,0.6489119170984454,0.015636140135218028,0.0,0.0,0.014532052497589423,0.0,0.0,0.7875,0.0,0.0,0.5201295336787565,0.0,0.0,0.0,0.0
2635,53,1.3501886792452833,0.9056603773585354,1.1207435021228116,0.6492699596147873,0.013509533698320903,0.0,0.0,0.014506864040790247,0.0,0.0,0.5377358490566038,0.0,0.0,0.52037382209796,0.0,0.0,0.0,0.0
2636,52,1.0638461538461543,0.7115384615385084,1.118501449875724,0.6484051367025688,0.011259922654183064,0.0,0.0,0.014461902472794249,0.0,0.0,0.4182692307692308,0.0,0.0,0.5191072908036454,0.0,0.0,0.0,0.0
2637,52,1.1507692307692314,0.34615384615384925,1.1195928726820668,0.6461203770848447,0.01667316801337423,0.0,0.0,0.014473047749649212,0.0,0.0,0.6875,0.0,0.0,0.5211851237957111,0.0,0.0,0.0,0.0
2638,58,1.2544827586206901,0.6551724137930858,1.119439329678286,0.6460122064756393,0.018844858844859695,0.0,0.0,0.014482179014154892,0.0,0.0,0.6379310344827587,0.0,0.0,0.5212061653046447,0.0,0.0,0.0,0.0
2639,50,1.1450000000000005,0.6400000000000161,1.1177866307947009,0.6447640728476826,0.0179974850675894,0.0,0.0,0.014472017319868358,0.0,0.0,0.5,0.0,0.0,0.5201779801324503,0.0,0.0,0.0,0.0
2640,58,1.2110344827586212,0.5862068965517239,1.1183727657815878,0.6445913834073771,0.01176549413735339,0.0,0.0,0.014448211380269135,0.0,0.0,0.5517241379310345,0.0,0.0,0.5203275131728484,0.0,0.0,0.0,0.0
2641,51,0.9821568627450986,0.5490196078431437,1.117596282911718,0.644398554465669,0.015440813810110076,0.0,0.0,0.014446223987529032,0.0,0.0,0.4411764705882353,0.0,0.0,0.5196954052658751,0.0,0.0,0.0,0.0
2642,53,1.1505660377358493,0.7358490566037921,1.116892853459832,0.6453542332680214,0.012217992386295494,0.0,0.0,0.014422411611958256,0.0,0.0,0.47641509433962265,0.0,0.0,0.5185624419923688,0.0,0.0,0.0,0.0
2643,50,1.1198000000000006,0.6599999999999774,1.1163873428159135,0.6449185734900023,0.014004502251124994,0.0,0.0,0.014424796203885412,0.0,0.0,0.495,0.0,0.0,0.5180375180375181,0.0,0.0,0.0,0.0
2644,53,0.8756603773584912,0.5660377358490559,1.114136546184738,0.6445268252497169,0.015236375574523174,0.0,0.0,0.014421821119181522,0.0,0.0,0.3584905660377358,0.0,0.0,0.5162702090412934,0.0,0.0,0.0,0.0
2645,51,1.2501960784313733,0.7450980392156911,1.1151257472686034,0.6455370026798598,0.016591204787926965,0.0,0.0,0.01441736595012607,0.0,0.0,0.5588235294117647,0.0,0.0,0.5166718202432489,0.0,0.0,0.0,0.0
2646,31,1.098387096774194,0.6451612903225943,1.1151078542677253,0.6457838786252452,0.01816969050160032,0.0,0.0,0.014418875906661492,0.0,0.0,0.5806451612903226,0.0,0.0,0.5167457941996078,0.0,0.0,0.0,0.0
2647,41,1.1656097560975616,0.68292682926826,1.116628760467279,0.6451979737413419,0.010035699286014237,0.0,0.0,0.014396139579704207,0.0,0.0,0.5060975609756098,0.0,0.0,0.5180915951617906,0.0,0.0,0.0,0.0
2648,57,1.1068421052631585,0.6315789473684214,1.117350392075938,0.6453776310359058,0.01442386831275741,0.0,0.0,0.014415850652013085,0.0,0.0,0.5350877192982456,0.0,0.0,0.5186751960379694,0.0,0.0,0.0,0.0
2649,54,0.9983333333333338,0.7777777777777863,1.1154697329070837,0.6450448592348147,0.01318415260454888,0.0,0.0,0.014393090811833672,0.0,0.0,0.37962962962962965,0.0,0.0,0.5174796328761473,0.0,0.0,0.0,0.0
2650,51,1.240196078431373,0.6470588235294054,1.116379665910496,0.6438440915652709,0.016268004115225807,0.0,0.0,0.01439769618775199,0.0,0.0,0.5686274509803921,0.0,0.0,0.5183800783666735,0.0,0.0,0.0,0.0
2651,51,1.586274509803922,1.0980392156863092,1.1196526847366783,0.6474286303205193,0.017234767788666523,0.0,0.0,0.014429487503021714,0.0,0.0,0.6372549019607843,0.0,0.0,0.5187313202102443,0.0,0.0,0.0,0.0
2652,61,1.080819672131148,0.7540983606557403,1.1204030433888537,0.6491877441908286,0.01437322868977556,0.0,0.0,0.014438041987691278,0.0,0.0,0.4344262295081967,0.0,0.0,0.5184813900884228,0.0,0.0,0.0,0.0
2653,50,1.0676000000000003,0.7200000000000262,1.1215947390053422,0.6496095355528154,0.009050525601898922,0.0,0.0,0.014406844312222979,0.0,0.0,0.42,0.0,0.0,0.518932387998356,0.0,0.0,0.0,0.0
2654,44,1.198863636363637,0.636363636363665,1.1224263645726045,0.6490216271884655,0.02001138088012207,0.0,0.0,0.0144197061749826,0.0,0.0,0.5568181818181818,0.0,0.0,0.5200823892893924,0.0,0.0,0.0,0.0
2655,52,1.2548076923076932,0.903846153846151,1.1224151409175056,0.6505862991154082,0.016573533147065972,0.0,0.0,0.014422612800985526,0.0,0.0,0.40384615384615385,0.0,0.0,0.518977576630323,0.0,0.0,0.0,0.0
2656,47,1.132553191489362,0.7234042553191453,1.1222779207411209,0.6506433350488934,0.014093195657929103,0.0,0.0,0.014411171075432183,0.0,0.0,0.5425531914893617,0.0,0.0,0.5188368502316006,0.0,0.0,0.0,0.0
2657,44,1.1759090909090917,0.6818181818181913,1.1228087341641766,0.650839427335462,0.017281229124916836,0.0,0.0,0.014426950440960115,0.0,0.0,0.5909090909090909,0.0,0.0,0.5190802348336595,0.0,0.0,0.0,0.0
2658,48,1.2789583333333339,0.7291666666666666,1.1225713696794795,0.6510357621354219,0.0164320128479669,0.0,0.0,0.01439871351182725,0.0,0.0,0.625,0.0,0.0,0.5188859115737401,0.0,0.0,0.0,0.0
2659,51,1.1843137254901965,0.8627450980392453,1.1240189612530904,0.6534418796372631,0.012691741962597588,0.0,0.0,0.014410480464729833,0.0,0.0,0.45098039215686275,0.0,0.0,0.5185748145094806,0.0,0.0,0.0,0.0
2660,49,0.9977551020408166,0.5510204081632624,1.1238908940909549,0.653397958131381,0.010210944026733686,0.0,0.0,0.01438631854489012,0.0,0.0,0.5102040816326531,0.0,0.0,0.518871816025575,0.0,0.0,0.0,0.0
2661,51,1.1860784313725496,0.7647058823529324,1.1234801898472957,0.6536318613289314,0.01455135915323461,0.0,0.0,0.014374177417715435,0.0,0.0,0.4264705882352941,0.0,0.0,0.5179787453569955,0.0,0.0,0.0,0.0
2662,46,1.0593478260869569,0.5869565217391218,1.123398389095414,0.6544816191656341,0.012364882009642805,0.0,0.0,0.014338401884198817,0.0,0.0,0.43478260869565216,0.0,0.0,0.5169351507641471,0.0,0.0,0.0,0.0
2663,41,1.1639024390243908,0.6341463414634325,1.1249204052098396,0.6559851147405419,0.01571287454724967,0.0,0.0,0.01435170275534743,0.0,0.0,0.6707317073170732,0.0,0.0,0.5177279305354558,0.0,0.0,0.0,0.0
2664,55,1.2290909090909101,0.8545454545454574,1.1250185950413214,0.656301652892562,0.015269934492884173,0.0,0.0,0.014368110446591557,0.0,0.0,0.5,0.0,0.0,0.5177685950413223,0.0,0.0,0.0,0.0
2665,47,0.8734042553191492,0.6595744680851183,1.1247299390684695,0.6574408757616444,0.00996359223300961,0.0,0.0,0.014348449316223616,0.0,0.0,0.3404255319148936,0.0,0.0,0.5167561706082826,0.0,0.0,0.0,0.0
2666,47,1.022553191489362,0.5106382978723489,1.1243165616282664,0.6570926748631061,0.01071810883140029,0.0,0.0,0.014330510405240143,0.0,0.0,0.574468085106383,0.0,0.0,0.5169697282777146,0.0,0.0,0.0,0.0
2667,58,0.8662068965517246,0.7413793103448408,1.1228441692466453,0.6574819401444792,0.0096282100421619,0.0,0.0,0.014284949045907326,0.0,0.0,0.3103448275862069,0.0,0.0,0.5159442724458204,0.0,0.0,0.0,0.0
2668,50,1.0698000000000005,0.6399999999999728,1.1250030959752315,0.6583075335397318,0.013081438004402627,0.0,0.0,0.014307268288841709,0.0,0.0,0.465,0.0,0.0,0.5172084623323013,0.0,0.0,0.0,0.0
2669,51,1.3903921568627455,0.8823529411764474,1.1270937435473873,0.6601280198224243,0.016919589596754468,0.0,0.0,0.014336312122863643,0.0,0.0,0.6274509803921569,0.0,0.0,0.5177575882717323,0.0,0.0,0.0,0.0
2670,46,1.1569565217391307,0.5217391304347774,1.12604334365325,0.6585139318885452,0.011663379355686553,0.0,0.0,0.01429655562776468,0.0,0.0,0.6304347826086957,0.0,0.0,0.5177502579979361,0.0,0.0,0.0,0.0
2671,40,1.3347500000000003,0.6999999999999511,1.1260648961454989,0.6581585202025423,0.015289232531501183,0.0,0.0,0.014292142877753385,0.0,0.0,0.7125,0.0,0.0,0.5182649581481864,0.0,0.0,0.0,0.0
2672,50,1.3764000000000007,0.6800000000000017,1.1290527838033255,0.6591261233343665,0.014879999999999744,0.0,0.0,0.014303739656957167,0.0,0.0,0.755,0.0,0.0,0.5202974899287264,0.0,0.0,0.0,0.0
2673,49,1.202040816326531,0.6530612244897813,1.1286738906088745,0.6591331269349846,0.012691230338289922,0.0,0.0,0.014267385720417042,0.0,0.0,0.5612244897959183,0.0,0.0,0.5198142414860681,0.0,0.0,0.0,0.0
2674,45,1.242444444444445,0.7999999999999617,1.1287570971404968,0.6599566429235056,0.01801804705124094,0.0,0.0,0.014257584667802891,0.0,0.0,0.4666666666666667,0.0,0.0,0.5191235676680087,0.0,0.0,0.0,0.0
2675,63,1.100476190476191,0.571428571428557,1.1285137785117136,0.6598204149034986,0.011185866408518623,0.0,0.0,0.014219500205473454,0.0,0.0,0.5198412698412699,0.0,0.0,0.5193002373825988,0.0,0.0,0.0,0.0
2676,58,1.3610344827586214,0.8275862068965316,1.1300196017744757,0.6601671309192196,0.020482615464452597,0.0,0.0,0.014255271244080036,0.0,0.0,0.5344827586206896,0.0,0.0,0.5196791499019912,0.0,0.0,0.0,0.0
2677,43,0.95093023255814,0.6046511627906792,1.1297111317445572,0.6594449602806144,0.009946485040135646,0.0,0.0,0.014251602449388686,0.0,0.0,0.38372093023255816,0.0,0.0,0.5197823171360776,0.0,0.0,0.0,0.0
2678,55,0.9589090909090914,0.5818181818182053,1.1294288659793805,0.6595876288659791,0.011388469013172106,0.0,0.0,0.01422973662779149,0.0,0.0,0.4636363636363636,0.0,0.0,0.519458762886598,0.0,0.0,0.0,0.0
2679,65,1.0732307692307697,0.6615384615384493,1.1290431114312165,0.6592242000205779,0.012952098031934424,0.0,0.0,0.014230762247629371,0.0,0.0,0.5230769230769231,0.0,0.0,0.5196265047844428,0.0,0.0,0.0,0.0
2680,51,0.9654901960784318,0.627450980392123,1.1291100123609386,0.6597651421508031,0.012306923269182632,0.0,0.0,0.014235085263244065,0.0,0.0,0.4803921568627451,0.0,0.0,0.5196229913473424,0.0,0.0,0.0,0.0
2681,49,1.2767346938775515,0.5102040816326655,1.128353244078269,0.6582904222451079,0.013602957164601004,0.0,0.0,0.014216566840367938,0.0,0.0,0.6938775510204082,0.0,0.0,0.5195417095777549,0.0,0.0,0.0,0.0
2682,47,1.00468085106383,0.6595744680851441,1.127208727871551,0.6577809798270894,0.01106113843991546,0.0,0.0,0.014178065344653093,0.0,0.0,0.46808510638297873,0.0,0.0,0.5190664882667765,0.0,0.0,0.0,0.0
2683,40,0.7095000000000002,0.3249999999999991,1.1258143841959039,0.6560345714579691,0.009289689034369898,0.0,0.0,0.014157678313571084,0.0,0.0,0.425,0.0,0.0,0.5192149398086223,0.0,0.0,0.0,0.0
2684,47,1.623829787234043,1.0212765957447365,1.1279313534066377,0.6572808549994865,0.021486486486486968,0.0,0.0,0.014184909527729758,0.0,0.0,0.6436170212765957,0.0,0.0,0.519730757373343,0.0,0.0,0.0,0.0
2685,42,1.150476190476191,0.6190476190476131,1.1265027266179637,0.6564461364337899,0.013256515775034715,0.0,0.0,0.014173908878241562,0.0,0.0,0.5773809523809523,0.0,0.0,0.5195750591624653,0.0,0.0,0.0,0.0
2686,50,1.0314000000000005,0.5199999999999649,1.1258275897541394,0.6557967287316122,0.014613204873901468,0.0,0.0,0.014186603304970983,0.0,0.0,0.58,0.0,0.0,0.5191595514864726,0.0,0.0,0.0,0.0
2687,36,1.2997222222222227,0.6111111111111005,1.1265966429821843,0.6552363299351253,0.015529372718221099,0.0,0.0,0.014180844858650189,0.0,0.0,0.7013888888888888,0.0,0.0,0.5204922253115024,0.0,0.0,0.0,0.0
2688,56,1.0666071428571435,0.6607142857142989,1.1262046952224045,0.6564044481054369,0.010708139117962966,0.0,0.0,0.014151891822652746,0.0,0.0,0.5267857142857143,0.0,0.0,0.5193574958813838,0.0,0.0,0.0,0.0
2689,48,1.299791666666667,0.7916666666666085,1.1260788146928686,0.6564461364337894,0.012187927329556144,0.0,0.0,0.01412330384622834,0.0,0.0,0.5833333333333334,0.0,0.0,0.5190348801317007,0.0,0.0,0.0,0.0
2690,68,1.072352941176471,0.6470588235294439,1.1258226287123618,0.655431096495735,0.010903110047846606,0.0,0.0,0.014109666492797334,0.0,0.0,0.5073529411764706,0.0,0.0,0.5191141712054259,0.0,0.0,0.0,0.0
2691,49,1.0691836734693883,0.48979591836735076,1.126524108152564,0.6554950138788936,0.012186555012793721,0.0,0.0,0.014093595457205546,0.0,0.0,0.4897959183673469,0.0,0.0,0.519122031458826,0.0,0.0,0.0,0.0
2692,40,1.1095000000000002,0.45000000000000934,1.126803869108869,0.6550730603004731,0.014593883590923994,0.0,0.0,0.014104624008676405,0.0,0.0,0.65,0.0,0.0,0.5196285243877341,0.0,0.0,0.0,0.0
2693,39,1.2833333333333339,0.8974358974359657,1.1289850746268646,0.6570252187339166,0.011416514598540822,0.0,0.0,0.014090539452030544,0.0,0.0,0.46153846153846156,0.0,0.0,0.5202521873391662,0.0,0.0,0.0,0.0
2694,51,1.1190196078431378,0.3921568627450838,1.1290905349794227,0.6558641975308641,0.01377504223992292,0.0,0.0,0.014077875765641575,0.0,0.0,0.6274509803921569,0.0,0.0,0.5208076131687243,0.0,0.0,0.0,0.0
2695,44,1.0109090909090914,0.5681818181818289,1.1279952635914319,0.6548599670510705,0.012008639308855847,0.0,0.0,0.01407503195924638,0.0,0.0,0.44886363636363635,0.0,0.0,0.5205158566721582,0.0,0.0,0.0,0.0
2696,58,1.0127586206896555,0.8448275862069504,1.127511307565788,0.6553248355263157,0.01035248501938749,0.0,0.0,0.014059872609832089,0.0,0.0,0.3017241379310345,0.0,0.0,0.5199681332236842,0.0,0.0,0.0,0.0
2697,62,0.9520967741935491,0.5483870967741874,1.1269369091656376,0.6552609946568023,0.015296708991966433,0.0,0.0,0.014054866952701745,0.0,0.0,0.4153225806451613,0.0,0.0,0.5192149609535552,0.0,0.0,0.0,0.0
2698,55,1.1409090909090913,0.5818181818182059,1.1279436851299958,0.6559449183023328,0.01732946699806614,0.0,0.0,0.014073173702599657,0.0,0.0,0.5181818181818182,0.0,0.0,0.5192169355667454,0.0,0.0,0.0,0.0
2699,55,1.467636363636364,0.7636363636363479,1.12945396695063,0.6562660371548804,0.0136790374512785,0.0,0.0,0.014068880078652915,0.0,0.0,0.6636363636363637,0.0,0.0,0.5194242019911731,0.0,0.0,0.0,0.0
2700,38,1.220789473684211,0.73684210526316,1.1310786632390732,0.6573778920308483,0.013604105571847299,0.0,0.0,0.014066235632918873,0.0,0.0,0.5131578947368421,0.0,0.0,0.5194087403598971,0.0,0.0,0.0,0.0
2701,42,0.9380952380952385,0.5238095238095399,1.1295117428924581,0.6562628759785745,0.013072329130723596,0.0,0.0,0.014064423945165034,0.0,0.0,0.39285714285714285,0.0,0.0,0.5184899052327977,0.0,0.0,0.0,0.0
2702,54,1.0909259259259263,0.592592592592608,1.131255019046637,0.6555132296921653,0.014831319234641704,0.0,0.0,0.0140857795912926,0.0,0.0,0.5462962962962963,0.0,0.0,0.5201019252548131,0.0,0.0,0.0,0.0
2703,39,1.390512820512821,0.7435897435897554,1.133070979705366,0.6562274647161844,0.02805483704086966,0.0,0.0,0.01413969848083401,0.0,0.0,0.717948717948718,0.0,0.0,0.5214020809724941,0.0,0.0,0.0,0.0
2704,43,1.3076744186046516,0.8837209302325699,1.1343208732365344,0.6580166821130681,0.01859457671957691,0.0,0.0,0.014155833307631446,0.0,0.0,0.5348837209302325,0.0,0.0,0.5211358253526929,0.0,0.0,0.0,0.0
2705,42,0.9295238095238099,0.5238095238095456,1.1325909887617265,0.656356325394371,0.008970588235293979,0.0,0.0,0.014086656339444207,0.0,0.0,0.4642857142857143,0.0,0.0,0.5210073203423033,0.0,0.0,0.0,0.0
2706,54,1.7050000000000007,0.851851851851865,1.135343708131504,0.65742553849325,0.019635316698656553,0.0,0.0,0.014106655568716623,0.0,0.0,0.7962962962962963,0.0,0.0,0.522518808615892,0.0,0.0,0.0,0.0
2707,61,0.9959016393442628,0.6721311475409589,1.1354595039621267,0.6567870741998562,0.013301948762863698,0.0,0.0,0.014107837445944491,0.0,0.0,0.4098360655737705,0.0,0.0,0.522537820314912,0.0,0.0,0.0,0.0
2708,40,1.1097500000000005,1.100000000000016,1.135990109210796,0.6583556562950755,0.013286441185274165,0.0,0.0,0.014129038293226478,0.0,0.0,0.2875,0.0,0.0,0.5219967030702658,0.0,0.0,0.0,0.0
2709,55,0.804545454545455,0.8363636363637131,1.1342328259975305,0.6585767174002477,0.011012941762071446,0.0,0.0,0.014113106724061188,0.0,0.0,0.17272727272727273,0.0,0.0,0.520516248457425,0.0,0.0,0.0,0.0
2710,46,1.2986956521739137,0.6956521739130346,1.1371600617601632,0.6591868244981997,0.017711236288170115,0.0,0.0,0.014152225154364512,0.0,0.0,0.6630434782608695,0.0,0.0,0.5228769943386515,0.0,0.0,0.0,0.0
2711,49,1.287346938775511,0.6530612244897737,1.1376798024488102,0.6585039613128931,0.0196083307429279,0.0,0.0,0.014163924304396476,0.0,0.0,0.6326530612244898,0.0,0.0,0.5234592036217718,0.0,0.0,0.0,0.0
2712,48,1.2133333333333338,0.5833333333333383,1.1376662548898482,0.6578134651019161,0.01478923311325507,0.0,0.0,0.014182211807462724,0.0,0.0,0.5833333333333334,0.0,0.0,0.5233683343627754,0.0,0.0,0.0,0.0
2713,52,1.1075000000000006,0.5000000000000007,1.1375926688632603,0.657537067545306,0.01583012644310108,0.0,0.0,0.014186330490922596,0.0,0.0,0.5576923076923077,0.0,0.0,0.5230642504118617,0.0,0.0,0.0,0.0
2714,56,1.1428571428571435,0.5178571428571407,1.1382180358245815,0.6564751904467792,0.012846246487354841,0.0,0.0,0.014195757957040365,0.0,0.0,0.6294642857142857,0.0,0.0,0.5241918879967058,0.0,0.0,0.0,0.0
2715,46,1.1971739130434786,0.6521739130434958,1.1383744602097456,0.6562821303721996,0.014473061760841278,0.0,0.0,0.01418883278654915,0.0,0.0,0.5543478260869565,0.0,0.0,0.5245219000616903,0.0,0.0,0.0,0.0
2716,45,1.1182222222222227,0.666666666666677,1.1370387899989698,0.6544912027986431,0.013545087483176219,0.0,0.0,0.014140909015295319,0.0,0.0,0.48333333333333334,0.0,0.0,0.5243595020063793,0.0,0.0,0.0,0.0
2717,51,1.1925490196078437,0.705882352941187,1.1366057119375372,0.653893568933636,0.015269897062515777,0.0,0.0,0.014143078293839387,0.0,0.0,0.5049019607843137,0.0,0.0,0.524321964249024,0.0,0.0,0.0,0.0
2718,57,1.0291228070175444,0.5614035087719383,1.137316923076922,0.65446153846154,0.013933491686461602,0.0,0.0,0.014165556340484175,0.0,0.0,0.5570175438596491,0.0,0.0,0.5248717948717949,0.0,0.0,0.0,0.0
2719,44,1.1493181818181823,0.6818181818181996,1.13677945247616,0.6542602276222717,0.013809393773893348,0.0,0.0,0.01415777470169994,0.0,0.0,0.5227272727272727,0.0,0.0,0.5247103455347073,0.0,0.0,0.0,0.0
2720,50,1.0948000000000002,0.5199999999999998,1.1370209273697156,0.653775133360691,0.012237871674492192,0.0,0.0,0.014158657162566144,0.0,0.0,0.58,0.0,0.0,0.5251333606893722,0.0,0.0,0.0,0.0
2721,55,1.1378181818181823,0.6181818181818068,1.1372321886212187,0.6547411583803193,0.01740266963292491,0.0,0.0,0.014185482695391358,0.0,0.0,0.5636363636363636,0.0,0.0,0.5247565351101999,0.0,0.0,0.0,0.0
2722,50,0.9216000000000005,0.6799999999999955,1.1357613927291337,0.6546850998463919,0.014614652711703082,0.0,0.0,0.014182566151233549,0.0,0.0,0.37,0.0,0.0,0.5237071172555043,0.0,0.0,0.0,0.0
2723,44,0.9959090909090914,0.5909090909090863,1.1347851502409998,0.6537790995795317,0.010703468490473468,0.0,0.0,0.014172950291584998,0.0,0.0,0.4147727272727273,0.0,0.0,0.5230489180596862,0.0,0.0,0.0,0.0
2724,44,1.1604545454545458,0.47727272727272124,1.1344365763546789,0.652914614121512,0.016370631612697386,0.0,0.0,0.014179238494228395,0.0,0.0,0.7045454545454546,0.0,0.0,0.5238864942528736,0.0,0.0,0.0,0.0
2725,57,1.3261403508771936,0.9122807017544029,1.1351865136298411,0.6546423447427766,0.016004658056321,0.0,0.0,0.014199817713574486,0.0,0.0,0.5526315789473685,0.0,0.0,0.523493543758967,0.0,0.0,0.0,0.0
2726,53,1.2200000000000006,0.7547169811321061,1.135429947729834,0.6557343445731285,0.015026725540321164,0.0,0.0,0.014196693791247564,0.0,0.0,0.5424528301886793,0.0,0.0,0.5232141026955006,0.0,0.0,0.0,0.0
2727,41,0.928536585365854,0.6341463414634174,1.1349876948318283,0.6562756357670237,0.017991493383742767,0.0,0.0,0.01421151902911155,0.0,0.0,0.3780487804878049,0.0,0.0,0.5224056603773585,0.0,0.0,0.0,0.0
2728,54,1.3657407407407414,0.6851851851851856,1.1355284469502809,0.6563813429010777,0.018014167073767347,0.0,0.0,0.014229606668610747,0.0,0.0,0.6481481481481481,0.0,0.0,0.5225012813941569,0.0,0.0,0.0,0.0
2729,62,1.1708064516129038,0.9354838709676845,1.1358655616942899,0.6591978719050552,0.020333333333332718,0.0,0.0,0.014262489048075465,0.0,0.0,0.4274193548387097,0.0,0.0,0.5211786372007366,0.0,0.0,0.0,0.0
2730,41,1.2002439024390248,0.6585365853658656,1.1365416538579762,0.6590839225330473,0.013008194554586227,0.0,0.0,0.014270269644359748,0.0,0.0,0.573170731707317,0.0,0.0,0.5215442155958603,0.0,0.0,0.0,0.0
2731,56,1.0775000000000006,0.7857142857142968,1.1359609087187874,0.6587187883749498,0.01635230352303598,0.0,0.0,0.014269475156409327,0.0,0.0,0.32589285714285715,0.0,0.0,0.5208759721653704,0.0,0.0,0.0,0.0
2732,54,1.0372222222222225,0.5555555555555695,1.1362013917314768,0.6595374539500625,0.017940422805894005,0.0,0.0,0.014280316038178774,0.0,0.0,0.5138888888888888,0.0,0.0,0.5208248055669259,0.0,0.0,0.0,0.0
2733,58,1.2713793103448283,0.7068965517241365,1.1350977382048912,0.6592979224234993,0.01731798966651088,0.0,0.0,0.014278629895025268,0.0,0.0,0.6293103448275862,0.0,0.0,0.5201361170811585,0.0,0.0,0.0,0.0
2734,52,0.9246153846153852,0.7115384615384646,1.1327016252683217,0.6581825615864269,0.017767923133776512,0.0,0.0,0.014277935545053059,0.0,0.0,0.33653846153846156,0.0,0.0,0.5190381273637943,0.0,0.0,0.0,0.0
2735,52,1.1069230769230773,0.5961538461538487,1.1332065050629019,0.658893321059631,0.013464327485380517,0.0,0.0,0.014266256166198659,0.0,0.0,0.5673076923076923,0.0,0.0,0.5189986703487778,0.0,0.0,0.0,0.0
2736,60,1.0860000000000007,0.53333333333332,1.1337153948309318,0.6582899172540619,0.01618881987577659,0.0,0.0,0.014280728889872621,0.0,0.0,0.5958333333333333,0.0,0.0,0.5199203187250996,0.0,0.0,0.0,0.0
2737,40,1.0530000000000004,0.6000000000000055,1.1336965855653234,0.6589654467389096,0.011661129568106833,0.0,0.0,0.014273898549418922,0.0,0.0,0.53125,0.0,0.0,0.5198579022694746,0.0,0.0,0.0,0.0
2738,49,0.9008163265306127,0.5306122448979633,1.1340461837130877,0.6597527332175348,0.011260204081632258,0.0,0.0,0.0142814808905314,0.0,0.0,0.4336734693877551,0.0,0.0,0.5199754776744662,0.0,0.0,0.0,0.0
2739,41,0.8712195121951224,0.39024390243900603,1.1339447852760727,0.6602249488752568,0.009641025641025596,0.0,0.0,0.014272212377080559,0.0,0.0,0.5365853658536586,0.0,0.0,0.5198619631901841,0.0,0.0,0.0,0.0
2740,45,1.3131111111111118,0.9333333333333518,1.1345150399017794,0.6618579905872737,0.019437500000000753,0.0,0.0,0.014292352149636837,0.0,0.0,0.5333333333333333,0.0,0.0,0.5193881727030898,0.0,0.0,0.0,0.0
2741,52,1.075192307692308,0.7307692307692485,1.13262016772346,0.6613826958478229,0.015713884204610663,0.0,0.0,0.014271671503461415,0.0,0.0,0.4807692307692308,0.0,0.0,0.5184598077316425,0.0,0.0,0.0,0.0
2742,40,0.9555000000000003,0.6999999999999981,1.1316673490276346,0.6604912998976472,0.011663106499847396,0.0,0.0,0.014245722310982896,0.0,0.0,0.3625,0.0,0.0,0.5187308085977482,0.0,0.0,0.0,0.0
2743,56,1.2275000000000007,0.64285714285713,1.1316242201084168,0.6600184105553863,0.014477674810445934,0.0,0.0,0.014232005608474515,0.0,0.0,0.5625,0.0,0.0,0.5184105553850874,0.0,0.0,0.0,0.0
2744,38,1.4534210526315794,0.9210526315789421,1.132070448494777,0.6606594306778633,0.021357308584687127,0.0,0.0,0.014258906496457835,0.0,0.0,0.5789473684210527,0.0,0.0,0.5182009010853983,0.0,0.0,0.0,0.0
2745,48,0.8141666666666673,0.24999999999999378,1.131279188857025,0.6591560835723078,0.015135553834237377,0.0,0.0,0.0142815898012749,0.0,0.0,0.4479166666666667,0.0,0.0,0.5181534207292093,0.0,0.0,0.0,0.0
2746,59,1.2074576271186448,0.8813559322033956,1.1315019439328826,0.6617556783302654,0.013494980109869457,0.0,0.0,0.014277046452394197,0.0,0.0,0.4661016949152542,0.0,0.0,0.5170094127276448,0.0,0.0,0.0,0.0
2747,49,1.2365306122448987,0.8571428571428356,1.1325734165558163,0.6622326818786468,0.023826189539913053,0.0,0.0,0.014311200181013083,0.0,0.0,0.5510204081632653,0.0,0.0,0.5175227668065078,0.0,0.0,0.0,0.0
2748,54,1.2359259259259263,0.6296296296296262,1.1339674746854855,0.6613480617776429,0.020707415451443608,0.0,0.0,0.014355375432145183,0.0,0.0,0.5925925925925926,0.0,0.0,0.5189475299171525,0.0,0.0,0.0,0.0
2749,46,1.0339130434782613,0.7826086956521389,1.1327120204603571,0.6615856777493618,0.012878418629839298,0.0,0.0,0.014306557836700836,0.0,0.0,0.3804347826086957,0.0,0.0,0.518081841432225,0.0,0.0,0.0,0.0
2750,44,1.160454545454546,0.6590909090909177,1.133269880257905,0.6617541705045555,0.014547008547008583,0.0,0.0,0.01432377438837461,0.0,0.0,0.5568181818181818,0.0,0.0,0.5184218606079214,0.0,0.0,0.0,0.0
2751,37,1.376216216216217,0.8648648648648406,1.1339270342283247,0.6634556261529013,0.026631799163180193,0.0,0.0,0.014331253667047083,0.0,0.0,0.5405405405405406,0.0,0.0,0.5178315228530437,0.0,0.0,0.0,0.0
2752,46,1.2623913043478268,0.6521739130434733,1.1351378497488973,0.6639335861432829,0.019585160202359963,0.0,0.0,0.014359630596255451,0.0,0.0,0.6413043478260869,0.0,0.0,0.5182945577534078,0.0,0.0,0.0,0.0
2753,44,1.160454545454546,1.0454545454545394,1.1355901067323475,0.6658456486042704,0.013204034134987924,0.0,0.0,0.014372784531434535,0.0,0.0,0.36363636363636365,0.0,0.0,0.5176005747126436,0.0,0.0,0.0,0.0
2754,53,1.1664150943396232,0.6415094339622696,1.137517701385325,0.6663930220625974,0.014764748029616548,0.0,0.0,0.014414930000182109,0.0,0.0,0.5518867924528302,0.0,0.0,0.5190610569522832,0.0,0.0,0.0,0.0
2755,55,1.4498181818181823,0.7999999999999726,1.139808087027914,0.6670771756978661,0.014857462269423902,0.0,0.0,0.01443648360047371,0.0,0.0,0.6636363636363637,0.0,0.0,0.5202945402298851,0.0,0.0,0.0,0.0
2756,47,0.9834042553191493,0.5531914893616988,1.13847638603696,0.6650924024640665,0.014617330803289306,0.0,0.0,0.014432457267209977,0.0,0.0,0.43617021276595747,0.0,0.0,0.5203542094455852,0.0,0.0,0.0,0.0
2757,43,1.0283720930232563,0.5813953488372106,1.1380415338747805,0.6638223501593514,0.018721422523285403,0.0,0.0,0.014458630589304848,0.0,0.0,0.5697674418604651,0.0,0.0,0.5213580754600596,0.0,0.0,0.0,0.0
2758,52,1.264038461538462,0.6538461538461373,1.139370377978635,0.6640304026294176,0.014468412942990087,0.0,0.0,0.014468987880021137,0.0,0.0,0.625,0.0,0.0,0.5219032456861133,0.0,0.0,0.0,0.0
2759,44,1.1222727272727278,0.6590909090909233,1.1394329738058542,0.6648176682074998,0.012825974025973661,0.0,0.0,0.014465749351528414,0.0,0.0,0.5568181818181818,0.0,0.0,0.5221109399075501,0.0,0.0,0.0,0.0
2760,51,1.5080392156862752,0.8627450980391979,1.14150292577764,0.6664613489374817,0.018545936821798264,0.0,0.0,0.014484017194216544,0.0,0.0,0.6764705882352942,0.0,0.0,0.5228159326557849,0.0,0.0,0.0,0.0
2761,50,1.3948000000000005,0.7199999999999929,1.1436302986759714,0.6663245406958852,0.02195843828715341,0.0,0.0,0.014539500726166714,0.0,0.0,0.7,0.0,0.0,0.5248126860309966,0.0,0.0,0.0,0.0
2762,50,1.1376000000000004,0.5599999999999979,1.144759950759129,0.6658801805498572,0.013057851239670036,0.0,0.0,0.014543284017807861,0.0,0.0,0.63,0.0,0.0,0.5262105047189167,0.0,0.0,0.0,0.0
2763,55,0.9665454545454552,0.581818181818181,1.1436649214659675,0.6651267836977731,0.013299974981235908,0.0,0.0,0.014545231402358274,0.0,0.0,0.45,0.0,0.0,0.5259726927420183,0.0,0.0,0.0,0.0
2764,57,1.141929824561404,0.8070175438596917,1.1440863412633293,0.6664273995077945,0.015355036565228145,0.0,0.0,0.014545600323318768,0.0,0.0,0.47368421052631576,0.0,0.0,0.525584495488105,0.0,0.0,0.0,0.0
2765,47,1.246170212765958,0.765957446808565,1.1434246153846142,0.6667692307692324,0.014627872127872331,0.0,0.0,0.014556067231323492,0.0,0.0,0.5851063829787234,0.0,0.0,0.5252564102564102,0.0,0.0,0.0,0.0
2766,48,1.3972916666666675,0.895833333333321,1.1465204018864044,0.669161369694486,0.014718016238753533,0.0,0.0,0.014592929257341108,0.0,0.0,0.59375,0.0,0.0,0.5261943817920853,0.0,0.0,0.0,0.0
2767,53,1.2430188679245286,0.4905660377358106,1.147167315972933,0.6687512815255294,0.012477272727272623,0.0,0.0,0.01459044417554223,0.0,0.0,0.6698113207547169,0.0,0.0,0.527117080172237,0.0,0.0,0.0,0.0
2768,48,1.0850000000000006,0.7916666666666786,1.1467978679786786,0.669434194341945,0.01302651325662826,0.0,0.0,0.01458846969297896,0.0,0.0,0.375,0.0,0.0,0.5263940139401394,0.0,0.0,0.0,0.0
2769,44,1.0850000000000006,0.8636363636363829,1.1459899518096983,0.6702553060596756,0.012355072463768338,0.0,0.0,0.014589860704453565,0.0,0.0,0.36363636363636365,0.0,0.0,0.5253255408592228,0.0,0.0,0.0,0.0
2770,61,0.9847540983606561,0.5901639344262521,1.1446082242225846,0.6694967266775795,0.011381205001894738,0.0,0.0,0.014561168361179077,0.0,0.0,0.45901639344262296,0.0,0.0,0.5248567921440261,0.0,0.0,0.0,0.0
2771,41,1.4363414634146345,0.6829268292683214,1.1449728622631836,0.6690220174091163,0.019949186991870062,0.0,0.0,0.014578462180381571,0.0,0.0,0.7073170731707317,0.0,0.0,0.5253968253968254,0.0,0.0,0.0,0.0
2772,37,1.307567567567568,0.7297297297297493,1.1471466639335848,0.6706979604386616,0.01566202654580806,0.0,0.0,0.01458234751521726,0.0,0.0,0.6351351351351351,0.0,0.0,0.5260582146151481,0.0,0.0,0.0,0.0
2773,55,1.0574545454545459,0.5818181818182014,1.1474728983432179,0.670893843321745,0.012502149613070326,0.0,0.0,0.014572948582902931,0.0,0.0,0.4409090909090909,0.0,0.0,0.5260789527510739,0.0,0.0,0.0,0.0
2774,43,1.198837209302326,0.8372093023255759,1.1475580325186612,0.6716433173126108,0.01368826340945306,0.0,0.0,0.014567384393307507,0.0,0.0,0.46511627906976744,0.0,0.0,0.5256161161672973,0.0,0.0,0.0,0.0
2775,47,1.2712765957446814,0.7872340425531708,1.1480061318344392,0.6725600408788984,0.019065092533503972,0.0,0.0,0.014578872572240706,0.0,0.0,0.5,0.0,0.0,0.5250638732754216,0.0,0.0,0.0,0.0
2776,45,1.0791111111111116,0.6888888888888937,1.1486006546644831,0.6728723404255341,0.011832358674463295,0.0,0.0,0.014572004028197442,0.0,0.0,0.4777777777777778,0.0,0.0,0.525393821603928,0.0,0.0,0.0,0.0
2777,57,1.0278947368421056,0.6666666666666717,1.145815950920244,0.6717791411042967,0.012657161373946364,0.0,0.0,0.014541471966406726,0.0,0.0,0.38596491228070173,0.0,0.0,0.5236451942740287,0.0,0.0,0.0,0.0
2778,36,1.260555555555556,0.6666666666666679,1.145179046449763,0.6715776550030716,0.014927631578947699,0.0,0.0,0.014503506996500192,0.0,0.0,0.7083333333333334,0.0,0.0,0.5236852874974421,0.0,0.0,0.0,0.0
2779,66,0.8419696969696974,0.3939393939393946,1.142891566265059,0.6694915254237309,0.009230897009967353,0.0,0.0,0.014444280991351676,0.0,0.0,0.4393939393939394,0.0,0.0,0.5232795589136205,0.0,0.0,0.0,0.0
2780,49,0.978979591836735,0.4489795918367288,1.142724489795917,0.6688775510204104,0.014146269537010318,0.0,0.0,0.014451949432953295,0.0,0.0,0.5561224489795918,0.0,0.0,0.52375,0.0,0.0,0.0,0.0
2781,45,1.1202222222222227,0.6222222222222364,1.14356399265156,0.668503776280876,0.015877165354331108,0.0,0.0,0.014478505093160381,0.0,0.0,0.5555555555555556,0.0,0.0,0.5245968565013268,0.0,0.0,0.0,0.0
2782,65,1.309384615384616,1.0153846153845534,1.1434344153861793,0.6701943624707457,0.02152503793626802,0.0,0.0,0.014489026717557318,0.0,0.0,0.46923076923076923,0.0,0.0,0.5236084257657474,0.0,0.0,0.0,0.0
2783,42,1.0528571428571432,0.2857142857142766,1.1437226128604898,0.6685009681035383,0.011852050388635559,0.0,0.0,0.014498560265391794,0.0,0.0,0.7023809523809523,0.0,0.0,0.5245083053092836,0.0,0.0,0.0,0.0
2784,48,0.8033333333333337,0.5833333333333415,1.1417031902966044,0.6676179798185731,0.009676286072773167,0.0,0.0,0.01446709555096054,0.0,0.0,0.3541666666666667,0.0,0.0,0.5235195189073489,0.0,0.0,0.0,0.0
2785,58,1.0875862068965523,0.7241379310345077,1.1425465459354955,0.6684301556618194,0.011960561243837223,0.0,0.0,0.014445926615795527,0.0,0.0,0.4827586206896552,0.0,0.0,0.5237816664971005,0.0,0.0,0.0,0.0
2786,62,1.2272580645161295,0.7419354838709652,1.1434616947774827,0.6695793537898824,0.015617816091954666,0.0,0.0,0.01446534292038249,0.0,0.0,0.5967741935483871,0.0,0.0,0.5238010566957936,0.0,0.0,0.0,0.0
2787,55,1.0649090909090912,0.49090909090911206,1.1435227849385958,0.6693392875266441,0.012225005218117398,0.0,0.0,0.014460926941524285,0.0,0.0,0.5636363636363636,0.0,0.0,0.5238252308941439,0.0,0.0,0.0,0.0
2788,40,0.9285000000000003,0.5500000000000224,1.1434639991875681,0.6689347009241418,0.012986013986014438,0.0,0.0,0.014457668424918276,0.0,0.0,0.41875,0.0,0.0,0.5244744592261602,0.0,0.0,0.0,0.0
2789,57,1.042631578947369,0.4210526315789528,1.143105092310812,0.6673767498478417,0.015496740547588088,0.0,0.0,0.014468570005212936,0.0,0.0,0.5263157894736842,0.0,0.0,0.5243457090687766,0.0,0.0,0.0,0.0
2790,58,1.1965517241379315,0.5517241379310429,1.144926448209393,0.6670386527341,0.012118037366858986,0.0,0.0,0.014457649504927735,0.0,0.0,0.6379310344827587,0.0,0.0,0.5263771938723749,0.0,0.0,0.0,0.0
2791,51,1.452352941176471,0.9411764705882277,1.1472932941057103,0.6695749213756744,0.019715198296513328,0.0,0.0,0.014493738617561673,0.0,0.0,0.6470588235294118,0.0,0.0,0.5273917013290048,0.0,0.0,0.0,0.0
2792,32,1.2440625000000007,0.8124999999999786,1.1472514976139692,0.669915727485026,0.016649937264742298,0.0,0.0,0.014499063916716242,0.0,0.0,0.5078125,0.0,0.0,0.5271855010660981,0.0,0.0,0.0,0.0
2793,38,1.0365789473684215,0.4736842105263025,1.1471966229274726,0.6695148001220651,0.012776516380149466,0.0,0.0,0.014507690506787555,0.0,0.0,0.5657894736842105,0.0,0.0,0.5275912928491506,0.0,0.0,0.0,0.0
2794,55,1.225636363636364,0.8363636363636181,1.1459914582062218,0.668700427089691,0.017031328954016368,0.0,0.0,0.014505754198357406,0.0,0.0,0.509090909090909,0.0,0.0,0.5270998576367704,0.0,0.0,0.0,0.0
2795,52,1.2451923076923082,0.5769230769230708,1.146040480065092,0.6676159479251446,0.015964003944773045,0.0,0.0,0.01451543796730002,0.0,0.0,0.6923076923076923,0.0,0.0,0.5280207485760781,0.0,0.0,0.0,0.0
2796,55,1.1161818181818186,0.818181818181778,1.1460894308943075,0.6675813008130101,0.012694375516955307,0.0,0.0,0.014492807262390408,0.0,0.0,0.39090909090909093,0.0,0.0,0.5277947154471545,0.0,0.0,0.0,0.0
2797,40,1.2302500000000003,0.7000000000000048,1.1453079268292667,0.6683943089430915,0.013980113636363154,0.0,0.0,0.014482980634664893,0.0,0.0,0.6125,0.0,0.0,0.5267784552845528,0.0,0.0,0.0,0.0
2798,43,1.199302325581396,0.6511627906976615,1.1464148449415337,0.6691408235892241,0.016924844108960658,0.0,0.0,0.01449672842942761,0.0,0.0,0.5232558139534884,0.0,0.0,0.5266395526182003,0.0,0.0,0.0,0.0
2799,50,1.0400000000000005,0.5199999999999928,1.147363173957272,0.6700915564598189,0.015887564925145436,0.0,0.0,0.014509571347707568,0.0,0.0,0.565,0.0,0.0,0.5270345879959308,0.0,0.0,0.0,0.0
2800,41,1.4285365853658543,0.7317073170731487,1.1488619706840375,0.6729438110749204,0.025699868363316135,0.0,0.0,0.014562746767825405,0.0,0.0,0.6219512195121951,0.0,0.0,0.5262876628664495,0.0,0.0,0.0,0.0
2801,51,1.2203921568627456,0.8235294117647413,1.149514701393833,0.6738223623969902,0.016353126642144625,0.0,0.0,0.014561846003946433,0.0,0.0,0.5196078431372549,0.0,0.0,0.5266812493641265,0.0,0.0,0.0,0.0
2802,60,1.1305000000000005,0.6999999999999954,1.1489157605934341,0.674118483893915,0.012851458885940616,0.0,0.0,0.014521626106478896,0.0,0.0,0.4625,0.0,0.0,0.526013616502388,0.0,0.0,0.0,0.0
2803,49,1.2095918367346947,0.6122448979591767,1.1483660396542943,0.6739196746314201,0.02972417251755359,0.0,0.0,0.01456064151405574,0.0,0.0,0.5714285714285714,0.0,0.0,0.5255210981189629,0.0,0.0,0.0,0.0
2804,50,0.9264000000000004,0.6000000000000265,1.148036803578689,0.6734444896299325,0.01395180722891577,0.0,0.0,0.01456157024367101,0.0,0.0,0.405,0.0,0.0,0.5258997559983734,0.0,0.0,0.0,0.0
2805,51,1.1586274509803929,0.5490196078431391,1.1481483739837384,0.6725609756097578,0.017771428571428743,0.0,0.0,0.014570918212712782,0.0,0.0,0.5882352941176471,0.0,0.0,0.5261432926829268,0.0,0.0,0.0,0.0
2806,40,1.3015000000000003,0.7999999999999988,1.14949049120309,0.6746669378623019,0.01630952380952383,0.0,0.0,0.01458441989107117,0.0,0.0,0.55,0.0,0.0,0.5259585070680362,0.0,0.0,0.0,0.0
2807,49,1.2395918367346943,1.0204081632653004,1.1489457096380629,0.6758845058967075,0.014184960298925822,0.0,0.0,0.014573944420300102,0.0,0.0,0.3673469387755102,0.0,0.0,0.524603497356649,0.0,0.0,0.0,0.0
2808,61,0.897868852459017,0.590163934426233,1.147424103969945,0.6745862524114137,0.015260518250208396,0.0,0.0,0.014564807774097572,0.0,0.0,0.36885245901639346,0.0,0.0,0.5239364402477409,0.0,0.0,0.0,0.0
2809,42,0.6742857142857146,0.4285714285714256,1.146420442999389,0.674049989839465,0.01625717566016088,0.0,0.0,0.014582150256087547,0.0,0.0,0.27976190476190477,0.0,0.0,0.5235216419426946,0.0,0.0,0.0,0.0
2810,49,1.2671428571428578,0.6326530612244928,1.1457673946165554,0.6736414423565277,0.022619307832423042,0.0,0.0,0.014579887652939154,0.0,0.0,0.5918367346938775,0.0,0.0,0.5232605383443373,0.0,0.0,0.0,0.0
2811,49,1.3685714285714292,0.9387755102040164,1.1455295791827595,0.6745273429558863,0.013921527921943122,0.0,0.0,0.014573636193173433,0.0,0.0,0.5408163265306123,0.0,0.0,0.5225147387680423,0.0,0.0,0.0,0.0
2812,41,1.2736585365853663,0.9268292682927075,1.1459375952840725,0.6758816952942384,0.014326474622771418,0.0,0.0,0.014566614385637685,0.0,0.0,0.5,0.0,0.0,0.5223599959345462,0.0,0.0,0.0,0.0
2813,56,1.2751785714285722,0.7142857142857635,1.1454380265962834,0.6752613947822571,0.014021205576280721,0.0,0.0,0.014531968189574744,0.0,0.0,0.5803571428571429,0.0,0.0,0.5223327580956248,0.0,0.0,0.0,0.0
2814,46,1.0702173913043485,0.45652173913043653,1.1447715272136463,0.6743501218521543,0.015018303843806542,0.0,0.0,0.014509279279279344,0.0,0.0,0.6195652173913043,0.0,0.0,0.5223395613322502,0.0,0.0,0.0,0.0
2815,50,1.0746000000000004,0.6799999999999787,1.1446749288906937,0.6744209670865516,0.011945309026233468,0.0,0.0,0.014473271500518331,0.0,0.0,0.43,0.0,0.0,0.5220946769605851,0.0,0.0,0.0,0.0
2816,53,1.1683018867924535,0.7547169811320562,1.1453839910723331,0.6749518108958116,0.017271966527196366,0.0,0.0,0.014498922538340486,0.0,0.0,0.42452830188679247,0.0,0.0,0.5219133610632039,0.0,0.0,0.0,0.0
2817,40,0.9762500000000005,0.5499999999999967,1.1450857606820246,0.6746168679589988,0.010211820083681497,0.0,0.0,0.014470885796701485,0.0,0.0,0.475,0.0,0.0,0.5220237491119456,0.0,0.0,0.0,0.0
2818,37,0.9183783783783789,0.8648648648648207,1.1434670865501815,0.6754368143031302,0.014241408214584694,0.0,0.0,0.014471419810781087,0.0,0.0,0.34459459459459457,0.0,0.0,0.5206470946769606,0.0,0.0,0.0,0.0
2819,47,1.207446808510639,0.5957446808510763,1.14460881934566,0.6750660434870976,0.01733353695785055,0.0,0.0,0.014507620684992426,0.0,0.0,0.5957446808510638,0.0,0.0,0.5216419426945743,0.0,0.0,0.0,0.0
2820,50,1.3554000000000008,0.8399999999999906,1.1442955815134572,0.6747587607922816,0.02284125379170976,0.0,0.0,0.014509398094364809,0.0,0.0,0.56,0.0,0.0,0.5212290502793296,0.0,0.0,0.0,0.0
2821,60,1.2780000000000007,0.7333333333333142,1.1445451779738351,0.6750836629145129,0.018989598811292533,0.0,0.0,0.014507225102894468,0.0,0.0,0.5458333333333333,0.0,0.0,0.5209157286279282,0.0,0.0,0.0,0.0
2822,45,1.2164444444444449,0.6444444444444105,1.1433471954559273,0.6742063089562845,0.018960859023207342,0.0,0.0,0.014488970923753477,0.0,0.0,0.6444444444444445,0.0,0.0,0.5208946140582209,0.0,0.0,0.0,0.0
2823,41,1.0280487804878053,0.7317073170731793,1.1431709297604538,0.6752943564758433,0.019985775248932584,0.0,0.0,0.014516942740510403,0.0,0.0,0.3719512195121951,0.0,0.0,0.520173568818514,0.0,0.0,0.0,0.0
2824,43,1.2530232558139538,0.6744186046511655,1.144036939313983,0.6746498883702059,0.0149958252156976,0.0,0.0,0.014524598823688622,0.0,0.0,0.5116279069767442,0.0,0.0,0.520930586563832,0.0,0.0,0.0,0.0
2825,62,1.1504838709677423,0.6774193548386915,1.146193515704153,0.6765957446808519,0.013997252747252747,0.0,0.0,0.014549288221215421,0.0,0.0,0.5201612903225806,0.0,0.0,0.521580547112462,0.0,0.0,0.0,0.0
2826,42,1.2471428571428576,0.6666666666666622,1.146499594155843,0.6761363636363646,0.014024096385542419,0.0,0.0,0.014539692424881939,0.0,0.0,0.6190476190476191,0.0,0.0,0.5224228896103896,0.0,0.0,0.0,0.0
2827,44,1.1643181818181823,0.7045454545454594,1.1473524931451191,0.6771605565146755,0.014944574095682294,0.0,0.0,0.014563081016143474,0.0,0.0,0.5454545454545454,0.0,0.0,0.5224687722148877,0.0,0.0,0.0,0.0
2828,42,1.0811904761904767,0.5714285714285693,1.1474319382364881,0.67685900040634,0.02383727034120729,0.0,0.0,0.014580909167188455,0.0,0.0,0.5119047619047619,0.0,0.0,0.522627996749289,0.0,0.0,0.0,0.0
2829,57,0.8873684210526319,0.6140350877193239,1.1454433847402585,0.6765422077922091,0.010858737655646034,0.0,0.0,0.01453069151969074,0.0,0.0,0.37719298245614036,0.0,0.0,0.5216365665584416,0.0,0.0,0.0,0.0
2830,47,1.1963829787234046,0.7234042553191561,1.14581437855402,0.6769902518277835,0.017206242350061032,0.0,0.0,0.014543235398741113,0.0,0.0,0.5531914893617021,0.0,0.0,0.5217049147034931,0.0,0.0,0.0,0.0
2831,53,1.1524528301886798,0.4528301886792275,1.146888956557043,0.6765123832724331,0.016314102564102546,0.0,0.0,0.014551927889129204,0.0,0.0,0.6981132075471698,0.0,0.0,0.5232186358099878,0.0,0.0,0.0,0.0
2832,49,0.9281632653061229,0.6938775510204189,1.1461879630569356,0.6766467065868277,0.01242283529090388,0.0,0.0,0.014537919191373113,0.0,0.0,0.39285714285714285,0.0,0.0,0.5225312087689029,0.0,0.0,0.0,0.0
2833,44,1.289772727272728,0.9090909090909185,1.146412260225311,0.6772556581751764,0.021569745343975738,0.0,0.0,0.014578240792126272,0.0,0.0,0.45454545454545453,0.0,0.0,0.5222267329747285,0.0,0.0,0.0,0.0
2834,57,1.2324561403508776,0.5964912280701798,1.146400202634244,0.6774062816616021,0.014544513457557813,0.0,0.0,0.014573597182902718,0.0,0.0,0.5877192982456141,0.0,0.0,0.5215298885511651,0.0,0.0,0.0,0.0
2835,46,0.8928260869565222,0.5652173913043519,1.1441224779478851,0.6756564939673537,0.01910232558139488,0.0,0.0,0.014593478218698917,0.0,0.0,0.40217391304347827,0.0,0.0,0.5208861401196391,0.0,0.0,0.0,0.0
2836,51,1.3905882352941183,0.6666666666666702,1.1458203204218202,0.6754208071385123,0.02259318254221056,0.0,0.0,0.014647256380908963,0.0,0.0,0.6862745098039216,0.0,0.0,0.5222824984790103,0.0,0.0,0.0,0.0
2837,51,1.2990196078431377,0.9019607843137011,1.146586553087921,0.6783287699016334,0.017992938620314904,0.0,0.0,0.01465379859870865,0.0,0.0,0.5784313725490197,0.0,0.0,0.5217016529763716,0.0,0.0,0.0,0.0
2838,51,1.2531372549019615,0.686274509803919,1.146502942967322,0.6785061903795421,0.018632653061224375,0.0,0.0,0.014650512291494605,0.0,0.0,0.5882352941176471,0.0,0.0,0.5213618834990866,0.0,0.0,0.0,0.0
2839,30,1.4093333333333335,0.7999999999999877,1.1473123856009755,0.6790726052471026,0.015385735080058794,0.0,0.0,0.014639319588431477,0.0,0.0,0.6416666666666667,0.0,0.0,0.5218375025422005,0.0,0.0,0.0,0.0
2840,55,1.0865454545454551,0.7090909090909239,1.1465964805208009,0.6797884243718856,0.01664160401002522,0.0,0.0,0.014671007677680613,0.0,0.0,0.4090909090909091,0.0,0.0,0.5210304139965416,0.0,0.0,0.0,0.0
2841,54,1.2887037037037044,0.7037037037036868,1.1482296115517585,0.6805979255643692,0.02182188773910388,0.0,0.0,0.014697439461860091,0.0,0.0,0.6296296296296297,0.0,0.0,0.5220408785845028,0.0,0.0,0.0,0.0
2842,55,1.2380000000000009,0.581818181818143,1.1487189914599423,0.6797478649857669,0.020429042904290446,0.0,0.0,0.014738500791789424,0.0,0.0,0.6363636363636364,0.0,0.0,0.5229259861732412,0.0,0.0,0.0,0.0
2843,50,1.4116000000000006,0.7200000000000216,1.1502023180154528,0.680052867019114,0.019294696555494397,0.0,0.0,0.014764080399019714,0.0,0.0,0.69,0.0,0.0,0.5239172427816186,0.0,0.0,0.0,0.0
2844,45,1.0971111111111116,0.6666666666666773,1.1514397639397633,0.6806064306064312,0.00887630348795414,0.0,0.0,0.01471961279614569,0.0,0.0,0.4777777777777778,0.0,0.0,0.5245980870980871,0.0,0.0,0.0,0.0
2845,47,0.7638297872340432,0.5106382978723402,1.149072679153094,0.6794584690553752,0.01084264572636678,0.0,0.0,0.014693542046853839,0.0,0.0,0.2765957446808511,0.0,0.0,0.5232339169381107,0.0,0.0,0.0,0.0
2846,51,0.9296078431372554,0.35294117647059786,1.1480952864689147,0.6778748476229183,0.012585611892752578,0.0,0.0,0.014674773259928232,0.0,0.0,0.5098039215686274,0.0,0.0,0.5229835432750914,0.0,0.0,0.0,0.0
2847,54,1.029444444444445,0.48148148148147774,1.1473724256873283,0.6767779243177445,0.016094383323683646,0.0,0.0,0.014709883761008407,0.0,0.0,0.49074074074074076,0.0,0.0,0.5228771431470022,0.0,0.0,0.0,0.0
2848,55,0.8534545454545462,0.5090909090909155,1.1459665144596647,0.6761035007610358,0.011650533631173268,0.0,0.0,0.01469547249063766,0.0,0.0,0.38181818181818183,0.0,0.0,0.5220192795535261,0.0,0.0,0.0,0.0
2849,40,0.8555000000000005,0.7500000000000193,1.1455959760186971,0.6758459506147757,0.009805157593123523,0.0,0.0,0.01468129438223321,0.0,0.0,0.2125,0.0,0.0,0.52154252616604,0.0,0.0,0.0,0.0
2850,60,1.2126666666666672,0.7500000000000547,1.1455147208121825,0.6764467005076155,0.015026848409748253,0.0,0.0,0.014675446799599968,0.0,0.0,0.5333333333333333,0.0,0.0,0.5213705583756345,0.0,0.0,0.0,0.0
2851,46,1.1352173913043482,0.5000000000000105,1.1431833417978667,0.6734382935500265,0.013186868686868974,0.0,0.0,0.014652132536065229,0.0,0.0,0.6521739130434783,0.0,0.0,0.5213814118842052,0.0,0.0,0.0,0.0
2852,62,1.1361290322580653,0.4677419354838575,1.1435252894576478,0.6716433069266716,0.01825343353200251,0.0,0.0,0.014671909512050541,0.0,0.0,0.6451612903225806,0.0,0.0,0.5226995734308348,0.0,0.0,0.0,0.0
2853,44,1.082954545454546,0.6818181818181729,1.143640243902439,0.6714430894308951,0.014279292777944865,0.0,0.0,0.014713545684423063,0.0,0.0,0.4715909090909091,0.0,0.0,0.5229928861788617,0.0,0.0,0.0,0.0
2854,46,1.5086956521739139,0.8260869565217027,1.145099573257468,0.6723226986384887,0.017582974410944276,0.0,0.0,0.01471010056843029,0.0,0.0,0.7065217391304348,0.0,0.0,0.5236994513310302,0.0,0.0,0.0,0.0
2855,39,1.3733333333333337,0.871794871794857,1.1454247634550818,0.671889307152305,0.016137390780355063,0.0,0.0,0.01470670531542326,0.0,0.0,0.6666666666666666,0.0,0.0,0.5249008037440228,0.0,0.0,0.0,0.0
2856,47,0.9521276595744687,0.4255319148936016,1.1445620103774543,0.6704649506562218,0.01234482758620668,0.0,0.0,0.014698546464151592,0.0,0.0,0.4148936170212766,0.0,0.0,0.5242903652457015,0.0,0.0,0.0,0.0
2857,52,1.0748076923076926,0.6153846153846163,1.1440530649588287,0.6701230049811937,0.010258810572687956,0.0,0.0,0.01465697440445728,0.0,0.0,0.47115384615384615,0.0,0.0,0.5237114974077463,0.0,0.0,0.0,0.0
2858,56,1.0432142857142863,0.3928571428571413,1.142821736922295,0.6682579989842562,0.013211216644052198,0.0,0.0,0.014640026544699874,0.0,0.0,0.6071428571428571,0.0,0.0,0.5236922295581513,0.0,0.0,0.0,0.0
2859,46,1.083260869565218,0.6521739130434547,1.1423282520325198,0.6671747967479674,0.014156249999999598,0.0,0.0,0.014649891303781195,0.0,0.0,0.4945652173913043,0.0,0.0,0.5239329268292683,0.0,0.0,0.0,0.0
2860,48,1.0339583333333335,0.6458333333333305,1.1425195649964421,0.6676491513365178,0.011587672192388477,0.0,0.0,0.014660504896507588,0.0,0.0,0.4427083333333333,0.0,0.0,0.5236050411627198,0.0,0.0,0.0,0.0
2861,55,1.283272727272728,0.8363636363636636,1.1430803616783498,0.668088997256934,0.017800756620429174,0.0,0.0,0.014677339191394525,0.0,0.0,0.5454545454545454,0.0,0.0,0.5242304175556233,0.0,0.0,0.0,0.0
2862,44,1.4220454545454553,0.9999999999999695,1.144719032618636,0.6699522406259526,0.021703087062087862,0.0,0.0,0.014715703422897639,0.0,0.0,0.5454545454545454,0.0,0.0,0.5247434203841073,0.0,0.0,0.0,0.0
2863,45,1.2311111111111115,0.7333333333333626,1.1450340274250883,0.6703910614525139,0.016732105104197984,0.0,0.0,0.014720466965702344,0.0,0.0,0.5555555555555556,0.0,0.0,0.524276282376841,0.0,0.0,0.0,0.0
2864,54,1.1833333333333338,0.8148148148147819,1.144774481917919,0.6701544087769199,0.011666970969508358,0.0,0.0,0.01469548604998406,0.0,0.0,0.4444444444444444,0.0,0.0,0.5239739943112556,0.0,0.0,0.0,0.0
2865,49,1.2226530612244904,0.7959183673469276,1.1464574446475722,0.6708307942311597,0.0154766210281578,0.0,0.0,0.01472486159593844,0.0,0.0,0.5204081632653061,0.0,0.0,0.5248324192565509,0.0,0.0,0.0,0.0
2866,46,1.2132608695652178,0.7391304347826203,1.1473610970035546,0.6719146775012695,0.016037356321838357,0.0,0.0,0.014754294715723284,0.0,0.0,0.5054347826086957,0.0,0.0,0.5245048247841544,0.0,0.0,0.0,0.0
2867,41,1.1151219512195127,0.7804878048780661,1.1488858363858359,0.6719576719576718,0.01357482185273176,0.0,0.0,0.014784115578297414,0.0,0.0,0.4146341463414634,0.0,0.0,0.5253103378103378,0.0,0.0,0.0,0.0
2868,51,0.9656862745098045,0.8235294117647343,1.1483375724895712,0.6729067046495067,0.012663923887889636,0.0,0.0,0.014782435019946546,0.0,0.0,0.21568627450980393,0.0,0.0,0.5240105809339709,0.0,0.0,0.0,0.0
2869,46,1.352826086956522,0.6956521739130324,1.1480384771986964,0.6719258957654725,0.014809614469300129,0.0,0.0,0.014770854151578252,0.0,0.0,0.7391304347826086,0.0,0.0,0.5244808631921825,0.0,0.0,0.0,0.0
2870,52,1.4323076923076927,0.8461538461538335,1.1495005086469987,0.6735503560528994,0.0150952573976492,0.0,0.0,0.014791510673836702,0.0,0.0,0.6201923076923077,0.0,0.0,0.5244913530010173,0.0,0.0,0.0,0.0
2871,49,0.9740816326530616,0.734693877551041,1.1478737676593145,0.67374733204594,0.011681350954478939,0.0,0.0,0.014772614902461461,0.0,0.0,0.3673469387755102,0.0,0.0,0.5229444049191991,0.0,0.0,0.0,0.0
2872,46,1.1921739130434792,0.782608695652169,1.1469191662430094,0.6742247076766653,0.01790986283474872,0.0,0.0,0.014784554790256352,0.0,0.0,0.483695652173913,0.0,0.0,0.5215810879511947,0.0,0.0,0.0,0.0
2873,67,1.2467164179104486,0.8507462686566851,1.1473236577692072,0.6755302953415206,0.017689538331215116,0.0,0.0,0.014815264286350877,0.0,0.0,0.458955223880597,0.0,0.0,0.5209580838323353,0.0,0.0,0.0,0.0
2874,46,1.0960869565217397,0.608695652173909,1.1466500913334685,0.6746498883702055,0.017440332065028555,0.0,0.0,0.014812184724130371,0.0,0.0,0.42391304347826086,0.0,0.0,0.5207529937081389,0.0,0.0,0.0,0.0
2875,50,1.3180000000000005,0.839999999999972,1.1478162788334516,0.6761507976831627,0.014404371584699172,0.0,0.0,0.014839260589515811,0.0,0.0,0.54,0.0,0.0,0.5208566202621685,0.0,0.0,0.0,0.0
2876,50,1.0446000000000004,0.6399999999999875,1.1460337638564015,0.6750737313129263,0.015077944572747803,0.0,0.0,0.014811760082333227,0.0,0.0,0.51,0.0,0.0,0.5207210413912337,0.0,0.0,0.0,0.0
2877,43,1.1300000000000008,0.697674418604654,1.1468168412488555,0.6754805247635518,0.0233381364073012,0.0,0.0,0.01486151490151325,0.0,0.0,0.5348837209302325,0.0,0.0,0.5213820807484999,0.0,0.0,0.0,0.0
2878,53,1.0832075471698117,0.8867924528302288,1.1475251754653644,0.6771437290204461,0.01668895348837279,0.0,0.0,0.014891042792219056,0.0,0.0,0.37735849056603776,0.0,0.0,0.5209286949445631,0.0,0.0,0.0,0.0
2879,54,0.961481481481482,0.5185185185184961,1.1469938900203664,0.6763747454175157,0.014326710816777303,0.0,0.0,0.014902153794046046,0.0,0.0,0.5092592592592593,0.0,0.0,0.5208503054989817,0.0,0.0,0.0,0.0
2880,63,1.333492063492064,0.9047619047619333,1.1491303905614318,0.6780919446704647,0.01500714540907407,0.0,0.0,0.014916638721142432,0.0,0.0,0.5119047619047619,0.0,0.0,0.5210028478437754,0.0,0.0,0.0,0.0
2881,44,1.045454545454546,0.49999999999999756,1.1480299175740305,0.6781316780299184,0.02090909090909136,0.0,0.0,0.014942101408294045,0.0,0.0,0.5284090909090909,0.0,0.0,0.5201740103795665,0.0,0.0,0.0,0.0
2882,61,1.1055737704918038,0.6885245901639316,1.1484513768925921,0.6782847271618745,0.016258437801349834,0.0,0.0,0.014971281192625346,0.0,0.0,0.48360655737704916,0.0,0.0,0.5201961182806626,0.0,0.0,0.0,0.0
2883,44,0.9445454545454549,0.681818181818212,1.1493235144743523,0.6797359065515497,0.0119356691556572,0.0,0.0,0.014980266981582991,0.0,0.0,0.3977272727272727,0.0,0.0,0.5200355510411376,0.0,0.0,0.0,0.0
2884,55,1.259272727272728,0.8363636363636343,1.1476738049325075,0.6789810210088303,0.025566629752675898,0.0,0.0,0.014987647284920967,0.0,0.0,0.5545454545454546,0.0,0.0,0.5196386887242465,0.0,0.0,0.0,0.0
2885,46,1.349130434782609,0.6304347826086812,1.1486020087247637,0.6790098407223296,0.018279823269513946,0.0,0.0,0.015010832095884621,0.0,0.0,0.6956521739130435,0.0,0.0,0.5202140610733489,0.0,0.0,0.0,0.0
2886,50,1.1150000000000007,0.800000000000064,1.149026072841635,0.680430151161612,0.0192706533010726,0.0,0.0,0.015029047085737369,0.0,0.0,0.42,0.0,0.0,0.5194024551080451,0.0,0.0,0.0,0.0
2887,42,1.3409523809523816,0.6666666666666797,1.1492933184629424,0.680624556422996,0.021373814041745896,0.0,0.0,0.01504924152910285,0.0,0.0,0.6726190476190477,0.0,0.0,0.5193906519314611,0.0,0.0,0.0,0.0
2888,54,1.1359259259259264,0.7962962962962604,1.1496896866443564,0.6813710577020593,0.015978119301900653,0.0,0.0,0.015086209076138408,0.0,0.0,0.39351851851851855,0.0,0.0,0.5186593651759457,0.0,0.0,0.0,0.0
2889,44,1.2100000000000006,0.5909090909090918,1.1492279598255046,0.6804301511616121,0.02189144736842009,0.0,0.0,0.01512812500000003,0.0,0.0,0.6818181818181818,0.0,0.0,0.5190727401846403,0.0,0.0,0.0,0.0
2890,54,1.0198148148148152,0.5185185185185236,1.149049070405364,0.6797724271055582,0.013695598109922881,0.0,0.0,0.015158276071424295,0.0,0.0,0.46296296296296297,0.0,0.0,0.5188458803210403,0.0,0.0,0.0,0.0
2891,44,1.0104545454545457,0.772727272727264,1.148826997357186,0.681134376905876,0.010772958565544019,0.0,0.0,0.015151140609227594,0.0,0.0,0.42613636363636365,0.0,0.0,0.5185759300670868,0.0,0.0,0.0,0.0
2892,49,1.0608163265306128,0.7755102040816585,1.148548796587793,0.6825429064689762,0.01598892648415898,0.0,0.0,0.015157061853114133,0.0,0.0,0.3622448979591837,0.0,0.0,0.5172641413628516,0.0,0.0,0.0,0.0
2893,48,0.8972916666666672,0.5000000000000006,1.1467918019480516,0.6808035714285721,0.012833730631704558,0.0,0.0,0.015168605220742894,0.0,0.0,0.4479166666666667,0.0,0.0,0.5171469155844156,0.0,0.0,0.0,0.0
2894,44,1.4011363636363643,0.8636363636363814,1.1480718854706056,0.6831150370596007,0.01843600478468913,0.0,0.0,0.015191040701611112,0.0,0.0,0.5852272727272727,0.0,0.0,0.5168798862828714,0.0,0.0,0.0,0.0
2895,47,1.0721276595744684,0.595744680851073,1.1483221680876974,0.6832115306536751,0.013348344370860906,0.0,0.0,0.015197530947119575,0.0,0.0,0.5212765957446809,0.0,0.0,0.517204628501827,0.0,0.0,0.0,0.0
2896,49,1.4006122448979597,0.7755102040816723,1.1503769176064202,0.6827186833282541,0.01463326226012765,0.0,0.0,0.015230949476145082,0.0,0.0,0.6989795918367347,0.0,0.0,0.5193792542923905,0.0,0.0,0.0,0.0
2897,51,1.1907843137254905,0.7843137254902186,1.1518368592351498,0.6840927583401146,0.015228184553660571,0.0,0.0,0.01523059336166552,0.0,0.0,0.47058823529411764,0.0,0.0,0.5197823433685923,0.0,0.0,0.0,0.0
2898,53,1.1430188679245288,0.6415094339622531,1.1518504577822983,0.6844354018311297,0.016271823798012647,0.0,0.0,0.015225586355091449,0.0,0.0,0.4811320754716981,0.0,0.0,0.5195829094608342,0.0,0.0,0.0,0.0
2899,53,1.246603773584906,0.6792452830188536,1.15059422059422,0.6839641839641846,0.013701783492327816,0.0,0.0,0.015227981249234133,0.0,0.0,0.6037735849056604,0.0,0.0,0.5192307692307693,0.0,0.0,0.0,0.0
2900,61,1.3977049180327874,0.8688524590164337,1.1518536189219364,0.6849050857780944,0.017492819039802543,0.0,0.0,0.01525025972821613,0.0,0.0,0.6229508196721312,0.0,0.0,0.5198964572124657,0.0,0.0,0.0,0.0
2901,56,1.2662500000000008,0.6071428571428383,1.1534130765331974,0.6851495184997474,0.017240457087285464,0.0,0.0,0.015270054459126174,0.0,0.0,0.6785714285714286,0.0,0.0,0.5213380638621389,0.0,0.0,0.0,0.0
2902,58,1.1724137931034488,0.7931034482757586,1.1538666531563475,0.6862904042962812,0.013325494806975749,0.0,0.0,0.0152590928033425,0.0,0.0,0.5129310344827587,0.0,0.0,0.5211520924105786,0.0,0.0,0.0,0.0
2903,51,1.3380392156862753,0.7843137254901978,1.1538832102013958,0.6865701852039267,0.01514761376248528,0.0,0.0,0.015225392569129456,0.0,0.0,0.6470588235294118,0.0,0.0,0.5210251998785548,0.0,0.0,0.0,0.0
2904,54,1.1496296296296302,0.6851851851851704,1.1531914678528095,0.6857056207035986,0.01726842837274062,0.0,0.0,0.015221598035814398,0.0,0.0,0.49074074074074076,0.0,0.0,0.5207996360695512,0.0,0.0,0.0,0.0
2905,55,0.8767272727272731,0.5818181818181549,1.1526047450782426,0.6858152448258451,0.007972883597883472,0.0,0.0,0.015199449885237469,0.0,0.0,0.41818181818181815,0.0,0.0,0.5204694598687531,0.0,0.0,0.0,0.0
2906,51,0.9768627450980398,0.6274509803921694,1.1486871339123403,0.6846091698646732,0.012019300361881851,0.0,0.0,0.015154175748629081,0.0,0.0,0.4166666666666667,0.0,0.0,0.5184306200767522,0.0,0.0,0.0,0.0
2907,59,1.05542372881356,0.5762711864407055,1.1490727272727268,0.6840404040404039,0.018756024096386492,0.0,0.0,0.0151814232809529,0.0,0.0,0.5254237288135594,0.0,0.0,0.5191414141414141,0.0,0.0,0.0,0.0
2908,51,1.2827450980392163,0.8627450980392147,1.1499192816062955,0.6832812027040659,0.017343584305408267,0.0,0.0,0.015200745309140612,0.0,0.0,0.5588235294117647,0.0,0.0,0.5202804964181212,0.0,0.0,0.0,0.0
2909,53,1.3598113207547176,0.943396226415077,1.1529589262286803,0.6838227873650209,0.013825052752733536,0.0,0.0,0.015213602485381906,0.0,0.0,0.4811320754716981,0.0,0.0,0.5220002018367141,0.0,0.0,0.0,0.0
2910,53,1.215094339622642,0.6037735849056882,1.15261496571198,0.6833400564743842,0.012785388127854588,0.0,0.0,0.015186157597177884,0.0,0.0,0.6132075471698113,0.0,0.0,0.5218334005647438,0.0,0.0,0.0,0.0
2911,44,1.0768181818181823,0.5454545454545544,1.1516123499142359,0.6828776107355459,0.011444444444445014,0.0,0.0,0.015146721200523442,0.0,0.0,0.5340909090909091,0.0,0.0,0.5213399253354858,0.0,0.0,0.0,0.0
2912,50,1.0114000000000005,0.7599999999999644,1.1506062745889227,0.6837486129325122,0.013030146869362888,0.0,0.0,0.015137687612560945,0.0,0.0,0.35,0.0,0.0,0.5201755270856451,0.0,0.0,0.0,0.0
2913,55,1.190727272727273,0.6181818181818265,1.1510548608309796,0.6843485276321092,0.01237294539958331,0.0,0.0,0.015114972667175224,0.0,0.0,0.5954545454545455,0.0,0.0,0.5203963291649859,0.0,0.0,0.0,0.0
2914,49,1.031836734693878,0.6938775510203983,1.1505116560702382,0.6853365627207583,0.011774569166278087,0.0,0.0,0.015110942039742998,0.0,0.0,0.46938775510204084,0.0,0.0,0.51952770208901,0.0,0.0,0.0,0.0
2915,45,1.1848888888888895,0.8444444444444363,1.1504511505853847,0.6862131610819532,0.016943120432157448,0.0,0.0,0.015121811114501418,0.0,0.0,0.42777777777777776,0.0,0.0,0.5189493338716189,0.0,0.0,0.0,0.0
2916,43,1.1213953488372097,0.6511627906976833,1.1504714314556825,0.6861498081970515,0.01211862276953991,0.0,0.0,0.015113731907794433,0.0,0.0,0.5697674418604651,0.0,0.0,0.5193317181506157,0.0,0.0,0.0,0.0
2917,50,1.2612000000000003,0.7799999999999834,1.1508137304391712,0.6865219586067631,0.016227483273288636,0.0,0.0,0.015118647349915209,0.0,0.0,0.62,0.0,0.0,0.5199141847551741,0.0,0.0,0.0,0.0
2918,49,1.3485714285714292,0.8163265306122274,1.152493684955036,0.6878852177427491,0.019573459715639722,0.0,0.0,0.015145241879480536,0.0,0.0,0.5408163265306123,0.0,0.0,0.5198039810043448,0.0,0.0,0.0,0.0
2919,42,0.9302380952380955,0.6666666666666647,1.151564426478018,0.6878221323900948,0.013366404379062835,0.0,0.0,0.015144832957638684,0.0,0.0,0.34523809523809523,0.0,0.0,0.5190500252652855,0.0,0.0,0.0,0.0
2920,49,1.1136734693877557,0.6122448979591806,1.151663634525974,0.6882959369314724,0.014341655716162168,0.0,0.0,0.015158065013914854,0.0,0.0,0.5510204081632653,0.0,0.0,0.5189003436426117,0.0,0.0,0.0,0.0
2921,50,1.1864000000000003,0.8800000000000138,1.1519162706037,0.689655172413792,0.0149195171026159,0.0,0.0,0.015146071778070912,0.0,0.0,0.455,0.0,0.0,0.5183284457478006,0.0,0.0,0.0,0.0
2922,46,1.2189130434782616,0.9130434782608983,1.1533930197268578,0.6907435508345968,0.013504335260115937,0.0,0.0,0.015139245380728888,0.0,0.0,0.44565217391304346,0.0,0.0,0.5187405159332321,0.0,0.0,0.0,0.0
2923,43,0.9118604651162794,0.558139534883725,1.1530433023067572,0.6906110886280847,0.009607939230580492,0.0,0.0,0.015133385209047646,0.0,0.0,0.47674418604651164,0.0,0.0,0.51902063941724,0.0,0.0,0.0,0.0
2924,51,1.201176470588236,0.5294117647058952,1.1532585178445038,0.6907289455060146,0.01756307339449563,0.0,0.0,0.015139511394901618,0.0,0.0,0.6470588235294118,0.0,0.0,0.5188555252249519,0.0,0.0,0.0,0.0
2925,50,1.0046000000000004,0.5600000000000347,1.1515095103197075,0.6887899635774982,0.012236297198538373,0.0,0.0,0.01511825331780091,0.0,0.0,0.47,0.0,0.0,0.5184135977337111,0.0,0.0,0.0,0.0
2926,57,1.0484210526315796,0.526315789473687,1.150548139158575,0.6874999999999991,0.01710360618202547,0.0,0.0,0.015128001234003183,0.0,0.0,0.5087719298245614,0.0,0.0,0.5182291666666666,0.0,0.0,0.0,0.0
2927,54,1.187592592592593,0.6481481481481508,1.1516695283304703,0.6875063124936864,0.013385514506365853,0.0,0.0,0.015108910969803869,0.0,0.0,0.5787037037037037,0.0,0.0,0.5191394808605191,0.0,0.0,0.0,0.0
2928,57,0.9326315789473688,0.6666666666666671,1.1492417205169618,0.6873990306946677,0.013119447186574408,0.0,0.0,0.015082467929138676,0.0,0.0,0.35526315789473684,0.0,0.0,0.5174929321486268,0.0,0.0,0.0,0.0
2929,47,1.1502127659574473,0.6808510638297836,1.1491111335827675,0.6858125189604604,0.012018674966652272,0.0,0.0,0.015039419787317126,0.0,0.0,0.6063829787234043,0.0,0.0,0.5184801294367479,0.0,0.0,0.0,0.0
2930,53,1.2781132075471702,0.7547169811321067,1.1495899404100582,0.6862943137056857,0.013199532346064238,0.0,0.0,0.015037097025632369,0.0,0.0,0.5660377358490566,0.0,0.0,0.5185082314917685,0.0,0.0,0.0,0.0
2931,56,1.3542857142857152,0.7142857142857618,1.15115543884456,0.6858903141096856,0.01588604943443657,0.0,0.0,0.015036041360495408,0.0,0.0,0.59375,0.0,0.0,0.52002322997677,0.0,0.0,0.0,0.0
2932,53,1.2432075471698116,0.8301886792452772,1.1522696969696957,0.6873737373737369,0.014258818437567478,0.0,0.0,0.01501937415489055,0.0,0.0,0.6320754716981132,0.0,0.0,0.5206565656565657,0.0,0.0,0.0,0.0
2933,54,1.1542592592592598,0.9259259259258791,1.1515824575586082,0.6885610347615191,0.013609170305676389,0.0,0.0,0.01499799299588466,0.0,0.0,0.375,0.0,0.0,0.5192249393694423,0.0,0.0,0.0,0.0
2934,37,1.4470270270270273,0.5405405405405219,1.1538832102013954,0.687885841514016,0.015420506912442388,0.0,0.0,0.014990067117623476,0.0,0.0,0.8378378378378378,0.0,0.0,0.5213794150389637,0.0,0.0,0.0,0.0
2935,51,1.105882352941177,0.7450980392156783,1.153882591093116,0.6886639676113352,0.014885193982579849,0.0,0.0,0.01499812529353956,0.0,0.0,0.5098039215686274,0.0,0.0,0.5210779352226721,0.0,0.0,0.0,0.0
2936,52,0.9344230769230776,0.6538461538461464,1.1531391815234997,0.689424635332252,0.013587807606263262,0.0,0.0,0.014985177774559998,0.0,0.0,0.375,0.0,0.0,0.5198541329011345,0.0,0.0,0.0,0.0
2937,45,1.2422222222222226,0.8222222222222101,1.1539505922851054,0.6903918193783528,0.015043057050592015,0.0,0.0,0.015001263533629728,0.0,0.0,0.43333333333333335,0.0,0.0,0.5194137896122304,0.0,0.0,0.0,0.0
2938,55,1.171272727272728,0.8727272727272942,1.155302033795405,0.6921987250834758,0.013998261625380839,0.0,0.0,0.015014478155212129,0.0,0.0,0.4090909090909091,0.0,0.0,0.5192249317009006,0.0,0.0,0.0,0.0
2939,46,1.0302173913043482,0.6086956521739036,1.1558980582524259,0.693062297734627,0.013594377510039243,0.0,0.0,0.015034153823084108,0.0,0.0,0.4891304347826087,0.0,0.0,0.5190129449838188,0.0,0.0,0.0,0.0
2940,52,1.0432692307692313,0.7692307692307419,1.1545912076806453,0.6923698837796857,0.013119709794437382,0.0,0.0,0.015006173390846554,0.0,0.0,0.38461538461538464,0.0,0.0,0.5182415361293583,0.0,0.0,0.0,0.0
2941,49,1.2430612244897965,0.530612244897982,1.1554468257177504,0.6913667610190043,0.01699497767857084,0.0,0.0,0.01501222815022628,0.0,0.0,0.7142857142857143,0.0,0.0,0.5194096239385362,0.0,0.0,0.0,0.0
2942,46,1.0413043478260875,0.7391304347826272,1.1557243887654058,0.6915538492624764,0.012814339218833667,0.0,0.0,0.015015850221640549,0.0,0.0,0.3804347826086957,0.0,0.0,0.5193978581531623,0.0,0.0,0.0,0.0
2943,57,1.2547368421052638,0.6315789473684016,1.1558884735831887,0.6914839882816437,0.0185621593563455,0.0,0.0,0.01503716534108529,0.0,0.0,0.5657894736842105,0.0,0.0,0.519421153651884,0.0,0.0,0.0,0.0
2944,43,1.4788372093023263,0.7441860465116147,1.1561490306946673,0.6908319870759279,0.02294839408155887,0.0,0.0,0.015044494283998717,0.0,0.0,0.7209302325581395,0.0,0.0,0.5200676494345718,0.0,0.0,0.0,0.0
2945,53,1.1050943396226418,0.7547169811321384,1.157532546170147,0.6933091129276409,0.011623337963883183,0.0,0.0,0.015021609133984471,0.0,0.0,0.4056603773584906,0.0,0.0,0.5198052275708952,0.0,0.0,0.0,0.0
2946,50,1.1912000000000005,0.5999999999999798,1.1574050505050493,0.691717171717171,0.012315963606286317,0.0,0.0,0.015015023790398123,0.0,0.0,0.58,0.0,0.0,0.520429292929293,0.0,0.0,0.0,0.0
2947,47,0.9661702127659579,0.5106382978723316,1.156105273792684,0.690038391594261,0.013458802608180748,0.0,0.0,0.014978820714336191,0.0,0.0,0.48936170212765956,0.0,0.0,0.5201303293594666,0.0,0.0,0.0,0.0
2948,56,1.2207142857142865,0.785714285714279,1.1560353535353525,0.6909090909090904,0.020841463414634664,0.0,0.0,0.014979823588927372,0.0,0.0,0.45982142857142855,0.0,0.0,0.5193939393939394,0.0,0.0,0.0,0.0
2949,37,1.1502702702702705,0.7567567567567431,1.1565817409766441,0.6907289455060152,0.014772648385977605,0.0,0.0,0.014989209891522387,0.0,0.0,0.4189189189189189,0.0,0.0,0.5196643413203923,0.0,0.0,0.0,0.0
2950,50,1.4216000000000006,0.8799999999999851,1.1579034050722428,0.6918258057997367,0.01799038218172574,0.0,0.0,0.015006770205856156,0.0,0.0,0.58,0.0,0.0,0.5198039810043448,0.0,0.0,0.0,0.0
2951,62,0.9935483870967751,0.8064516129032285,1.1560622858294687,0.6918967950010073,0.01182568631215239,0.0,0.0,0.014956182841615406,0.0,0.0,0.3467741935483871,0.0,0.0,0.5186454343882282,0.0,0.0,0.0,0.0
2952,62,1.2814516129032265,0.72580645161283,1.1563523847856703,0.6922922117126175,0.01783389450056059,0.0,0.0,0.014955005485231513,0.0,0.0,0.5887096774193549,0.0,0.0,0.5185147917085933,0.0,0.0,0.0,0.0
2953,53,1.2847169811320764,0.7924528301886977,1.1570181964411372,0.6912636975972648,0.01788547412660908,0.0,0.0,0.014978337174813594,0.0,0.0,0.5188679245283019,0.0,0.0,0.5192017693777018,0.0,0.0,0.0,0.0
2954,56,1.2130357142857149,0.7857142857143604,1.1572834170854263,0.6920603015075374,0.016301895848332516,0.0,0.0,0.014986679195727964,0.0,0.0,0.5089285714285714,0.0,0.0,0.5189698492462311,0.0,0.0,0.0,0.0
2955,43,0.8851162790697679,0.39534883720929925,1.1544868182732937,0.6901791104850069,0.01327057182705691,0.0,0.0,0.014981158141041036,0.0,0.0,0.4883720930232558,0.0,0.0,0.5180368283356812,0.0,0.0,0.0,0.0
2956,56,0.8403571428571432,0.5357142857142848,1.1535266914647622,0.6899567708856941,0.008513024602026208,0.0,0.0,0.014936111552249758,0.0,0.0,0.4017857142857143,0.0,0.0,0.5177691766361717,0.0,0.0,0.0,0.0
2957,47,1.1572340425531917,0.5106382978723356,1.154085016581247,0.689578936790272,0.01229708342753865,0.0,0.0,0.014909350556619386,0.0,0.0,0.6595744680851063,0.0,0.0,0.5182142498241383,0.0,0.0,0.0,0.0
2958,54,1.0416666666666672,0.6666666666666443,1.1529006329749816,0.68964131417663,0.013577118030411763,0.0,0.0,0.01490478324403311,0.0,0.0,0.4074074074074074,0.0,0.0,0.5170551592484678,0.0,0.0,0.0,0.0
2959,53,1.2515094339622646,0.7547169811320391,1.1535605300140526,0.6901224653683996,0.013775700934578559,0.0,0.0,0.014908113227128834,0.0,0.0,0.5330188679245284,0.0,0.0,0.5169644649668741,0.0,0.0,0.0,0.0
2960,41,1.2495121951219517,0.5853658536585515,1.152139268488745,0.6888062700964628,0.019317496229261443,0.0,0.0,0.014903703799985695,0.0,0.0,0.6585365853658537,0.0,0.0,0.516730305466238,0.0,0.0,0.0,0.0
2961,46,1.5852173913043486,0.9130434782609239,1.152922195416163,0.6896863691194212,0.021203838325095183,0.0,0.0,0.014902742694982377,0.0,0.0,0.6630434782608695,0.0,0.0,0.516485725774025,0.0,0.0,0.0,0.0
2962,48,1.3002083333333339,0.7083333333333792,1.153710034184596,0.6904283128896043,0.01480664294187452,0.0,0.0,0.014912660322015103,0.0,0.0,0.5729166666666666,0.0,0.0,0.5161874120249347,0.0,0.0,0.0,0.0
2963,50,0.9482000000000005,0.6399999999999955,1.1537119002112453,0.6907755758977974,0.012686647043082828,0.0,0.0,0.014910225725974929,0.0,0.0,0.38,0.0,0.0,0.5158686248868323,0.0,0.0,0.0,0.0
2964,47,1.5548936170212773,0.8085106382979035,1.1556781794381221,0.6906655925888633,0.021054451166810532,0.0,0.0,0.014935525136022502,0.0,0.0,0.7446808510638298,0.0,0.0,0.5171936360890143,0.0,0.0,0.0,0.0
2965,48,1.1695833333333336,0.5625000000000219,1.1553171566653233,0.689689891260572,0.014498966942148854,0.0,0.0,0.01493492835546207,0.0,0.0,0.5885416666666666,0.0,0.0,0.5172170761175997,0.0,0.0,0.0,0.0
2966,46,0.7982608695652177,0.6304347826087061,1.152493454179254,0.6884189325276943,0.009024330302285794,0.0,0.0,0.01490489295003119,0.0,0.0,0.31521739130434784,0.0,0.0,0.5159113796576033,0.0,0.0,0.0,0.0
2967,53,1.3343396226415096,0.9056603773585493,1.152980866062436,0.6906344410876141,0.014761010227509945,0.0,0.0,0.014920699047345987,0.0,0.0,0.5566037735849056,0.0,0.0,0.5153071500503524,0.0,0.0,0.0,0.0
2968,51,1.259803921568628,0.588235294117657,1.1538578475787769,0.6896204570623182,0.016419626884743303,0.0,0.0,0.014938213999439549,0.0,0.0,0.6666666666666666,0.0,0.0,0.5167623074599819,0.0,0.0,0.0,0.0
2969,58,1.0851724137931043,0.5517241379310214,1.153761938272845,0.6880466472303214,0.016524022053031925,0.0,0.0,0.01495909748562937,0.0,0.0,0.4827586206896552,0.0,0.0,0.5172413793103449,0.0,0.0,0.0,0.0
2970,54,1.1157407407407411,0.6481481481481713,1.154592555331991,0.6884305835010066,0.023110855389336448,0.0,0.0,0.015011595526075864,0.0,0.0,0.46296296296296297,0.0,0.0,0.5173038229376258,0.0,0.0,0.0,0.0
2971,44,1.1115909090909097,0.6590909090909052,1.1532404706828918,0.6883234436286838,0.01652364864864943,0.0,0.0,0.014998384622125832,0.0,0.0,0.5340909090909091,0.0,0.0,0.5165945891582018,0.0,0.0,0.0,0.0
2972,48,1.299791666666667,0.7083333333333336,1.153373518183644,0.6882660237090621,0.012652605962279751,0.0,0.0,0.01498061638714509,0.0,0.0,0.6354166666666666,0.0,0.0,0.5167269439421338,0.0,0.0,0.0,0.0
2973,50,0.9164000000000004,0.4799999999999988,1.1527128354608493,0.6878078198813955,0.01514210178453408,0.0,0.0,0.014996332101111086,0.0,0.0,0.545,0.0,0.0,0.517288169665293,0.0,0.0,0.0,0.0
2974,47,0.9372340425531918,0.5531914893616803,1.1514960313473317,0.6865266753742593,0.011174530695078507,0.0,0.0,0.014983076639487308,0.0,0.0,0.5106382978723404,0.0,0.0,0.5174821661810509,0.0,0.0,0.0,0.0
2975,57,1.0791228070175445,0.49122807017543163,1.1505169125765324,0.6849342567499753,0.01684743905779301,0.0,0.0,0.014975255932566529,0.0,0.0,0.5043859649122807,0.0,0.0,0.5174897119341564,0.0,0.0,0.0,0.0
2976,60,1.1181666666666672,0.533333333333342,1.150644417718981,0.6840048105832838,0.013982909545644576,0.0,0.0,0.014985877070471063,0.0,0.0,0.5666666666666667,0.0,0.0,0.5179645219482862,0.0,0.0,0.0,0.0
2977,44,1.3215909090909095,0.8863636363636622,1.1521013547415948,0.6849974912192679,0.016647580876038418,0.0,0.0,0.015007555614815277,0.0,0.0,0.5965909090909091,0.0,0.0,0.5190667335674862,0.0,0.0,0.0,0.0
2978,52,0.9051923076923081,0.5769230769230729,1.150423805229936,0.6845005510469899,0.012321989528795634,0.0,0.0,0.014994476177044398,0.0,0.0,0.40384615384615385,0.0,0.0,0.517783789199479,0.0,0.0,0.0,0.0
2979,48,1.1647916666666671,0.7916666666666905,1.1525363846231047,0.6869416842316577,0.01644411764705901,0.0,0.0,0.015046399547142509,0.0,0.0,0.4583333333333333,0.0,0.0,0.518016661648098,0.0,0.0,0.0,0.0
2980,45,1.034666666666667,0.600000000000018,1.152857716638216,0.6877196505673269,0.011640000000000273,0.0,0.0,0.015032555910668616,0.0,0.0,0.4222222222222222,0.0,0.0,0.5173963249322221,0.0,0.0,0.0,0.0
2981,52,1.1117307692307696,0.7692307692307724,1.1527904876580366,0.6884406983744739,0.013280496209510433,0.0,0.0,0.015019079902894463,0.0,0.0,0.4567307692307692,0.0,0.0,0.5169074854505318,0.0,0.0,0.0,0.0
2982,45,1.349555555555556,0.8444444444444656,1.152657349688316,0.6870098532073208,0.015819223756186943,0.0,0.0,0.014989461655330745,0.0,0.0,0.5777777777777777,0.0,0.0,0.5174944701387493,0.0,0.0,0.0,0.0
2983,37,0.8505405405405408,0.4864864864864772,1.1519545317372488,0.6879589578513241,0.011586892488954106,0.0,0.0,0.014992687981712742,0.0,0.0,0.3581081081081081,0.0,0.0,0.5161201086409818,0.0,0.0,0.0,0.0
2984,42,1.0969047619047625,0.6666666666666694,1.1534061399094102,0.6883744338198302,0.017968018720748814,0.0,0.0,0.015030483086084536,0.0,0.0,0.42857142857142855,0.0,0.0,0.5165324609964771,0.0,0.0,0.0,0.0
2985,52,1.1680769230769237,0.5769230769230859,1.153867458958605,0.687581831000102,0.01463614457831326,0.0,0.0,0.015049601584728588,0.0,0.0,0.6057692307692307,0.0,0.0,0.5171970994057811,0.0,0.0,0.0,0.0
2986,60,1.0930000000000004,0.6333333333333359,1.153041200765588,0.6869144756724098,0.01552556818181925,0.0,0.0,0.015048605213129316,0.0,0.0,0.49166666666666664,0.0,0.0,0.5165457842248413,0.0,0.0,0.0,0.0
2987,53,1.0488679245283026,0.5471698113207607,1.15297329974811,0.6872544080604545,0.015032449972958363,0.0,0.0,0.015066337513577556,0.0,0.0,0.5,0.0,0.0,0.5161964735516372,0.0,0.0,0.0,0.0
2988,37,1.3618918918918923,0.8108108108108018,1.154657327151783,0.6882684942551915,0.02066858080393806,0.0,0.0,0.015092167993012797,0.0,0.0,0.6081081081081081,0.0,0.0,0.5169320701471477,0.0,0.0,0.0,0.0
2989,51,1.2743137254901966,0.6078431372548854,1.155916700282371,0.6893908834207351,0.015142124883504467,0.0,0.0,0.015090407604402542,0.0,0.0,0.6127450980392157,0.0,0.0,0.5173709156918113,0.0,0.0,0.0,0.0
2990,40,1.1475000000000006,0.7499999999999869,1.1556445746615471,0.6904425136391197,0.020149253731343318,0.0,0.0,0.015128162399436052,0.0,0.0,0.525,0.0,0.0,0.5166952919781774,0.0,0.0,0.0,0.0
2991,32,1.2565625000000005,0.7500000000000038,1.1544397206194952,0.6893410264196788,0.01944390715667313,0.0,0.0,0.015117149287799123,0.0,0.0,0.59375,0.0,0.0,0.5162718898673955,0.0,0.0,0.0,0.0
2992,35,1.5228571428571434,1.0857142857142532,1.1554543614652895,0.6903460837887074,0.018610335195530774,0.0,0.0,0.015125547261539673,0.0,0.0,0.5642857142857143,0.0,0.0,0.5164693381906497,0.0,0.0,0.0,0.0
2993,53,1.004528301886793,0.6792452830188679,1.1551025563302,0.6911185207638687,0.013020298361457391,0.0,0.0,0.01512373974898828,0.0,0.0,0.42452830188679247,0.0,0.0,0.5157876124078004,0.0,0.0,0.0,0.0
2994,66,1.120303030303031,0.6060606060605775,1.154479208720225,0.6897456600726692,0.01551405791019836,0.0,0.0,0.01511622037004978,0.0,0.0,0.5378787878787878,0.0,0.0,0.5159719418651595,0.0,0.0,0.0,0.0
2995,49,1.0914285714285719,0.6530612244897716,1.1536910651186258,0.6901564866229184,0.012243589743589495,0.0,0.0,0.015095103042055635,0.0,0.0,0.4744897959183674,0.0,0.0,0.5148409893992932,0.0,0.0,0.0,0.0
2996,46,1.1934782608695658,0.7826086956521623,1.154084478577202,0.6898746968472117,0.018227091633466593,0.0,0.0,0.015122967914332293,0.0,0.0,0.5108695652173914,0.0,0.0,0.5155113177041228,0.0,0.0,0.0,0.0
2997,46,1.1247826086956527,0.6956521739130528,1.1536406786507767,0.6898606342153109,0.020218835482610057,0.0,0.0,0.01514559103516672,0.0,0.0,0.5543478260869565,0.0,0.0,0.5152999394061806,0.0,0.0,0.0,0.0
2998,58,1.1796551724137936,0.6206896551724116,1.1535948371483302,0.6896238781889693,0.01620942904524997,0.0,0.0,0.015144358692630498,0.0,0.0,0.6206896551724138,0.0,0.0,0.5158818190985177,0.0,0.0,0.0,0.0
2999,54,1.0198148148148152,0.42592592592592343,1.1534391694385635,0.6890434432012911,0.013009685802032404,0.0,0.0,0.01512919602839881,0.0,0.0,0.5092592592592593,0.0,0.0,0.5155982259852837,0.0,0.0,0.0,0.0
3000,47,1.070212765957447,0.7446808510638435,1.151908935227157,0.6891306537725406,0.011777101381409399,0.0,0.0,0.015078550876758077,0.0,0.0,0.48404255319148937,0.0,0.0,0.5150095698599778,0.0,0.0,0.0,0.0
3001,46,1.248260869565218,0.7608695652173816,1.1520036283007447,0.6887724249143327,0.021002194586685945,0.0,0.0,0.015093530879847886,0.0,0.0,0.5108695652173914,0.0,0.0,0.5149667405764967,0.0,0.0,0.0,0.0
3002,43,1.14139534883721,0.5813953488372102,1.152087834427056,0.6882382635032822,0.02483805668016126,0.0,0.0,0.015134763417985444,0.0,0.0,0.5465116279069767,0.0,0.0,0.5154215042907623,0.0,0.0,0.0,0.0
3003,50,1.1680000000000006,0.7599999999999859,1.1518837068443357,0.6889763779527568,0.012983548243663729,0.0,0.0,0.015083517076188522,0.0,0.0,0.51,0.0,0.0,0.515117100747022,0.0,0.0,0.0,0.0
3004,52,1.1938461538461544,0.769230769230727,1.153241824788049,0.6898465886152609,0.014514846855272162,0.0,0.0,0.015085266466785228,0.0,0.0,0.5480769230769231,0.0,0.0,0.5158457811869197,0.0,0.0,0.0,0.0
3005,46,1.2952173913043483,0.956521739130431,1.153873573664545,0.6918105624558221,0.014917376064096028,0.0,0.0,0.015072600835226182,0.0,0.0,0.4673913043478261,0.0,0.0,0.5152479046753509,0.0,0.0,0.0,0.0
3006,62,0.8172580645161295,0.29032258064516625,1.1511758186397973,0.6888664987405547,0.013679805615550848,0.0,0.0,0.015060596074502728,0.0,0.0,0.45564516129032256,0.0,0.0,0.514735516372796,0.0,0.0,0.0,0.0
3007,54,1.379444444444445,0.77777777777781,1.1519808660624358,0.687713997985902,0.015454356846473541,0.0,0.0,0.015068035006744232,0.0,0.0,0.6342592592592593,0.0,0.0,0.5161127895266868,0.0,0.0,0.0,0.0
3008,51,1.1190196078431378,0.7647058823529622,1.1533739919354826,0.6887096774193556,0.01504217185029107,0.0,0.0,0.01506699606122421,0.0,0.0,0.4411764705882353,0.0,0.0,0.516633064516129,0.0,0.0,0.0,0.0
3009,49,1.1173469387755108,0.6938775510203772,1.1552231288405348,0.6898358013498544,0.014959016393442494,0.0,0.0,0.015063753544965083,0.0,0.0,0.5306122448979592,0.0,0.0,0.5177042409590007,0.0,0.0,0.0,0.0
3010,56,1.1773214285714293,0.6785714285714339,1.1547956512985695,0.6900543587678685,0.01516678168852114,0.0,0.0,0.015037154620634891,0.0,0.0,0.5178571428571429,0.0,0.0,0.5173394403060197,0.0,0.0,0.0,0.0
3011,59,1.3052542372881362,0.7118644067796448,1.154634955752211,0.6889581657280781,0.016891862250493196,0.0,0.0,0.015055288571859423,0.0,0.0,0.614406779661017,0.0,0.0,0.5177996781979083,0.0,0.0,0.0,0.0
3012,46,1.1176086956521745,0.5869565217391589,1.153973263644586,0.6875062820383966,0.0175941136208071,0.0,0.0,0.015068511849137444,0.0,0.0,0.5869565217391305,0.0,0.0,0.5181927831942909,0.0,0.0,0.0,0.0
3013,42,1.2040476190476195,0.8571428571429015,1.15350176144942,0.6880724710619031,0.019140802422407822,0.0,0.0,0.015089701775338051,0.0,0.0,0.5238095238095238,0.0,0.0,0.517866129843986,0.0,0.0,0.0,0.0
3014,38,1.4136842105263163,0.9210526315789416,1.1548836506497422,0.6900372720862301,0.017948546608753214,0.0,0.0,0.015101280862408733,0.0,0.0,0.5921052631578947,0.0,0.0,0.5176790571169537,0.0,0.0,0.0,0.0
3015,43,1.1644186046511633,0.46511627906977177,1.1553296370967732,0.6891129032258072,0.013587516960650841,0.0,0.0,0.015112643944918215,0.0,0.0,0.7674418604651163,0.0,0.0,0.519203629032258,0.0,0.0,0.0,0.0
3016,45,1.2751111111111115,0.7555555555555805,1.155804075867634,0.6890637610976603,0.01638024550385434,0.0,0.0,0.015108290989751838,0.0,0.0,0.6,0.0,0.0,0.5200766747376917,0.0,0.0,0.0,0.0
3017,54,1.285555555555556,0.85185185185187,1.157233528107998,0.6905097723151329,0.0193748255651689,0.0,0.0,0.015153158144688955,0.0,0.0,0.5,0.0,0.0,0.5201491033649003,0.0,0.0,0.0,0.0
3018,57,1.0185964912280705,0.5789473684210942,1.1573275688719074,0.6892217977076225,0.012740838270792322,0.0,0.0,0.015141559382855573,0.0,0.0,0.5175438596491229,0.0,0.0,0.5207872511562437,0.0,0.0,0.0,0.0
3019,56,1.2451785714285717,0.7857142857142853,1.1575851330989442,0.6902059266700165,0.012188428596399278,0.0,0.0,0.015109996879335187,0.0,0.0,0.5,0.0,0.0,0.5203164239075841,0.0,0.0,0.0,0.0
3020,50,1.1978000000000004,0.5800000000000108,1.156793571069813,0.6889000502260186,0.013796360285648901,0.0,0.0,0.015072510051935013,0.0,0.0,0.59,0.0,0.0,0.5204671019588146,0.0,0.0,0.0,0.0
3021,35,1.363428571428572,0.7999999999999937,1.1567895266868065,0.6890231621349463,0.019429967426710288,0.0,0.0,0.015065801036133534,0.0,0.0,0.5857142857142857,0.0,0.0,0.5205438066465257,0.0,0.0,0.0,0.0
3022,54,1.0387037037037044,0.7037037037036897,1.1558778549149802,0.6893047590300851,0.01642940831868743,0.0,0.0,0.015057164239551142,0.0,0.0,0.4351851851851852,0.0,0.0,0.5195190663044572,0.0,0.0,0.0,0.0
3023,47,1.0138297872340432,0.7021276595744431,1.1557335344394155,0.689190548014079,0.011169714017814752,0.0,0.0,0.015021904659837375,0.0,0.0,0.4095744680851064,0.0,0.0,0.5196078431372549,0.0,0.0,0.0,0.0
3024,47,1.3636170212765963,0.9148936170212544,1.1562951050356811,0.6903206352397241,0.019333333333332443,0.0,0.0,0.01504071354607927,0.0,0.0,0.5319148936170213,0.0,0.0,0.5197004724092874,0.0,0.0,0.0,0.0
3025,42,1.0295238095238102,0.6190476190476436,1.1557951455332853,0.6900997079262783,0.01319902319902365,0.0,0.0,0.015039775318595724,0.0,0.0,0.4523809523809524,0.0,0.0,0.5194128311008158,0.0,0.0,0.0,0.0
3026,52,1.1490384615384621,0.7307692307692315,1.155373780058355,0.6904115102122967,0.02291906405830405,0.0,0.0,0.015071714695212552,0.0,0.0,0.5673076923076923,0.0,0.0,0.5192423785089043,0.0,0.0,0.0,0.0
3027,43,1.081162790697675,0.6511627906976706,1.1550130811028365,0.6901791104850087,0.019995698924731242,0.0,0.0,0.015087335125294926,0.0,0.0,0.48255813953488375,0.0,0.0,0.51896759911451,0.0,0.0,0.0,0.0
3028,54,1.0290740740740747,0.5740740740740876,1.1546412060301496,0.6900502512562832,0.012848554913295016,0.0,0.0,0.015052808804743044,0.0,0.0,0.5370370370370371,0.0,0.0,0.5190954773869346,0.0,0.0,0.0,0.0
3029,55,1.3407272727272732,0.854545454545488,1.1572014475271402,0.6913952553277058,0.016285335689046665,0.0,0.0,0.015085723271676545,0.0,0.0,0.5727272727272728,0.0,0.0,0.520205066344994,0.0,0.0,0.0,0.0
3030,57,1.0863157894736848,0.6315789473684099,1.1566107652138973,0.6909017875075332,0.018020954598370373,0.0,0.0,0.015089857624436155,0.0,0.0,0.5087719298245614,0.0,0.0,0.5199839325165696,0.0,0.0,0.0,0.0
3031,48,1.289583333333334,0.5833333333333502,1.157274188686827,0.6916507585652585,0.018740538904027167,0.0,0.0,0.015099656276300388,0.0,0.0,0.625,0.0,0.0,0.5195418466793932,0.0,0.0,0.0,0.0
3032,45,0.8528888888888893,0.42222222222222394,1.1570258317418827,0.6904211478540574,0.01398178506375175,0.0,0.0,0.015108491073702024,0.0,0.0,0.5444444444444444,0.0,0.0,0.5202784199417027,0.0,0.0,0.0,0.0
3033,51,1.1743137254901965,0.7843137254902035,1.1565277219766965,0.6899357171554857,0.011429389312976702,0.0,0.0,0.015061038697736489,0.0,0.0,0.5098039215686274,0.0,0.0,0.5205152671755725,0.0,0.0,0.0,0.0
3034,56,1.1114285714285719,0.6071428571428227,1.1558392767453531,0.6900050226017092,0.015001205109665036,0.0,0.0,0.01506397986997176,0.0,0.0,0.5714285714285714,0.0,0.0,0.5204168759417378,0.0,0.0,0.0,0.0
3035,62,0.8830645161290328,0.33870967741933933,1.1553565339484493,0.6883963494133,0.011444397993311331,0.0,0.0,0.015030059963364433,0.0,0.0,0.5080645161290323,0.0,0.0,0.5208855681476281,0.0,0.0,0.0,0.0
3036,37,1.2132432432432438,0.7297297297297348,1.154366777141708,0.6886612433463909,0.016662954714178804,0.0,0.0,0.01500481056051843,0.0,0.0,0.527027027027027,0.0,0.0,0.5200612634327608,0.0,0.0,0.0,0.0
3037,51,0.9719607843137259,0.39215686274507366,1.1526915737671977,0.6860500150647799,0.010511026293469112,0.0,0.0,0.014962838485275555,0.0,0.0,0.5490196078431373,0.0,0.0,0.5199106156472834,0.0,0.0,0.0,0.0
3038,46,0.8113043478260874,0.8260869565217696,1.1505988745980695,0.6866961414791012,0.010724137931034843,0.0,0.0,0.01492720050788223,0.0,0.0,0.1793478260869565,0.0,0.0,0.5179863344051447,0.0,0.0,0.0,0.0
3039,44,0.8384090909090912,0.49999999999999145,1.1484417017860715,0.6855308047361043,0.011637223974763373,0.0,0.0,0.014911970752896648,0.0,0.0,0.42045454545454547,0.0,0.0,0.5171834236403773,0.0,0.0,0.0,0.0
3040,51,0.9996078431372554,0.7450980392156791,1.1480214816301937,0.6857056815900436,0.014094553497373217,0.0,0.0,0.014900026708183793,0.0,0.0,0.37745098039215685,0.0,0.0,0.5170648464163823,0.0,0.0,0.0,0.0
3041,61,0.9716393442622957,0.3278688524590274,1.1461801584913223,0.6834185976527251,0.016910128388016876,0.0,0.0,0.014880455180622797,0.0,0.0,0.5573770491803278,0.0,0.0,0.5167017755040626,0.0,0.0,0.0,0.0
3042,47,0.8634042553191493,0.6382978723404373,1.1443389217949995,0.6837666900913582,0.014586628324946336,0.0,0.0,0.014855288536725235,0.0,0.0,0.3191489361702128,0.0,0.0,0.5151089248067463,0.0,0.0,0.0,0.0
3043,59,0.9227118644067802,0.3898305084745937,1.14168706118355,0.6818455366098313,0.013030157970320536,0.0,0.0,0.01482420816836842,0.0,0.0,0.5,0.0,0.0,0.5141424272818456,0.0,0.0,0.0,0.0
3044,47,1.2546808510638303,0.7659574468085248,1.1424207781789002,0.6823104693140813,0.012949055775142236,0.0,0.0,0.014856213616541828,0.0,0.0,0.5053191489361702,0.0,0.0,0.514264941837144,0.0,0.0,0.0,0.0
3045,50,1.1348000000000005,0.6399999999999898,1.1441664160400995,0.6829072681704279,0.013705314009662475,0.0,0.0,0.014867317735302438,0.0,0.0,0.61,0.0,0.0,0.5158646616541354,0.0,0.0,0.0,0.0
3046,42,1.1088095238095244,0.5476190476190568,1.1451153923339346,0.6840256873369474,0.01706485892268231,0.0,0.0,0.014886352222670082,0.0,0.0,0.5833333333333334,0.0,0.0,0.5161800120409392,0.0,0.0,0.0,0.0
3047,57,1.1214035087719303,0.6842105263157814,1.1456063797773088,0.6851238840405273,0.01789473684210583,0.0,0.0,0.01489492540505856,0.0,0.0,0.5263157894736842,0.0,0.0,0.5163757648711004,0.0,0.0,0.0,0.0
3048,49,1.3073469387755108,0.7551020408163045,1.1480146542206153,0.6864398273612381,0.013351396415172264,0.0,0.0,0.014902307461792033,0.0,0.0,0.6224489795918368,0.0,0.0,0.5176402689952826,0.0,0.0,0.0,0.0
3049,49,1.1695918367346945,0.7346938775510337,1.1492940232651414,0.6864219815483369,0.013497409326425168,0.0,0.0,0.014917697776551355,0.0,0.0,0.5255102040816326,0.0,0.0,0.5189029281989571,0.0,0.0,0.0,0.0
3050,51,0.8364705882352946,0.47058823529413024,1.147311050888286,0.6849342567499761,0.013415094339622992,0.0,0.0,0.01491077531554754,0.0,0.0,0.36764705882352944,0.0,0.0,0.518041754491619,0.0,0.0,0.0,0.0
3051,53,1.1177358490566043,0.641509433962262,1.1472096288866591,0.6855566700100313,0.012463707132337801,0.0,0.0,0.014904514873005766,0.0,0.0,0.49056603773584906,0.0,0.0,0.5172768304914744,0.0,0.0,0.0,0.0
3052,43,1.2572093023255821,0.6511627906976625,1.147753994573409,0.6867651492312342,0.0157105492589364,0.0,0.0,0.014891281247596097,0.0,0.0,0.6046511627906976,0.0,0.0,0.5168576022510301,0.0,0.0,0.0,0.0
3053,47,1.1753191489361707,1.0638297872340015,1.1481705846895711,0.6885674100863984,0.01502311667119862,0.0,0.0,0.014894574485969985,0.0,0.0,0.3191489361702128,0.0,0.0,0.5161241711874623,0.0,0.0,0.0,0.0
3054,54,1.0816666666666672,0.6111111111110864,1.146145352338887,0.6875125476811896,0.0164860287891616,0.0,0.0,0.014888090596741494,0.0,0.0,0.49074074074074076,0.0,0.0,0.5151074081509737,0.0,0.0,0.0,0.0
3055,49,1.2189795918367352,0.6122448979592104,1.1456147212194134,0.6864219815483367,0.014150675195450303,0.0,0.0,0.014878636445923965,0.0,0.0,0.6632653061224489,0.0,0.0,0.5152426795026073,0.0,0.0,0.0,0.0
3056,62,0.9585483870967748,0.5161290322580389,1.1453639731651137,0.686592570341445,0.013788863109048546,0.0,0.0,0.014884476553086393,0.0,0.0,0.4112903225806452,0.0,0.0,0.5150695904676079,0.0,0.0,0.0,0.0
3057,41,1.3312195121951227,0.7317073170731608,1.146495589414594,0.6871491579791511,0.023970136144050053,0.0,0.0,0.014944435806206722,0.0,0.0,0.6829268292682927,0.0,0.0,0.5159883720930233,0.0,0.0,0.0,0.0
3058,46,0.9904347826086962,0.6521739130434802,1.1463556090708398,0.6886413806943619,0.012465116279070416,0.0,0.0,0.014942607813080398,0.0,0.0,0.40217391304347827,0.0,0.0,0.5149508328316276,0.0,0.0,0.0,0.0
3059,47,1.0317021276595748,0.7234042553191796,1.1461061502959755,0.6889736129226461,0.014720704310868889,0.0,0.0,0.014945272902825718,0.0,0.0,0.31382978723404253,0.0,0.0,0.5140965185110866,0.0,0.0,0.0,0.0
3060,50,0.9810000000000002,0.5600000000000024,1.1458180359113241,0.6885344568161315,0.010111317254175238,0.0,0.0,0.014933416655118418,0.0,0.0,0.5,0.0,0.0,0.5143695455913332,0.0,0.0,0.0,0.0
3061,52,1.2080769230769235,0.6346153846153361,1.145384306642584,0.6874372867750361,0.014622905027933801,0.0,0.0,0.014916816620210485,0.0,0.0,0.6298076923076923,0.0,0.0,0.5148003210917118,0.0,0.0,0.0,0.0
3062,54,1.1218518518518523,0.7962962962963052,1.1440366880513222,0.6866479550922227,0.014314744801512803,0.0,0.0,0.014887970821277734,0.0,0.0,0.3888888888888889,0.0,0.0,0.5139835605453087,0.0,0.0,0.0,0.0
3063,44,1.1838636363636372,0.77272727272728,1.1438195488721796,0.6868170426065174,0.0232026726057911,0.0,0.0,0.014904378722959574,0.0,0.0,0.3977272727272727,0.0,0.0,0.5132832080200501,0.0,0.0,0.0,0.0
3064,35,1.325428571428572,0.8571428571428729,1.1442436721574918,0.6867215749296921,0.016573776348696535,0.0,0.0,0.014933747748550838,0.0,0.0,0.6,0.0,0.0,0.5139614302932904,0.0,0.0,0.0,0.0
3065,38,0.9181578947368423,0.5263157894736924,1.1429934640522865,0.6855706385118164,0.012398720682302753,0.0,0.0,0.014921624867908947,0.0,0.0,0.5,0.0,0.0,0.5138763197586727,0.0,0.0,0.0,0.0
3066,48,1.1508333333333338,0.5624999999999636,1.1427063436211913,0.68472906403941,0.013509415505014066,0.0,0.0,0.014908957835449942,0.0,0.0,0.5833333333333334,0.0,0.0,0.5142505277973258,0.0,0.0,0.0,0.0
3067,49,0.9367346938775514,0.6938775510204116,1.1418061275740823,0.6843797086891021,0.01252729257641966,0.0,0.0,0.014903407675464506,0.0,0.0,0.4489795918367347,0.0,0.0,0.5143395278754395,0.0,0.0,0.0,0.0
3068,60,1.257333333333334,0.5666666666666498,1.143403251706141,0.6829586511441197,0.02195576251455234,0.0,0.0,0.014946624212679288,0.0,0.0,0.725,0.0,0.0,0.5171366920915295,0.0,0.0,0.0,0.0
3069,59,1.2808474576271192,0.5932203389830502,1.1432504760950173,0.6823694497343901,0.013697661772702199,0.0,0.0,0.014938353903859882,0.0,0.0,0.6949152542372882,0.0,0.0,0.5171644783000902,0.0,0.0,0.0,0.0
3070,51,1.19764705882353,0.7843137254901643,1.142021852445869,0.6820368885324789,0.014890297415894073,0.0,0.0,0.01493708044891968,0.0,0.0,0.5686274509803921,0.0,0.0,0.5168905372894947,0.0,0.0,0.0,0.0
3071,61,0.6721311475409839,0.6557377049180382,1.1399759711653974,0.6816179415298366,0.008615255305736595,0.0,0.0,0.014915096156239337,0.0,0.0,0.21721311475409835,0.0,0.0,0.515793952743292,0.0,0.0,0.0,0.0
3072,55,1.204363636363637,0.6545454545454523,1.1400900270081014,0.6810043012903878,0.01580906921241044,0.0,0.0,0.014908001219063985,0.0,0.0,0.5636363636363636,0.0,0.0,0.5162048614584376,0.0,0.0,0.0,0.0
3073,47,0.9163829787234047,0.3829787234042568,1.1383201363135198,0.6784604590558294,0.016426392067124332,0.0,0.0,0.014895995781858082,0.0,0.0,0.6063829787234043,0.0,0.0,0.5170141325047609,0.0,0.0,0.0,0.0
3074,53,0.8773584905660383,0.33962264150942123,1.1371294070512807,0.676983173076924,0.012774725274725009,0.0,0.0,0.014876239894125846,0.0,0.0,0.47641509433962265,0.0,0.0,0.5172275641025641,0.0,0.0,0.0,0.0
3075,45,1.1755555555555561,0.6666666666666884,1.1363964325082663,0.6761198516885472,0.017847503373819202,0.0,0.0,0.014890638808024095,0.0,0.0,0.5444444444444444,0.0,0.0,0.5172361960116244,0.0,0.0,0.0,0.0
3076,52,1.1119230769230775,0.5769230769230791,1.1367287846909118,0.6757839895802037,0.014814245452216863,0.0,0.0,0.014889396035160232,0.0,0.0,0.5625,0.0,0.0,0.5175082657048392,0.0,0.0,0.0,0.0
3077,46,1.1047826086956527,0.7826086956521333,1.1366105769230759,0.6761818910256421,0.01741603838245308,0.0,0.0,0.014876001856236117,0.0,0.0,0.47282608695652173,0.0,0.0,0.5172275641025641,0.0,0.0,0.0,0.0
3078,44,1.297045454545455,0.8181818181818361,1.1376020050125302,0.6756892230576451,0.014727741935483436,0.0,0.0,0.014867078317080895,0.0,0.0,0.5568181818181818,0.0,0.0,0.5181453634085214,0.0,0.0,0.0,0.0
3079,59,1.0211864406779667,0.6779661016949304,1.137866733466933,0.676553106212426,0.013563710040522325,0.0,0.0,0.01486206413667556,0.0,0.0,0.4830508474576271,0.0,0.0,0.5179859719438877,0.0,0.0,0.0,0.0
3080,49,1.2869387755102044,0.6734693877550745,1.1373630343166756,0.6750953241019475,0.012983323038912737,0.0,0.0,0.014849046173032964,0.0,0.0,0.6224489795918368,0.0,0.0,0.5185380292996187,0.0,0.0,0.0,0.0
3081,43,1.0751162790697675,0.7906976744186458,1.137500250878072,0.6763672854992485,0.014985413290114134,0.0,0.0,0.01483215153533424,0.0,0.0,0.4186046511627907,0.0,0.0,0.5180632212744606,0.0,0.0,0.0,0.0
3082,46,0.776739130434783,0.26086956521737115,1.1360281407035164,0.6743718592964835,0.008687089715535945,0.0,0.0,0.014791336254050037,0.0,0.0,0.45652173913043476,0.0,0.0,0.5179899497487437,0.0,0.0,0.0,0.0
3083,51,1.112941176470589,0.6274509803921458,1.1367560510193822,0.6740986240835601,0.017798682972719002,0.0,0.0,0.014816907382220027,0.0,0.0,0.5196078431372549,0.0,0.0,0.518529677613739,0.0,0.0,0.0,0.0
3084,45,1.1237777777777782,0.26666666666665184,1.1360199054991442,0.6713581984517951,0.016596652445027366,0.0,0.0,0.014785898689026139,0.0,0.0,0.7444444444444445,0.0,0.0,0.5193525686136523,0.0,0.0,0.0,0.0
3085,42,1.5333333333333339,0.9523809523809318,1.136712259881322,0.6727345871467371,0.018527042577675443,0.0,0.0,0.014787393271422285,0.0,0.0,0.7142857142857143,0.0,0.0,0.519360354017902,0.0,0.0,0.0,0.0
3086,51,1.4556862745098047,0.9019607843137635,1.1384573612228464,0.6732703137570398,0.01831729583024867,0.0,0.0,0.01478913939191257,0.0,0.0,0.6372549019607843,0.0,0.0,0.5204646017699115,0.0,0.0,0.0,0.0
3087,50,1.1710000000000003,0.5599999999999874,1.1377662781350466,0.6727290996784568,0.0127754745799689,0.0,0.0,0.014754505296900063,0.0,0.0,0.6,0.0,0.0,0.5202220659163987,0.0,0.0,0.0,0.0
3088,58,0.9412068965517247,0.48275862068965075,1.1366311771795887,0.6709521896343918,0.011538786725851641,0.0,0.0,0.014728590356647373,0.0,0.0,0.5344827586206896,0.0,0.0,0.5209923664122137,0.0,0.0,0.0,0.0
3089,64,1.4262500000000007,1.0781250000000302,1.1381655974338398,0.673917401764235,0.020185758513931305,0.0,0.0,0.014738010311365896,0.0,0.0,0.5546875,0.0,0.0,0.5204991980753809,0.0,0.0,0.0,0.0
3090,52,1.2803846153846161,0.8076923076922928,1.139547824343291,0.6754561860838186,0.01622319688109083,0.0,0.0,0.01475136113796977,0.0,0.0,0.5192307692307693,0.0,0.0,0.5208040906356527,0.0,0.0,0.0,0.0
3091,39,1.1702564102564106,0.8717948717948862,1.140237736984651,0.6757949643896085,0.013403817914831594,0.0,0.0,0.014766729932070908,0.0,0.0,0.40384615384615385,0.0,0.0,0.5207643695455914,0.0,0.0,0.0,0.0
3092,55,1.1383636363636371,0.6909090909090784,1.1406175438596478,0.6753884711779455,0.01651978891820603,0.0,0.0,0.01477019701108125,0.0,0.0,0.5,0.0,0.0,0.5214285714285715,0.0,0.0,0.0,0.0
3093,53,1.2122641509433967,0.7169811320754476,1.1421683366733455,0.6764529058116239,0.01621655729429514,0.0,0.0,0.01478606025543575,0.0,0.0,0.5094339622641509,0.0,0.0,0.5217184368737475,0.0,0.0,0.0,0.0
3094,45,1.027555555555556,0.44444444444445574,1.1405099689409866,0.6745817052399565,0.01466074825618263,0.0,0.0,0.014769711234054059,0.0,0.0,0.5666666666666667,0.0,0.0,0.5216411181244365,0.0,0.0,0.0,0.0
3095,53,1.1684905660377367,0.7547169811320875,1.1409802743566626,0.6753779913888062,0.016656804733728228,0.0,0.0,0.01478577758862085,0.0,0.0,0.5,0.0,0.0,0.521527986382297,0.0,0.0,0.0,0.0
3096,48,1.018958333333334,0.5000000000000104,1.1391197676747433,0.6740436611255765,0.013926537585420399,0.0,0.0,0.014782785548406572,0.0,0.0,0.59375,0.0,0.0,0.5210044061686361,0.0,0.0,0.0,0.0
3097,51,1.4982352941176478,0.7843137254902188,1.140689965952332,0.6740436611255763,0.020854257641920927,0.0,0.0,0.014809398194675054,0.0,0.0,0.7647058823529411,0.0,0.0,0.5225065091127579,0.0,0.0,0.0,0.0
3098,59,1.091694915254238,0.6101694915254156,1.1403883106485178,0.673839071257006,0.01376282051281967,0.0,0.0,0.014795968451915678,0.0,0.0,0.5508474576271186,0.0,0.0,0.5228933146517214,0.0,0.0,0.0,0.0
3099,56,0.9332142857142862,0.6071428571428285,1.1386643321660819,0.67343671835918,0.012733918128655285,0.0,0.0,0.014791826963067724,0.0,0.0,0.35714285714285715,0.0,0.0,0.521535767883942,0.0,0.0,0.0,0.0
3100,61,1.4278688524590173,0.9836065573770588,1.138848424212105,0.6741370685342672,0.01708848342162109,0.0,0.0,0.01478993179848527,0.0,0.0,0.5819672131147541,0.0,0.0,0.5212856428214107,0.0,0.0,0.0,0.0
3101,47,1.4076595744680855,0.7872340425531916,1.1393991588223502,0.6750450630883238,0.01578997613365237,0.0,0.0,0.01478228107282244,0.0,0.0,0.6329787234042553,0.0,0.0,0.52092930102143,0.0,0.0,0.0,0.0
3102,54,1.2222222222222228,0.5555555555555372,1.139655379683429,0.6737126828290931,0.016300321066930083,0.0,0.0,0.014799949001761544,0.0,0.0,0.6342592592592593,0.0,0.0,0.5215888599479063,0.0,0.0,0.0,0.0
3103,31,1.1174193548387101,0.4838709677419298,1.1385705681590033,0.6725557117044777,0.021841109709962246,0.0,0.0,0.01481248734875645,0.0,0.0,0.6048387096774194,0.0,0.0,0.5212055812085926,0.0,0.0,0.0,0.0
3104,53,1.245094339622642,0.7547169811321192,1.1390774018672813,0.6729244051802038,0.013745053113934487,0.0,0.0,0.014794293172486565,0.0,0.0,0.5047169811320755,0.0,0.0,0.5212830037144865,0.0,0.0,0.0,0.0
3105,50,1.2516000000000005,0.7400000000000065,1.1410918039373235,0.673764564081962,0.020038424591738522,0.0,0.0,0.014869727859102452,0.0,0.0,0.55,0.0,0.0,0.5219967858577742,0.0,0.0,0.0,0.0
3106,49,1.0832653061224493,0.530612244897964,1.1416485834840258,0.6732971669680542,0.017824042981867762,0.0,0.0,0.01489674889788152,0.0,0.0,0.6020408163265306,0.0,0.0,0.5229304802089613,0.0,0.0,0.0,0.0
3107,46,1.2550000000000003,0.6086956521738985,1.142684840559299,0.6735740871139733,0.016816195747159514,0.0,0.0,0.014888592092397806,0.0,0.0,0.6521739130434783,0.0,0.0,0.5235137310129766,0.0,0.0,0.0,0.0
3108,66,1.2559090909090915,0.6969696969696936,1.1427179590196859,0.6727601446364011,0.02485457271364204,0.0,0.0,0.014920035408675139,0.0,0.0,0.5568181818181818,0.0,0.0,0.5235536359983929,0.0,0.0,0.0,0.0
3109,46,1.024565217391305,0.5217391304347891,1.1410151774047632,0.6706201628304362,0.010812112869924576,0.0,0.0,0.01490402023970981,0.0,0.0,0.5271739130434783,0.0,0.0,0.5237963614433612,0.0,0.0,0.0,0.0
3110,52,1.2930769230769235,1.0769230769231286,1.1414153598713297,0.673100120627263,0.014438479707966828,0.0,0.0,0.014915190117839315,0.0,0.0,0.41346153846153844,0.0,0.0,0.522743264977885,0.0,0.0,0.0,0.0
3111,43,0.9048837209302333,0.6976744186046377,1.1406785965617765,0.6737709862270042,0.012174593241551212,0.0,0.0,0.01492256824844447,0.0,0.0,0.4186046511627907,0.0,0.0,0.5222428873027043,0.0,0.0,0.0,0.0
3112,58,1.0674137931034486,0.7241379310344598,1.1409010547463576,0.673631341034657,0.014051293690421842,0.0,0.0,0.014927175661609324,0.0,0.0,0.43103448275862066,0.0,0.0,0.5225765946760422,0.0,0.0,0.0,0.0
3113,42,1.1797619047619052,0.5238095238095062,1.1407895795614553,0.6733051699859194,0.0158865020840013,0.0,0.0,0.014948938839960055,0.0,0.0,0.6666666666666666,0.0,0.0,0.5227821363910682,0.0,0.0,0.0,0.0
3114,35,1.2302857142857149,0.7142857142856961,1.1416428283642213,0.673348106365835,0.01943140794223842,0.0,0.0,0.014980082472046755,0.0,0.0,0.5285714285714286,0.0,0.0,0.5230660757453667,0.0,0.0,0.0,0.0
3115,48,1.060416666666667,0.47916666666666163,1.1410542744940078,0.6716342765079054,0.014634847613571008,0.0,0.0,0.014970334935814886,0.0,0.0,0.5833333333333334,0.0,0.0,0.5237891451011982,0.0,0.0,0.0,0.0
3116,39,1.073589743589744,0.5128205128205044,1.140874382995869,0.6710990228669295,0.011328463203463101,0.0,0.0,0.01496754190741516,0.0,0.0,0.6410256410256411,0.0,0.0,0.5240505691548303,0.0,0.0,0.0,0.0
3117,56,0.9687500000000006,0.6428571428571328,1.139298298600623,0.6703916238799968,0.012354816670462426,0.0,0.0,0.01494592385095614,0.0,0.0,0.44642857142857145,0.0,0.0,0.5231299708043894,0.0,0.0,0.0,0.0
3118,60,1.0403333333333338,0.5333333333333391,1.1376699517296853,0.6688455349959783,0.011405079481089509,0.0,0.0,0.014899824831746306,0.0,0.0,0.55,0.0,0.0,0.5232049477071601,0.0,0.0,0.0,0.0
3119,49,1.0726530612244902,0.5714285714285762,1.1382253039895478,0.6683750376846556,0.013673257023933471,0.0,0.0,0.014899518673596528,0.0,0.0,0.5510204081632653,0.0,0.0,0.5240930559742739,0.0,0.0,0.0,0.0
3120,62,1.1706451612903233,0.6451612903226016,1.1385477719791242,0.6685066238458459,0.013596852753840682,0.0,0.0,0.014893176531132042,0.0,0.0,0.6370967741935484,0.0,0.0,0.5246637896427138,0.0,0.0,0.0,0.0
3121,44,1.380454545454546,0.7045454545454802,1.1393763807993567,0.6676039365334412,0.01714366356195342,0.0,0.0,0.014903512585857476,0.0,0.0,0.7045454545454546,0.0,0.0,0.5258083952600924,0.0,0.0,0.0,0.0
3122,44,1.0700000000000003,0.7272727272727164,1.138702290076335,0.6667336279630379,0.01458940192128877,0.0,0.0,0.01490981974470192,0.0,0.0,0.42045454545454547,0.0,0.0,0.525713137806348,0.0,0.0,0.0,0.0
3123,56,1.1146428571428577,0.7142857142857021,1.1395455913331318,0.6674691543785741,0.012506511721097768,0.0,0.0,0.014922485406081397,0.0,0.0,0.4017857142857143,0.0,0.0,0.5252282074430735,0.0,0.0,0.0,0.0
3124,53,1.2200000000000006,0.79245283018864,1.1396580082238483,0.6688396349413301,0.015065237651443528,0.0,0.0,0.014911203548183935,0.0,0.0,0.5141509433962265,0.0,0.0,0.5245461839334069,0.0,0.0,0.0,0.0
3125,55,1.169636363636364,0.5090909090909042,1.140500200481154,0.6685044105854051,0.0160104529616723,0.0,0.0,0.014931410131064214,0.0,0.0,0.65,0.0,0.0,0.5255112269446672,0.0,0.0,0.0,0.0
3126,42,1.1716666666666673,0.7142857142856988,1.1411585182210615,0.6695110932637286,0.013379554105491869,0.0,0.0,0.01491396355439749,0.0,0.0,0.5595238095238095,0.0,0.0,0.5257504266639895,0.0,0.0,0.0,0.0
3127,42,1.235476190476191,0.7380952380952523,1.141304653734043,0.6699165745301037,0.01845305832148023,0.0,0.0,0.01493668754719168,0.0,0.0,0.5952380952380952,0.0,0.0,0.5257563574228565,0.0,0.0,0.0,0.0
3128,47,1.2319148936170217,0.6382978723404161,1.1429298722205445,0.6697856927256264,0.013588359540014866,0.0,0.0,0.01493881566056076,0.0,0.0,0.648936170212766,0.0,0.0,0.5273166314518564,0.0,0.0,0.0,0.0
3129,54,1.223518518518519,0.6666666666667124,1.1433329981902263,0.6697164689322345,0.014175069727526156,0.0,0.0,0.014951404867402112,0.0,0.0,0.5648148148148148,0.0,0.0,0.5271465915946109,0.0,0.0,0.0,0.0
3130,49,1.1987755102040822,0.8163265306122323,1.1428877489438738,0.6699859183262927,0.014867122247532144,0.0,0.0,0.01496280562399511,0.0,0.0,0.46938775510204084,0.0,0.0,0.5266545966606316,0.0,0.0,0.0,0.0
3131,59,1.2445762711864414,0.9152542372881379,1.1423006535947706,0.6711915535444947,0.015924962047278304,0.0,0.0,0.014962843738228175,0.0,0.0,0.4661016949152542,0.0,0.0,0.5259175465057818,0.0,0.0,0.0,0.0
3132,44,0.9481818181818185,0.4090909090909184,1.1409027777777772,0.6691827697262479,0.009940433643077909,0.0,0.0,0.014939351767654832,0.0,0.0,0.5227272727272727,0.0,0.0,0.5253371578099839,0.0,0.0,0.0,0.0
3133,54,1.496666666666667,1.0370370370369917,1.1427636876006433,0.6697866344605474,0.015720676911107522,0.0,0.0,0.014952664272554794,0.0,0.0,0.5601851851851852,0.0,0.0,0.5263435990338164,0.0,0.0,0.0,0.0
3134,50,1.0382000000000005,0.4799999999999954,1.1411066438838067,0.669313498844105,0.013898259705488209,0.0,0.0,0.01494534152332862,0.0,0.0,0.56,0.0,0.0,0.5253543069655242,0.0,0.0,0.0,0.0
3135,49,1.2257142857142862,1.0204081632653328,1.1417040313662403,0.6706544686840255,0.012026431718062277,0.0,0.0,0.014926481702244037,0.0,0.0,0.3877551020408163,0.0,0.0,0.5247562079018799,0.0,0.0,0.0,0.0
3136,49,1.147755102040817,0.6530612244898001,1.1428177795655665,0.6706556717618666,0.014765030191651754,0.0,0.0,0.014931963671912005,0.0,0.0,0.5714285714285714,0.0,0.0,0.5257693081255028,0.0,0.0,0.0,0.0
3137,44,0.8247727272727274,0.5909090909090643,1.1409604747058226,0.6696168158503469,0.008300548947849576,0.0,0.0,0.014893359764743002,0.0,0.0,0.3693181818181818,0.0,0.0,0.5254953233430554,0.0,0.0,0.0,0.0
3138,56,1.0414285714285718,0.714285714285737,1.140232300884955,0.668744971842317,0.010318471337579878,0.0,0.0,0.014864860967264103,0.0,0.0,0.4419642857142857,0.0,0.0,0.5256687449718423,0.0,0.0,0.0,0.0
3139,44,0.8211363636363639,0.6363636363636688,1.1393291088312205,0.6688795011064174,0.007224555088982382,0.0,0.0,0.0148206624492173,0.0,0.0,0.30113636363636365,0.0,0.0,0.5248440957553812,0.0,0.0,0.0,0.0
3140,43,1.1113953488372097,0.5116279069767543,1.1397110641296682,0.6676734118594587,0.013304565701559,0.0,0.0,0.014822741187469124,0.0,0.0,0.5290697674418605,0.0,0.0,0.5255964965267291,0.0,0.0,0.0,0.0
3141,53,1.1698113207547176,0.792452830188675,1.1393619804770045,0.6690147931971423,0.01466761296427687,0.0,0.0,0.014811698293399326,0.0,0.0,0.42924528301886794,0.0,0.0,0.5241521585991749,0.0,0.0,0.0,0.0
3142,48,1.2614583333333338,0.7916666666666488,1.140405473387664,0.6692826240064393,0.01123793615441682,0.0,0.0,0.014796308262677348,0.0,0.0,0.53125,0.0,0.0,0.5248515947278398,0.0,0.0,0.0,0.0
3143,37,0.9651351351351355,0.7567567567567287,1.1390946668010882,0.66982558725678,0.011452854393841874,0.0,0.0,0.01476372664314653,0.0,0.0,0.36486486486486486,0.0,0.0,0.5240195584232281,0.0,0.0,0.0,0.0
3144,42,1.1802380952380958,0.8333333333333238,1.1377959265981037,0.6701956039524098,0.01705781142463853,0.0,0.0,0.014742806378072652,0.0,0.0,0.42857142857142855,0.0,0.0,0.5227616454930429,0.0,0.0,0.0,0.0
3145,55,1.1409090909090913,0.6181818181817961,1.1379879032258056,0.6694556451612901,0.013362436115843368,0.0,0.0,0.014754879151788327,0.0,0.0,0.5181818181818182,0.0,0.0,0.5233618951612903,0.0,0.0,0.0,0.0
3146,55,1.3500000000000008,0.6545454545454797,1.1388947103274552,0.6697229219143577,0.016890354868061796,0.0,0.0,0.014782580834157281,0.0,0.0,0.6272727272727273,0.0,0.0,0.5236523929471033,0.0,0.0,0.0,0.0
3147,42,1.2711904761904766,0.8333333333333232,1.1402731854838701,0.6711693548387098,0.01717824967824998,0.0,0.0,0.014798164801553182,0.0,0.0,0.5476190476190477,0.0,0.0,0.5239163306451613,0.0,0.0,0.0,0.0
3148,51,1.1711764705882357,0.705882352941186,1.1399778113968724,0.6707009581442261,0.014458968772693839,0.0,0.0,0.014770430598625036,0.0,0.0,0.5392156862745098,0.0,0.0,0.524357034795764,0.0,0.0,0.0,0.0
3149,45,1.0755555555555563,0.48888888888890797,1.1396472840874723,0.669555577950217,0.017391304347826608,0.0,0.0,0.014779955014709781,0.0,0.0,0.4888888888888889,0.0,0.0,0.5245893379018443,0.0,0.0,0.0,0.0
3150,65,1.1860000000000004,0.6461538461538798,1.138531897766149,0.6683437311330254,0.01440127031571126,0.0,0.0,0.014760762959841718,0.0,0.0,0.5769230769230769,0.0,0.0,0.5246528476554638,0.0,0.0,0.0,0.0
3151,50,1.1214000000000006,0.8399999999999658,1.139351198871649,0.6683457586137421,0.013143459915611451,0.0,0.0,0.01477172092926056,0.0,0.0,0.44,0.0,0.0,0.525337497481362,0.0,0.0,0.0,0.0
3152,41,1.1195121951219518,0.6341463414634076,1.1383796062594638,0.6678445229681989,0.013993902439024404,0.0,0.0,0.014750537333387437,0.0,0.0,0.4878048780487805,0.0,0.0,0.5247854618879354,0.0,0.0,0.0,0.0
3153,45,1.1197777777777782,0.5777777777778246,1.1375113670809325,0.6667677073860776,0.01171315667131536,0.0,0.0,0.014717852109637927,0.0,0.0,0.6222222222222222,0.0,0.0,0.5252601798524805,0.0,0.0,0.0,0.0
3154,47,1.0336170212765965,0.6808510638297673,1.1365898058252415,0.6661610032362463,0.014838118509469263,0.0,0.0,0.01470972808481401,0.0,0.0,0.44680851063829785,0.0,0.0,0.5249797734627831,0.0,0.0,0.0,0.0
3155,39,1.0400000000000007,0.5641025641025281,1.1373027114528518,0.6669364629704576,0.013377308707124521,0.0,0.0,0.014709842722153846,0.0,0.0,0.46153846153846156,0.0,0.0,0.5248887090246863,0.0,0.0,0.0,0.0
3156,54,1.0400000000000007,0.5555555555555457,1.1384537543007476,0.6670714430277275,0.012868927589367798,0.0,0.0,0.014744208905343899,0.0,0.0,0.47685185185185186,0.0,0.0,0.5253238210888485,0.0,0.0,0.0,0.0
3157,45,1.1291111111111114,0.5333333333333398,1.138321862348177,0.6672064777327938,0.014228507420889899,0.0,0.0,0.014755993717961699,0.0,0.0,0.6722222222222223,0.0,0.0,0.5253542510121457,0.0,0.0,0.0,0.0
3158,47,1.356382978723405,0.914893617021264,1.1398885850298786,0.6683885343867116,0.022352734922861398,0.0,0.0,0.0147908874174971,0.0,0.0,0.5638297872340425,0.0,0.0,0.5261825179783247,0.0,0.0,0.0,0.0
3159,48,1.1075000000000006,0.45833333333334264,1.1391315362788803,0.6669031211998384,0.012380065207265308,0.0,0.0,0.0147837014260332,0.0,0.0,0.6197916666666666,0.0,0.0,0.5266011349817592,0.0,0.0,0.0,0.0
3160,53,1.253584905660378,0.4905660377358493,1.1392874493927114,0.6662955465587049,0.02036787247087675,0.0,0.0,0.014791838322353978,0.0,0.0,0.6415094339622641,0.0,0.0,0.52667004048583,0.0,0.0,0.0,0.0
3161,52,0.9498076923076926,0.5384615384615328,1.1362158608132702,0.6644750151729721,0.009709062315707196,0.0,0.0,0.01472901933993256,0.0,0.0,0.49038461538461536,0.0,0.0,0.5258446287679547,0.0,0.0,0.0,0.0
3162,47,1.1644680851063836,0.8510638297872422,1.1355538694992402,0.6651492159838138,0.01800921355709123,0.0,0.0,0.014741681255195767,0.0,0.0,0.5212765957446809,0.0,0.0,0.525594334850784,0.0,0.0,0.0,0.0
3163,53,1.1571698113207554,0.754716981132081,1.1366171116504844,0.6657564724919095,0.016499865482916213,0.0,0.0,0.01476035002882764,0.0,0.0,0.5047169811320755,0.0,0.0,0.526218648867314,0.0,0.0,0.0,0.0
3164,59,1.1201694915254243,0.7118644067796532,1.1345333333333323,0.6653535353535351,0.01522460262612265,0.0,0.0,0.014734334435709139,0.0,0.0,0.4830508474576271,0.0,0.0,0.5249242424242424,0.0,0.0,0.0,0.0
3165,43,1.086511627906977,0.720930232558134,1.134154623547245,0.6660939868620511,0.013557748113754979,0.0,0.0,0.014730208815974474,0.0,0.0,0.43023255813953487,0.0,0.0,0.5242041435068217,0.0,0.0,0.0,0.0
3166,50,1.1830000000000005,0.7799999999999983,1.1359622184058986,0.6668350338418018,0.02099006387508886,0.0,0.0,0.014783925134364809,0.0,0.0,0.625,0.0,0.0,0.525684412566926,0.0,0.0,0.0,0.0
3167,51,1.0439215686274514,0.6274509803921168,1.1344255835101535,0.6653531373143368,0.013693415637860048,0.0,0.0,0.014778488718766199,0.0,0.0,0.4803921568627451,0.0,0.0,0.525285440032333,0.0,0.0,0.0,0.0
3168,53,0.9252830188679247,0.6226415094339722,1.1326598646327903,0.665521769875744,0.009439846005774993,0.0,0.0,0.014733605345633052,0.0,0.0,0.39622641509433965,0.0,0.0,0.5238660470754621,0.0,0.0,0.0,0.0
3169,48,0.9095833333333339,0.6041666666666723,1.1318555971281212,0.6658913944787128,0.018214434710054506,0.0,0.0,0.01473561151315923,0.0,0.0,0.4739583333333333,0.0,0.0,0.5238649003943776,0.0,0.0,0.0,0.0
3170,50,1.1030000000000004,0.7599999999999782,1.1317976732422854,0.6664643399089517,0.015852256395515525,0.0,0.0,0.014712007942613337,0.0,0.0,0.455,0.0,0.0,0.5238492665655032,0.0,0.0,0.0,0.0
3171,51,1.2629411764705887,0.901960784313695,1.1325636878285472,0.6677112818439129,0.018236126840316662,0.0,0.0,0.014721317377701477,0.0,0.0,0.49019607843137253,0.0,0.0,0.5236302062272543,0.0,0.0,0.0,0.0
3172,39,1.0951282051282054,0.6153846153845958,1.1316037640392584,0.667307497723362,0.01215424018212856,0.0,0.0,0.01472287094693332,0.0,0.0,0.46153846153846156,0.0,0.0,0.5228422543762016,0.0,0.0,0.0,0.0
3173,56,1.3632142857142864,0.9464285714285438,1.1340034381636153,0.6698351703913423,0.01823262479102075,0.0,0.0,0.01474051981476689,0.0,0.0,0.5401785714285714,0.0,0.0,0.522828395186571,0.0,0.0,0.0,0.0
3174,48,1.4406250000000007,0.7499999999999819,1.136426693629928,0.6707785642062674,0.022598039215686327,0.0,0.0,0.014790660214847198,0.0,0.0,0.7239583333333334,0.0,0.0,0.5238624873609706,0.0,0.0,0.0,0.0
3175,48,1.2656250000000007,0.8749999999999826,1.137384880072866,0.6728063961137521,0.015191297824456391,0.0,0.0,0.014782890072437965,0.0,0.0,0.5,0.0,0.0,0.5238589211618258,0.0,0.0,0.0,0.0
3176,51,1.0635294117647063,0.6470588235294011,1.13712013776337,0.6735210696920566,0.014823722328505266,0.0,0.0,0.014788143296386004,0.0,0.0,0.43137254901960786,0.0,0.0,0.5231209481361426,0.0,0.0,0.0,0.0
3177,36,1.0202777777777783,0.5000000000000117,1.1358708434712073,0.6719383617193817,0.016478241363840115,0.0,0.0,0.014784543844694246,0.0,0.0,0.5694444444444444,0.0,0.0,0.5229622871046229,0.0,0.0,0.0,0.0
3178,52,1.3413461538461544,0.6923076923077109,1.1381701135441997,0.6725466342254645,0.018856447688564468,0.0,0.0,0.014816836981812404,0.0,0.0,0.6346153846153846,0.0,0.0,0.5241788321167883,0.0,0.0,0.0,0.0
3179,49,1.191632653061225,0.6530612244898228,1.1383061327927002,0.6718702483527604,0.01447087980173528,0.0,0.0,0.014807700422497348,0.0,0.0,0.5918367346938775,0.0,0.0,0.5248352762290928,0.0,0.0,0.0,0.0
3180,45,1.1384444444444448,0.977777777777792,1.1387795235681692,0.6735935124176363,0.014167588495575128,0.0,0.0,0.014821363547609144,0.0,0.0,0.3111111111111111,0.0,0.0,0.5243284338570704,0.0,0.0,0.0,0.0
3181,44,1.3804545454545463,0.727272727272724,1.1400010145074555,0.6733285989652006,0.019947454844006528,0.0,0.0,0.014850856928379631,0.0,0.0,0.625,0.0,0.0,0.5251344222380034,0.0,0.0,0.0,0.0
3182,45,0.860666666666667,0.26666666666666555,1.1377690981028699,0.6706908795779631,0.011815131177547055,0.0,0.0,0.014832778949735174,0.0,0.0,0.5555555555555556,0.0,0.0,0.5250329714923405,0.0,0.0,0.0,0.0
3183,58,0.9508620689655177,0.689655172413763,1.1377475197408369,0.6714922048997753,0.011716592309325978,0.0,0.0,0.014825059425975434,0.0,0.0,0.38362068965517243,0.0,0.0,0.5248279003846933,0.0,0.0,0.0,0.0
3184,52,1.1136538461538465,0.8846153846153815,1.1377942961165035,0.6726334951456291,0.017807503075030554,0.0,0.0,0.014827221280644847,0.0,0.0,0.4326923076923077,0.0,0.0,0.5247522249190939,0.0,0.0,0.0,0.0
3185,45,1.1791111111111114,0.755555555555544,1.1378230948284573,0.6735148264345693,0.017238466536712342,0.0,0.0,0.014838062985184168,0.0,0.0,0.5111111111111111,0.0,0.0,0.5242637384880073,0.0,0.0,0.0,0.0
3186,47,1.1006382978723408,0.7234042553191246,1.1379185245237118,0.6739967571949714,0.01338075530263883,0.0,0.0,0.014826789411416757,0.0,0.0,0.46808510638297873,0.0,0.0,0.5241943656262668,0.0,0.0,0.0,0.0
3187,56,1.0133928571428577,0.3750000000000068,1.1376902036267844,0.6729814608448971,0.013661531054405334,0.0,0.0,0.014819398258115617,0.0,0.0,0.6339285714285714,0.0,0.0,0.524946813899301,0.0,0.0,0.0,0.0
3188,53,1.1777358490566046,0.7169811320754494,1.137065844037624,0.6727015272580135,0.014176697706109027,0.0,0.0,0.014796904305936718,0.0,0.0,0.5471698113207547,0.0,0.0,0.5247547284312734,0.0,0.0,0.0,0.0
3189,40,1.1642500000000007,0.5500000000000017,1.1364671931956247,0.6725394896719299,0.021520332717190407,0.0,0.0,0.014814152423918064,0.0,0.0,0.6,0.0,0.0,0.5246051032806804,0.0,0.0,0.0,0.0
3190,46,1.0878260869565222,0.7391304347825837,1.1361961141469328,0.672535923902042,0.00984070796460171,0.0,0.0,0.014764913655706417,0.0,0.0,0.44565217391304346,0.0,0.0,0.5242359846184983,0.0,0.0,0.0,0.0
3191,53,1.037358490566038,0.5660377358490538,1.135278198525698,0.6717156417247278,0.012973100519112843,0.0,0.0,0.014742268041237126,0.0,0.0,0.5047169811320755,0.0,0.0,0.5239068968999293,0.0,0.0,0.0,0.0
3192,59,0.888474576271187,0.5084745762711478,1.1324448473859159,0.6692857862395464,0.012145505097311778,0.0,0.0,0.014713100700724817,0.0,0.0,0.423728813559322,0.0,0.0,0.5231691346831873,0.0,0.0,0.0,0.0
3193,48,1.3835416666666671,0.8333333333333369,1.1343428744204784,0.6700262043942731,0.021346833815493318,0.0,0.0,0.01474921634202085,0.0,0.0,0.7083333333333334,0.0,0.0,0.5245918161660955,0.0,0.0,0.0,0.0
3194,52,0.8503846153846157,0.3461538461538485,1.132946104158255,0.6687525232135628,0.01051355206847346,0.0,0.0,0.014721072537664193,0.0,0.0,0.5480769230769231,0.0,0.0,0.5246265643924102,0.0,0.0,0.0,0.0
3195,57,1.273333333333334,0.7192982456140177,1.1339582492940692,0.669120613150462,0.015241495170097681,0.0,0.0,0.0147385053780072,0.0,0.0,0.5526315789473685,0.0,0.0,0.5250352964905204,0.0,0.0,0.0,0.0
3196,44,1.3050000000000006,0.681818181818193,1.134441194270727,0.6686503933830928,0.020624999999999644,0.0,0.0,0.01474621538913379,0.0,0.0,0.6136363636363636,0.0,0.0,0.5254942505547711,0.0,0.0,0.0,0.0
3197,57,1.0129824561403513,0.4561403508771985,1.1337884130982356,0.6673047858942047,0.01489295847304603,0.0,0.0,0.014728629916807597,0.0,0.0,0.5964912280701754,0.0,0.0,0.5257682619647355,0.0,0.0,0.0,0.0
3198,40,1.3145000000000007,0.849999999999986,1.1342495205410306,0.6683153325931143,0.03366197183098599,0.0,0.0,0.014759264099570115,0.0,0.0,0.5125,0.0,0.0,0.5251589785000504,0.0,0.0,0.0,0.0
3199,48,0.9300000000000006,0.4791666666666743,1.133883446116553,0.668720331279667,0.011085175068288941,0.0,0.0,0.014749555604896297,0.0,0.0,0.453125,0.0,0.0,0.5248964751035249,0.0,0.0,0.0,0.0
3200,51,1.1764705882352948,0.509803921568622,1.134404846037354,0.6675416456335166,0.013658092419758494,0.0,0.0,0.014759933742212019,0.0,0.0,0.5833333333333334,0.0,0.0,0.5253912165572943,0.0,0.0,0.0,0.0
3201,44,1.2609090909090914,0.5000000000000236,1.1344380490760366,0.666363728163181,0.015698924731183072,0.0,0.0,0.014741893450593058,0.0,0.0,0.6761363636363636,0.0,0.0,0.5261284459254771,0.0,0.0,0.0,0.0
3202,58,1.2327586206896557,0.8275862068965689,1.1349828594474685,0.6676749344625915,0.022350734604564354,0.0,0.0,0.014747645724047947,0.0,0.0,0.47844827586206895,0.0,0.0,0.5257612421859246,0.0,0.0,0.0,0.0
3203,49,1.028367346938776,0.4081632653060999,1.1342896037107988,0.6659271957245118,0.010502292621925481,0.0,0.0,0.014731361774350705,0.0,0.0,0.673469387755102,0.0,0.0,0.5265705354441867,0.0,0.0,0.0,0.0
3204,55,1.2590909090909097,0.6727272727272721,1.1346693548387088,0.6654233870967725,0.01801508844953154,0.0,0.0,0.01474911519093663,0.0,0.0,0.6181818181818182,0.0,0.0,0.5269657258064516,0.0,0.0,0.0,0.0
3205,42,1.0728571428571432,0.8095238095238196,1.1336627672448558,0.6646833400564728,0.01212920592193802,0.0,0.0,0.014735476090604036,0.0,0.0,0.40476190476190477,0.0,0.0,0.5267244856797095,0.0,0.0,0.0,0.0
3206,38,1.0936842105263163,0.578947368421051,1.1354923170238567,0.6667003639304473,0.0164789849325929,0.0,0.0,0.014746382424530465,0.0,0.0,0.6052631578947368,0.0,0.0,0.527471694298423,0.0,0.0,0.0,0.0
3207,60,0.9570000000000004,0.6499999999999904,1.1330794099818133,0.6659931299252356,0.012754331408262683,0.0,0.0,0.01473012162126665,0.0,0.0,0.4,0.0,0.0,0.526116387148919,0.0,0.0,0.0,0.0
3208,55,1.1865454545454552,0.7818181818181831,1.1334487982225803,0.6661280549383943,0.026506904955320355,0.0,0.0,0.014766712102393525,0.0,0.0,0.509090909090909,0.0,0.0,0.5264593011512826,0.0,0.0,0.0,0.0
3209,42,1.12452380952381,0.5476190476190427,1.1334906518443648,0.6654876200101044,0.01868275316455655,0.0,0.0,0.014778829277548498,0.0,0.0,0.5714285714285714,0.0,0.0,0.5266296109146034,0.0,0.0,0.0,0.0
3210,46,1.3128260869565223,0.8695652173912781,1.1340768841679303,0.6663631765300941,0.014776119402985293,0.0,0.0,0.01477659176227433,0.0,0.0,0.532608695652174,0.0,0.0,0.5267071320182094,0.0,0.0,0.0,0.0
3211,50,1.1710000000000003,0.6599999999999825,1.1332411907654913,0.6660591332523269,0.011742880064180288,0.0,0.0,0.014743960805340127,0.0,0.0,0.62,0.0,0.0,0.5266555285540705,0.0,0.0,0.0,0.0
3212,55,1.0560000000000007,0.7999999999999813,1.132884167931208,0.6671724835609488,0.012498386055519645,0.0,0.0,0.014719298430090117,0.0,0.0,0.4,0.0,0.0,0.5256702073849266,0.0,0.0,0.0,0.0
3213,47,1.168297872340426,0.5957446808510605,1.1327502527805855,0.6660262891809885,0.02286963765097965,0.0,0.0,0.01472966878657633,0.0,0.0,0.574468085106383,0.0,0.0,0.5259100101112234,0.0,0.0,0.0,0.0
3214,40,0.9972500000000004,0.45000000000000123,1.131123129801859,0.6641730691467829,0.01688108336859883,0.0,0.0,0.014723681041981114,0.0,0.0,0.6,0.0,0.0,0.5259553174282249,0.0,0.0,0.0,0.0
3215,49,1.0475510204081637,0.6938775510203972,1.1305647605576874,0.6651848858355198,0.01598567424478356,0.0,0.0,0.0147345295294175,0.0,0.0,0.4846938775510204,0.0,0.0,0.5247019599919176,0.0,0.0,0.0,0.0
3216,43,1.081162790697675,0.7209302325581359,1.1296928051738067,0.6650161681487444,0.01686865021770683,0.0,0.0,0.014734683333421202,0.0,0.0,0.4476744186046512,0.0,0.0,0.5240248585286985,0.0,0.0,0.0,0.0
3217,44,0.9365909090909093,0.4545454545454435,1.1279819947400354,0.6630588711308895,0.00907909231108208,0.0,0.0,0.01467900620267695,0.0,0.0,0.5227272727272727,0.0,0.0,0.5241503135747522,0.0,0.0,0.0,0.0
3218,53,0.9890566037735855,0.7924528301886683,1.1278678405181128,0.6642380085003005,0.015229517722254775,0.0,0.0,0.01469314764744113,0.0,0.0,0.3867924528301887,0.0,0.0,0.5234517304189436,0.0,0.0,0.0,0.0
3219,55,1.1560000000000006,0.5454545454545654,1.1273595789899802,0.6628883716223024,0.013166287015945799,0.0,0.0,0.014702328865659628,0.0,0.0,0.5181818181818182,0.0,0.0,0.5235553081671895,0.0,0.0,0.0,0.0
3220,49,1.2089795918367354,0.5102040816326302,1.1274078947368413,0.6625506072874461,0.01651979921918606,0.0,0.0,0.014716135339736569,0.0,0.0,0.6530612244897959,0.0,0.0,0.5238613360323887,0.0,0.0,0.0,0.0
3221,46,1.6504347826086962,1.0434782608695492,1.1290051562026076,0.6638358103326223,0.02259523809523846,0.0,0.0,0.014735792687915514,0.0,0.0,0.75,0.0,0.0,0.5246941664139116,0.0,0.0,0.0,0.0
3222,43,1.0093023255813958,0.5581395348837186,1.1289777327935213,0.6631578947368387,0.014857925368024773,0.0,0.0,0.014728628943341078,0.0,0.0,0.5116279069767442,0.0,0.0,0.5251265182186234,0.0,0.0,0.0,0.0
3223,50,1.1284000000000005,0.6799999999999925,1.129522412223008,0.6630577759789505,0.01677170035671853,0.0,0.0,0.014757786359147526,0.0,0.0,0.44,0.0,0.0,0.5252453708388142,0.0,0.0,0.0,0.0
3224,51,1.040588235294118,0.6470588235294069,1.1279508445433388,0.661778092444621,0.01458768554150653,0.0,0.0,0.014736924870034989,0.0,0.0,0.49019607843137253,0.0,0.0,0.5250328714473551,0.0,0.0,0.0,0.0
3225,45,1.3255555555555563,0.7555555555555584,1.1292679474216367,0.6623862487360939,0.017492668621700964,0.0,0.0,0.014755997019326835,0.0,0.0,0.5722222222222222,0.0,0.0,0.5255561172901921,0.0,0.0,0.0,0.0
3226,42,1.0152380952380955,0.619047619047595,1.1286791497975697,0.6618421052631546,0.010830581661163814,0.0,0.0,0.014707546497917477,0.0,0.0,0.4226190476190476,0.0,0.0,0.5248987854251013,0.0,0.0,0.0,0.0
3227,40,0.8682500000000004,0.5749999999999834,1.1278313253012038,0.6615369039181904,0.011297983083929628,0.0,0.0,0.014677536876362918,0.0,0.0,0.3125,0.0,0.0,0.5242229421889237,0.0,0.0,0.0,0.0
3228,54,1.2887037037037046,0.6296296296296093,1.1292507846512088,0.6618406398704025,0.018217277486910797,0.0,0.0,0.014705794712901335,0.0,0.0,0.7222222222222222,0.0,0.0,0.5252353953629645,0.0,0.0,0.0,0.0
3229,50,1.3284000000000007,0.6400000000000021,1.1290812398703394,0.660656401944891,0.022401349072511675,0.0,0.0,0.014726491537045836,0.0,0.0,0.78,0.0,0.0,0.5262611426256077,0.0,0.0,0.0,0.0
3230,60,1.0735000000000003,0.5333333333333232,1.1289903797468344,0.6600506329113888,0.011430346051464464,0.0,0.0,0.014687110551373641,0.0,0.0,0.5,0.0,0.0,0.5262025316455696,0.0,0.0,0.0,0.0
3231,61,1.14360655737705,0.7213114754098413,1.1283009708737854,0.6608009708737828,0.020805249030719133,0.0,0.0,0.014696497070353679,0.0,0.0,0.4918032786885246,0.0,0.0,0.5255107200647249,0.0,0.0,0.0,0.0
3232,57,1.411052631578948,0.7368421052631886,1.131180808080807,0.6623232323232289,0.019815225424981292,0.0,0.0,0.014726398842790471,0.0,0.0,0.6491228070175439,0.0,0.0,0.5261363636363636,0.0,0.0,0.0,0.0
3233,35,1.1485714285714286,0.7999999999999946,1.1310198300283278,0.6621813031161438,0.014736070381232267,0.0,0.0,0.014749227509374137,0.0,0.0,0.5428571428571428,0.0,0.0,0.5262798462161068,0.0,0.0,0.0,0.0
3234,43,1.0676744186046518,0.6046511627907006,1.1308550298855224,0.6622429338466181,0.013615065243179462,0.0,0.0,0.014742795785836852,0.0,0.0,0.4883720930232558,0.0,0.0,0.5258585756255698,0.0,0.0,0.0,0.0
3235,47,1.1997872340425535,0.6595744680851198,1.1327424918831162,0.6642654220779189,0.01260111731843482,0.0,0.0,0.014750981697874898,0.0,0.0,0.6276595744680851,0.0,0.0,0.5264559659090909,0.0,0.0,0.0,0.0
3236,45,1.3680000000000005,0.7111111111111587,1.1335137875101369,0.6642335766423328,0.015902867476104487,0.0,0.0,0.014750068928761321,0.0,0.0,0.7111111111111111,0.0,0.0,0.5272962287104623,0.0,0.0,0.0,0.0
3237,58,1.1513793103448284,0.7586206896552258,1.13445344949853,0.6661939013271173,0.016562500000000126,0.0,0.0,0.01478611465052257,0.0,0.0,0.43103448275862066,0.0,0.0,0.5266183770641273,0.0,0.0,0.0,0.0
3238,44,1.0431818181818184,0.5909090909090896,1.1355527409058659,0.6651129800385019,0.014097051597051295,0.0,0.0,0.01480182163749257,0.0,0.0,0.4431818181818182,0.0,0.0,0.5278650319181275,0.0,0.0,0.0,0.0
3239,47,1.1789361702127665,0.8936170212765917,1.137083670988654,0.6669367909238225,0.01586769759450197,0.0,0.0,0.014819979853269504,0.0,0.0,0.43617021276595747,0.0,0.0,0.5279072123176661,0.0,0.0,0.0,0.0
3240,49,0.9534693877551023,0.5918367346938754,1.1368824721377904,0.6661600810536956,0.01081481481481453,0.0,0.0,0.014800618878158051,0.0,0.0,0.42857142857142855,0.0,0.0,0.5281914893617021,0.0,0.0,0.0,0.0
3241,59,1.117118644067797,0.728813559322054,1.137785772192946,0.6686258613700827,0.014748265831282623,0.0,0.0,0.014790570536549402,0.0,0.0,0.5169491525423728,0.0,0.0,0.5279438589379813,0.0,0.0,0.0,0.0
3242,44,1.2134090909090915,0.6818181818181684,1.139430309173846,0.6688291941206259,0.014464914657275226,0.0,0.0,0.014789735519769927,0.0,0.0,0.5454545454545454,0.0,0.0,0.5290167257982767,0.0,0.0,0.0,0.0
3243,54,1.3131481481481488,0.5740740740740845,1.1416784989858002,0.6699797160243381,0.017057974500842076,0.0,0.0,0.0148118152942508,0.0,0.0,0.7037037037037037,0.0,0.0,0.5301470588235294,0.0,0.0,0.0,0.0
3244,55,1.1043636363636369,0.5090909090908833,1.140932306445074,0.6686258613700823,0.013723452327157997,0.0,0.0,0.014816639688367777,0.0,0.0,0.5727272727272728,0.0,0.0,0.5305026347790839,0.0,0.0,0.0,0.0
3245,57,0.9308771929824565,0.49122807017543363,1.1397508860759484,0.6677468354430351,0.010333008763387516,0.0,0.0,0.014792427040276548,0.0,0.0,0.5701754385964912,0.0,0.0,0.5303291139240507,0.0,0.0,0.0,0.0
3246,60,1.051166666666667,0.5999999999999832,1.1393449914080653,0.6678459516830052,0.01116678470254975,0.0,0.0,0.014757496883935795,0.0,0.0,0.4083333333333333,0.0,0.0,0.5293641969069038,0.0,0.0,0.0,0.0
3247,57,0.9782456140350884,0.7192982456140758,1.1385201657737782,0.6680481148286641,0.012786058243523128,0.0,0.0,0.014731595282595667,0.0,0.0,0.3684210526315789,0.0,0.0,0.5284544627514404,0.0,0.0,0.0,0.0
3248,57,1.2061403508771935,0.6315789473684386,1.1380739319260669,0.6674073325926649,0.017330476430553216,0.0,0.0,0.014753765014887264,0.0,0.0,0.6491228070175439,0.0,0.0,0.5286839713160287,0.0,0.0,0.0,0.0
3249,43,1.0418604651162795,0.7441860465116196,1.137499747347144,0.6674077817079308,0.011089108910890376,0.0,0.0,0.014741361245573258,0.0,0.0,0.42441860465116277,0.0,0.0,0.5282465891864578,0.0,0.0,0.0,0.0
3250,42,0.9614285714285716,0.6666666666666596,1.1383046732753377,0.66841998786162,0.010537578288100329,0.0,0.0,0.014725800457479081,0.0,0.0,0.4523809523809524,0.0,0.0,0.5287527817115112,0.0,0.0,0.0,0.0
3251,53,0.897547169811321,0.4150943396226389,1.1371242160631183,0.6672061501112659,0.011150961087669903,0.0,0.0,0.014719910017140245,0.0,0.0,0.5377358490566038,0.0,0.0,0.5290056645761683,0.0,0.0,0.0,0.0
3252,49,1.181632653061225,0.9183673469387217,1.136822684997977,0.6685200161746839,0.013301171605788295,0.0,0.0,0.014707374841913515,0.0,0.0,0.4489795918367347,0.0,0.0,0.5282804286291953,0.0,0.0,0.0,0.0
3253,42,1.1442857142857148,0.5714285714285621,1.1366713866693625,0.6662283807019292,0.014206325746379488,0.0,0.0,0.014703638140619328,0.0,0.0,0.5595238095238095,0.0,0.0,0.5294073025184586,0.0,0.0,0.0,0.0
3254,50,0.9580000000000004,0.6799999999999966,1.1360679955479094,0.6665992107659594,0.01179222058099465,0.0,0.0,0.01467991914627676,0.0,0.0,0.37,0.0,0.0,0.5288121015885865,0.0,0.0,0.0,0.0
3255,54,1.4135185185185193,0.8518518518518706,1.1371723300970862,0.667880258899674,0.014893658536585141,0.0,0.0,0.014684267024663694,0.0,0.0,0.5972222222222222,0.0,0.0,0.5285194174757282,0.0,0.0,0.0,0.0
3256,48,1.171458333333334,0.7291666666666127,1.1384606036054272,0.6691310512456933,0.01558049321141503,0.0,0.0,0.01469353930050811,0.0,0.0,0.4791666666666667,0.0,0.0,0.5290155965161029,0.0,0.0,0.0,0.0
3257,60,1.1041666666666672,0.6666666666666605,1.1374537551804296,0.6688567674112984,0.01318145642658165,0.0,0.0,0.014656129931361467,0.0,0.0,0.5,0.0,0.0,0.5282017588193673,0.0,0.0,0.0,0.0
3258,56,1.2841071428571433,0.8750000000000233,1.1389659699081076,0.6700999697061473,0.013211464266029677,0.0,0.0,0.014656318137992537,0.0,0.0,0.5535714285714286,0.0,0.0,0.5289306270827022,0.0,0.0,0.0,0.0
3259,52,1.1501923076923082,0.6538461538461484,1.1395337101332246,0.6697618086394808,0.014146168401134942,0.0,0.0,0.014653243557530596,0.0,0.0,0.5817307692307693,0.0,0.0,0.5302280985062575,0.0,0.0,0.0,0.0
3260,52,1.0507692307692311,0.538461538461525,1.1398678102926325,0.6696266397578178,0.010397716460514253,0.0,0.0,0.014652815611558215,0.0,0.0,0.5336538461538461,0.0,0.0,0.5303985872855701,0.0,0.0,0.0,0.0
3261,48,1.0812500000000005,0.5833333333333582,1.1392257217847759,0.6693922875025216,0.012434115955917781,0.0,0.0,0.014640967625591288,0.0,0.0,0.5416666666666666,0.0,0.0,0.5299313547345044,0.0,0.0,0.0,0.0
3262,65,0.9912307692307698,0.6769230769231404,1.1383503075526864,0.6687506302309149,0.012038490284006501,0.0,0.0,0.014624712079324913,0.0,0.0,0.43846153846153846,0.0,0.0,0.5300998285771907,0.0,0.0,0.0,0.0
3263,51,1.1760784313725494,0.7843137254901532,1.1383424022571536,0.6688835147118077,0.011993601279744569,0.0,0.0,0.01458286754359923,0.0,0.0,0.4362745098039216,0.0,0.0,0.5302045546150745,0.0,0.0,0.0,0.0
3264,38,1.2955263157894743,0.7894736842105229,1.138284476679761,0.66868137403042,0.02793984108967077,0.0,0.0,0.014606085831395521,0.0,0.0,0.6052631578947368,0.0,0.0,0.5302457942983781,0.0,0.0,0.0,0.0
3265,43,1.069069767441861,0.6511627906976858,1.1388270237615776,0.6691502215062405,0.012542974079127394,0.0,0.0,0.014604343020643435,0.0,0.0,0.4941860465116279,0.0,0.0,0.5302053966975433,0.0,0.0,0.0,0.0
3266,43,0.9102325581395354,0.5116279069767531,1.1377787851314587,0.6689835801349836,0.008359675352413606,0.0,0.0,0.014572397323104688,0.0,0.0,0.48255813953488375,0.0,0.0,0.5297421174574393,0.0,0.0,0.0,0.0
3267,59,0.9564406779661023,0.5084745762712151,1.1376934688537779,0.6679078192613448,0.011158789796322389,0.0,0.0,0.014559815575617875,0.0,0.0,0.4406779661016949,0.0,0.0,0.5296115527825299,0.0,0.0,0.0,0.0
3268,42,1.318809523809524,0.8095238095238086,1.1377366670027211,0.6691198709547318,0.012057030909883415,0.0,0.0,0.014512350378330019,0.0,0.0,0.5238095238095238,0.0,0.0,0.5284050811573747,0.0,0.0,0.0,0.0
3269,51,0.9098039215686279,0.5882352941176486,1.1357118353344762,0.6691554838058708,0.011063423938960749,0.0,0.0,0.014499507281287663,0.0,0.0,0.43137254901960786,0.0,0.0,0.5269145394006659,0.0,0.0,0.0,0.0
3270,59,0.8628813559322038,0.5762711864406638,1.1337705413852195,0.6680108881943729,0.012383848212114119,0.0,0.0,0.014486238815736963,0.0,0.0,0.3813559322033898,0.0,0.0,0.5258342574856336,0.0,0.0,0.0,0.0
3271,41,1.186585365853659,0.6829268292682896,1.1368340236387504,0.6681482978078579,0.015617977528089938,0.0,0.0,0.014526856597002624,0.0,0.0,0.6036585365853658,0.0,0.0,0.528058389736337,0.0,0.0,0.0,0.0
3272,47,0.8259574468085111,0.25531914893617114,1.134981296127792,0.6662622586189451,0.012414454748960538,0.0,0.0,0.014511373345897884,0.0,0.0,0.4734042553191489,0.0,0.0,0.5276008492569002,0.0,0.0,0.0,0.0
3273,59,0.9054237288135598,0.6779661016948745,1.1346511158234869,0.6676764616782775,0.01047245638110092,0.0,0.0,0.014478356780047599,0.0,0.0,0.3728813559322034,0.0,0.0,0.5263051600525094,0.0,0.0,0.0,0.0
3274,61,1.017868852459017,0.45901639344260914,1.1353082433659563,0.668146503884571,0.01271554372312121,0.0,0.0,0.014475260796908416,0.0,0.0,0.5,0.0,0.0,0.5264100494400161,0.0,0.0,0.0,0.0
3275,43,0.9855813953488375,0.6046511627906962,1.1344757291351288,0.6678776869512546,0.010849974398360926,0.0,0.0,0.014444223156201402,0.0,0.0,0.4186046511627907,0.0,0.0,0.5258603289938439,0.0,0.0,0.0,0.0
3276,49,0.9536734693877554,0.5306122448979886,1.1336997779123752,0.6676761558651306,0.01069336384439281,0.0,0.0,0.014421320135912224,0.0,0.0,0.5408163265306123,0.0,0.0,0.5257419745608722,0.0,0.0,0.0,0.0
3277,58,1.1724137931034488,0.6896551724137947,1.1340602944141953,0.6672716273442213,0.013465346534653082,0.0,0.0,0.014403946879762333,0.0,0.0,0.5474137931034483,0.0,0.0,0.5261141359144988,0.0,0.0,0.0,0.0
3278,52,1.1198076923076927,0.6538461538461496,1.1332631472899446,0.6665323393108992,0.014877363311189688,0.0,0.0,0.014404712969116773,0.0,0.0,0.5192307692307693,0.0,0.0,0.5259419705823091,0.0,0.0,0.0,0.0
3279,52,1.1811538461538467,0.8076923076922923,1.1341808650065521,0.6672043552777481,0.017493591569354042,0.0,0.0,0.014423406814038359,0.0,0.0,0.47115384615384615,0.0,0.0,0.5259098699465672,0.0,0.0,0.0,0.0
3280,59,1.1510169491525428,0.6440677966101535,1.1335270419981862,0.6670359552825041,0.014092135297779768,0.0,0.0,0.014430327973946732,0.0,0.0,0.5338983050847458,0.0,0.0,0.5254809144928996,0.0,0.0,0.0,0.0
3281,52,1.0925000000000005,0.4230769230769279,1.1335651036425831,0.665224391225597,0.012118174061433236,0.0,0.0,0.014414267673051914,0.0,0.0,0.6490384615384616,0.0,0.0,0.5265898571141074,0.0,0.0,0.0,0.0
3282,57,0.7863157894736844,0.5087719298245602,1.1332254497939482,0.6661976077997772,0.010308187672492688,0.0,0.0,0.014421562131449094,0.0,0.0,0.33771929824561403,0.0,0.0,0.5258317418836064,0.0,0.0,0.0,0.0
3283,48,0.7306250000000004,0.3749999999999924,1.131386487029961,0.6649909511361336,0.010269399707173792,0.0,0.0,0.014389657853412521,0.0,0.0,0.40625,0.0,0.0,0.5252865473557209,0.0,0.0,0.0,0.0
3284,44,1.099318181818182,0.5909090909090907,1.1312790346907986,0.6664655605832062,0.011686397680599522,0.0,0.0,0.014366782616690684,0.0,0.0,0.5113636363636364,0.0,0.0,0.5242332830568125,0.0,0.0,0.0,0.0
3285,41,1.0051219512195126,0.7317073170731354,1.1290607401448098,0.6655269509251794,0.009951702487321105,0.0,0.0,0.014325004688929416,0.0,0.0,0.35365853658536583,0.0,0.0,0.5227272727272727,0.0,0.0,0.0,0.0
3286,48,1.4264583333333336,0.958333333333286,1.1288210441605462,0.6657277939845065,0.01270551122657273,0.0,0.0,0.014293278410183725,0.0,0.0,0.6197916666666666,0.0,0.0,0.5226083894980385,0.0,0.0,0.0,0.0
3287,48,1.1366666666666672,0.5833333333333347,1.1286467451453859,0.6658617567159654,0.016384384384384963,0.0,0.0,0.014311036379687815,0.0,0.0,0.6458333333333334,0.0,0.0,0.5228141664151323,0.0,0.0,0.0,0.0
3288,57,1.0877192982456145,0.5964912280701867,1.1295059368082097,0.6665325015093561,0.014818355640535536,0.0,0.0,0.014330490222738003,0.0,0.0,0.5131578947368421,0.0,0.0,0.522690682229825,0.0,0.0,0.0,0.0
3289,72,1.0913888888888894,0.5833333333333317,1.127320530866679,0.6632817212949909,0.011264334862385313,0.0,0.0,0.014269571403663518,0.0,0.0,0.5694444444444444,0.0,0.0,0.5228232455258396,0.0,0.0,0.0,0.0
3290,46,1.1713043478260874,0.6086956521739362,1.1267233400402403,0.6622736418511048,0.011713043478261007,0.0,0.0,0.014244416830843256,0.0,0.0,0.6739130434782609,0.0,0.0,0.5235412474849095,0.0,0.0,0.0,0.0
3291,39,0.9025641025641028,0.4102564102564064,1.125673038229375,0.6604627766599579,0.012063056888279109,0.0,0.0,0.014239958766035446,0.0,0.0,0.5512820512820513,0.0,0.0,0.5241197183098592,0.0,0.0,0.0,0.0
3292,35,1.1157142857142863,0.5714285714285711,1.1255675403225793,0.6599798387096756,0.013047109923154032,0.0,0.0,0.014224402933641472,0.0,0.0,0.6142857142857143,0.0,0.0,0.5245715725806451,0.0,0.0,0.0,0.0
3293,42,1.1878571428571432,0.6190476190476323,1.1253678474114428,0.6595014633161757,0.012466266866566829,0.0,0.0,0.014205385202349565,0.0,0.0,0.5952380952380952,0.0,0.0,0.5249520637804016,0.0,0.0,0.0,0.0
3294,52,1.0555769230769234,0.6153846153846172,1.125445744251713,0.6602460669624833,0.010841398380406283,0.0,0.0,0.01418191614818431,0.0,0.0,0.5,0.0,0.0,0.5246319080274304,0.0,0.0,0.0,0.0
3295,47,0.9729787234042558,0.6382978723403971,1.1244924318869818,0.6596367305751749,0.012831088664421463,0.0,0.0,0.014164101286545553,0.0,0.0,0.44680851063829785,0.0,0.0,0.5243945509586276,0.0,0.0,0.0,0.0
3296,54,1.0259259259259264,0.5555555555555655,1.1244665187575624,0.6598426784993932,0.011503322259136306,0.0,0.0,0.014148899452073581,0.0,0.0,0.5,0.0,0.0,0.523925978217023,0.0,0.0,0.0,0.0
3297,44,1.1568181818181822,0.8636363636363565,1.1226864466646471,0.6601069734584701,0.013101673101673358,0.0,0.0,0.014112571246620837,0.0,0.0,0.4659090909090909,0.0,0.0,0.5224291048541729,0.0,0.0,0.0,0.0
3298,47,1.1312765957446815,0.5957446808510555,1.1229119935333927,0.6600990199050198,0.01961992619926164,0.0,0.0,0.014133633807402415,0.0,0.0,0.5691489361702128,0.0,0.0,0.5224815600687077,0.0,0.0,0.0,0.0
3299,46,0.9647826086956524,0.6086956521738962,1.1232507332861321,0.6601598058056015,0.009495079161317475,0.0,0.0,0.01411338153194314,0.0,0.0,0.391304347826087,0.0,0.0,0.5228077273187013,0.0,0.0,0.0,0.0
3300,48,1.0027083333333338,0.4374999999999995,1.120782864087501,0.6570791978934557,0.00991349124613785,0.0,0.0,0.014068183580565989,0.0,0.0,0.546875,0.0,0.0,0.5225592465059753,0.0,0.0,0.0,0.0
3301,50,0.8248000000000004,0.8400000000000106,1.1179194087273452,0.6573858459046251,0.010924503311258599,0.0,0.0,0.014043913582099813,0.0,0.0,0.24,0.0,0.0,0.5206034220917283,0.0,0.0,0.0,0.0
3302,47,1.17468085106383,0.5957446808510136,1.1176190476190464,0.6576494427558237,0.01026780732750605,0.0,0.0,0.014006531615609857,0.0,0.0,0.5957446808510638,0.0,0.0,0.5203394123606889,0.0,0.0,0.0,0.0
3303,53,1.0677358490566045,0.6603773584905801,1.1173524059846327,0.6582086534573374,0.01620561282932458,0.0,0.0,0.014000519342335278,0.0,0.0,0.46226415094339623,0.0,0.0,0.5197634452082491,0.0,0.0,0.0,0.0
3304,42,1.5190476190476194,0.9999999999999641,1.11837465843538,0.6591438113551237,0.014899579635683504,0.0,0.0,0.014006953625176037,0.0,0.0,0.6369047619047619,0.0,0.0,0.5203420706406234,0.0,0.0,0.0,0.0
3305,61,0.8754098360655741,0.49180327868849943,1.1162029923170225,0.6577031945006041,0.009413008989952254,0.0,0.0,0.013950228113775148,0.0,0.0,0.48360655737704916,0.0,0.0,0.5199656287909422,0.0,0.0,0.0,0.0
3306,60,1.0650000000000004,0.5999999999999603,1.1160557406846396,0.6579824295667952,0.011820199778024492,0.0,0.0,0.013921193471878117,0.0,0.0,0.575,0.0,0.0,0.5198929617287691,0.0,0.0,0.0,0.0
3307,61,1.0150819672131153,0.6557377049180351,1.114790280298446,0.6581972171808806,0.012058422590067982,0.0,0.0,0.013896679449134707,0.0,0.0,0.47540983606557374,0.0,0.0,0.5190058479532164,0.0,0.0,0.0,0.0
3308,63,1.0082539682539688,0.6031746031745683,1.1131739788199686,0.6575895108421556,0.015541962319548666,0.0,0.0,0.013859234303523605,0.0,0.0,0.5198412698412699,0.0,0.0,0.5187594553706505,0.0,0.0,0.0,0.0
3309,53,1.2133962264150946,0.7169811320754687,1.114120137069138,0.6585365853658507,0.011162992536017744,0.0,0.0,0.01385641314907085,0.0,0.0,0.6084905660377359,0.0,0.0,0.5191997581132836,0.0,0.0,0.0,0.0
3310,34,0.7170588235294119,0.47058823529413846,1.11181744749596,0.6556946688206755,0.012350557244174014,0.0,0.0,0.013849265242261266,0.0,0.0,0.38235294117647056,0.0,0.0,0.5192851373182552,0.0,0.0,0.0,0.0
3311,59,1.090169491525424,0.7118644067796999,1.1125856854838698,0.6558467741935456,0.010709290709290808,0.0,0.0,0.013832337805895961,0.0,0.0,0.4872881355932203,0.0,0.0,0.51953125,0.0,0.0,0.0,0.0
3312,46,1.1028260869565223,0.3695652173913017,1.112804804198626,0.6541178845377447,0.013027734976887518,0.0,0.0,0.013827198735875797,0.0,0.0,0.6739130434782609,0.0,0.0,0.5207660476382721,0.0,0.0,0.0,0.0
3313,49,1.1000000000000005,0.7755102040816186,1.1124578920827015,0.6552697932425593,0.015686845168801693,0.0,0.0,0.013827157089006368,0.0,0.0,0.40816326530612246,0.0,0.0,0.5195915279878971,0.0,0.0,0.0,0.0
3314,39,0.9887179487179492,0.461538461538474,1.1115556003629385,0.6542998286117528,0.01603993344426,0.0,0.0,0.013818259294769365,0.0,0.0,0.5,0.0,0.0,0.5194828107672145,0.0,0.0,0.0,0.0
3315,54,1.4798148148148154,0.6296296296296199,1.1138065491183866,0.6550125944584358,0.01492250233426627,0.0,0.0,0.013822101799012719,0.0,0.0,0.7777777777777778,0.0,0.0,0.5205793450881612,0.0,0.0,0.0,0.0
3316,52,1.2355769230769236,0.923076923076969,1.1146015294827918,0.6569732340511147,0.01514972883753892,0.0,0.0,0.013840653141192802,0.0,0.0,0.5288461538461539,0.0,0.0,0.5201499295632924,0.0,0.0,0.0,0.0
3317,55,0.9240000000000004,0.6909090909090541,1.1143685216866244,0.6572406158800421,0.011305895439376537,0.0,0.0,0.01383456955777022,0.0,0.0,0.39545454545454545,0.0,0.0,0.5198752138472376,0.0,0.0,0.0,0.0
3318,52,0.9303846153846157,0.7692307692308564,1.1138523516970478,0.6585758888105532,0.00892949427833236,0.0,0.0,0.013817978274939215,0.0,0.0,0.36538461538461536,0.0,0.0,0.5188840769463189,0.0,0.0,0.0,0.0
3319,44,0.700227272727273,0.5227272727272845,1.1122218863361537,0.6584038694074953,0.008485265767006474,0.0,0.0,0.013794474306788828,0.0,0.0,0.2784090909090909,0.0,0.0,0.5176592099959694,0.0,0.0,0.0,0.0
3320,48,1.2337500000000006,0.5833333333333243,1.1124450050454076,0.6581231079717439,0.013127909554422515,0.0,0.0,0.013792032287201965,0.0,0.0,0.6666666666666666,0.0,0.0,0.5176337033299697,0.0,0.0,0.0,0.0
3321,43,1.4086046511627912,0.9302325581395525,1.1125401150469258,0.6590977898879787,0.017898936170213514,0.0,0.0,0.013794563589337398,0.0,0.0,0.5581395348837209,0.0,0.0,0.516979513573519,0.0,0.0,0.0,0.0
3322,45,1.0975555555555563,0.6666666666666587,1.1126609485368304,0.6588294651866782,0.015136377566656038,0.0,0.0,0.013796832594472244,0.0,0.0,0.5333333333333333,0.0,0.0,0.5174823410696267,0.0,0.0,0.0,0.0
3323,49,1.195102040816327,0.5714285714285574,1.1130576592951618,0.6580834090679574,0.011082513247539293,0.0,0.0,0.013786948277414767,0.0,0.0,0.6428571428571429,0.0,0.0,0.5187569423407048,0.0,0.0,0.0,0.0
3324,48,0.9025000000000004,0.5000000000000012,1.1114639321074953,0.6565972923822976,0.010635894917751678,0.0,0.0,0.013764026739165531,0.0,0.0,0.4322916666666667,0.0,0.0,0.5183622954132148,0.0,0.0,0.0,0.0
3325,50,1.0410000000000004,0.560000000000003,1.110784393005154,0.6569291418174449,0.00914120126448882,0.0,0.0,0.013719893676657689,0.0,0.0,0.52,0.0,0.0,0.5176387344587082,0.0,0.0,0.0,0.0
3326,38,1.3086842105263166,0.9999999999999877,1.111286277682272,0.6580038426534514,0.014028208744710214,0.0,0.0,0.013722821607851956,0.0,0.0,0.4605263157894737,0.0,0.0,0.5172413793103449,0.0,0.0,0.0,0.0
3327,53,1.0988679245283024,0.7547169811320795,1.110692929292928,0.6581818181818164,0.01231289640591927,0.0,0.0,0.013697943787387668,0.0,0.0,0.4339622641509434,0.0,0.0,0.5164646464646465,0.0,0.0,0.0,0.0
3328,53,1.035660377358491,0.5660377358490409,1.10971633353523,0.6577831617201677,0.010773307163886291,0.0,0.0,0.013679981383124347,0.0,0.0,0.6037735849056604,0.0,0.0,0.5163032505552191,0.0,0.0,0.0,0.0
3329,52,0.9594230769230772,0.3076923076922994,1.108306744749595,0.6558966074313387,0.01117607526881734,0.0,0.0,0.013663195892329236,0.0,0.0,0.5769230769230769,0.0,0.0,0.5163570274636511,0.0,0.0,0.0,0.0
3330,46,0.9432608695652177,0.5652173913043432,1.1070922129077856,0.6546813453186526,0.01110570770412087,0.0,0.0,0.01364483631280257,0.0,0.0,0.45652173913043476,0.0,0.0,0.5163114836885163,0.0,0.0,0.0,0.0
3331,45,1.2773333333333337,0.7111111111111137,1.1070466268837853,0.6533832305047012,0.013863965267728385,0.0,0.0,0.013632872733432482,0.0,0.0,0.6166666666666667,0.0,0.0,0.517067866895924,0.0,0.0,0.0,0.0
3332,59,0.9420338983050852,0.37288135593219435,1.1067693395273666,0.652797414663702,0.015736126840316743,0.0,0.0,0.013661451431748406,0.0,0.0,0.559322033898305,0.0,0.0,0.5172944859624319,0.0,0.0,0.0,0.0
3333,41,1.1639024390243906,0.6829268292682955,1.1048771362119512,0.6508241480432785,0.016415548675610295,0.0,0.0,0.01365822590181845,0.0,0.0,0.5853658536585366,0.0,0.0,0.517342501769643,0.0,0.0,0.0,0.0
3334,45,1.4384444444444449,0.8888888888888569,1.1067331040064736,0.6527721570214466,0.015169908600890103,0.0,0.0,0.01366516385404604,0.0,0.0,0.6,0.0,0.0,0.5175030352084177,0.0,0.0,0.0,0.0
3335,49,1.2871428571428578,0.9387755102040264,1.107037636584377,0.6523674625657603,0.014360200364297911,0.0,0.0,0.01367921119844179,0.0,0.0,0.47959183673469385,0.0,0.0,0.5179583164710644,0.0,0.0,0.0,0.0
3336,44,0.9215909090909093,0.590909090909109,1.1060097175827492,0.6520902925397283,0.010185882943984712,0.0,0.0,0.01365665961310836,0.0,0.0,0.38636363636363635,0.0,0.0,0.5171069946350845,0.0,0.0,0.0,0.0
3337,41,0.9485365853658542,0.4878048780487709,1.1066089509923027,0.6516808424463323,0.012597991577583493,0.0,0.0,0.013681883963624703,0.0,0.0,0.5487804878048781,0.0,0.0,0.5178969218307007,0.0,0.0,0.0,0.0
3338,39,0.8153846153846157,0.4615384615384754,1.1058271629982739,0.6505730804341187,0.010685483870967735,0.0,0.0,0.013694561541901339,0.0,0.0,0.4423076923076923,0.0,0.0,0.5180292118876154,0.0,0.0,0.0,0.0
3339,51,0.9798039215686278,0.5882352941177227,1.106445367930264,0.6503142104196208,0.009667247049720041,0.0,0.0,0.013709053142377765,0.0,0.0,0.4852941176470588,0.0,0.0,0.5188272856274072,0.0,0.0,0.0,0.0
3340,44,0.9404545454545459,0.5454545454545632,1.1056835917705465,0.650450998277083,0.009499540863177303,0.0,0.0,0.013687870119441932,0.0,0.0,0.5454545454545454,0.0,0.0,0.5189013884666058,0.0,0.0,0.0,0.0
3341,48,1.2545833333333338,1.0416666666666667,1.1060636787669826,0.6515919691746073,0.015393660531697499,0.0,0.0,0.013691047726630892,0.0,0.0,0.4479166666666667,0.0,0.0,0.5190377205435003,0.0,0.0,0.0,0.0
3342,49,1.161428571428572,1.0000000000000504,1.1055824799756646,0.6526411842238651,0.01494485294117749,0.0,0.0,0.013713674864332928,0.0,0.0,0.3979591836734694,0.0,0.0,0.5183767616343912,0.0,0.0,0.0,0.0
3343,52,0.6934615384615388,0.46153846153844785,1.103939056489166,0.6512451913342763,0.007863061491495772,0.0,0.0,0.013688842637516595,0.0,0.0,0.375,0.0,0.0,0.5181970034419923,0.0,0.0,0.0,0.0
3344,54,0.9583333333333338,0.49999999999998196,1.102820020222445,0.6496461071789669,0.013074785245073604,0.0,0.0,0.013673522092607809,0.0,0.0,0.5462962962962963,0.0,0.0,0.5187310414560162,0.0,0.0,0.0,0.0
3345,35,1.2631428571428576,0.45714285714284897,1.1031762917933112,0.6491388044579517,0.014585945232596959,0.0,0.0,0.013678831658291465,0.0,0.0,0.7428571428571429,0.0,0.0,0.5195288753799392,0.0,0.0,0.0,0.0
3346,51,1.000980392156863,0.607843137254893,1.1012720454084717,0.6488951956213239,0.011246970698391461,0.0,0.0,0.013647234228021856,0.0,0.0,0.5,0.0,0.0,0.5188272856274072,0.0,0.0,0.0,0.0
3347,56,1.126428571428572,0.7142857142857253,1.100692307692306,0.6484817813765165,0.015351667072280611,0.0,0.0,0.013642252842648264,0.0,0.0,0.5535714285714286,0.0,0.0,0.5189018218623481,0.0,0.0,0.0,0.0
3348,46,1.1169565217391308,0.8043478260869383,1.1004040506329098,0.6489113924050615,0.01021674289123051,0.0,0.0,0.013616438733800989,0.0,0.0,0.3695652173913043,0.0,0.0,0.5181012658227848,0.0,0.0,0.0,0.0
3349,44,1.1984090909090914,0.6363636363636384,1.1009540206603181,0.649584768077778,0.013872665088135325,0.0,0.0,0.013604510299602047,0.0,0.0,0.6022727272727273,0.0,0.0,0.518609479440956,0.0,0.0,0.0,0.0
3350,41,1.1760975609756101,0.5365853658536657,1.1007055837563433,0.6491370558375612,0.015317662007624053,0.0,0.0,0.013605925795784688,0.0,0.0,0.6951219512195121,0.0,0.0,0.5189593908629442,0.0,0.0,0.0,0.0
3351,46,0.9360869565217397,0.565217391304332,1.09983140361568,0.6477757464960369,0.009090141439729757,0.0,0.0,0.013581571402412578,0.0,0.0,0.40217391304347827,0.0,0.0,0.5188147471054235,0.0,0.0,0.0,0.0
3352,38,1.4028947368421059,0.8684210526315668,1.1009194351315639,0.6486843442040007,0.019498902706656572,0.0,0.0,0.013600178217324744,0.0,0.0,0.625,0.0,0.0,0.5193538555318501,0.0,0.0,0.0,0.0
3353,47,0.9657446808510641,0.38297872340425043,1.1001879126460112,0.6477399695276767,0.010750828990999793,0.0,0.0,0.013595267980419243,0.0,0.0,0.5319148936170213,0.0,0.0,0.518943626206196,0.0,0.0,0.0,0.0
3354,42,1.1561904761904767,0.45238095238095366,1.100744918699185,0.6467479674796724,0.0145869630519674,0.0,0.0,0.0135943043972112,0.0,0.0,0.6547619047619048,0.0,0.0,0.5198678861788618,0.0,0.0,0.0,0.0
3355,54,0.9022222222222225,0.4444444444444668,1.0998975139523064,0.645966514459663,0.00904735376044538,0.0,0.0,0.013564486902896734,0.0,0.0,0.5,0.0,0.0,0.5199898528665652,0.0,0.0,0.0,0.0
3356,48,1.036041666666667,0.5833333333333335,1.0999147121535162,0.6461569702507848,0.013049068485961561,0.0,0.0,0.013565828277325921,0.0,0.0,0.5416666666666666,0.0,0.0,0.5203320134023759,0.0,0.0,0.0,0.0
3357,46,1.3454347826086959,0.8260869565217392,1.100927918781724,0.6475126903553279,0.01447042319382825,0.0,0.0,0.013567708170422436,0.0,0.0,0.5652173913043478,0.0,0.0,0.5198477157360406,0.0,0.0,0.0,0.0
3358,46,1.2045652173913048,0.6086956521739113,1.100192912986088,0.6460554371002111,0.026511961722488087,0.0,0.0,0.013570211108592505,0.0,0.0,0.6304347826086957,0.0,0.0,0.5201543303888719,0.0,0.0,0.0,0.0
3359,46,1.2695652173913048,0.913043478260869,1.1009485122372276,0.6482177312887153,0.016961951786232016,0.0,0.0,0.013591258299400243,0.0,0.0,0.4891304347826087,0.0,0.0,0.5195237128059308,0.0,0.0,0.0,0.0
3360,46,1.180652173913044,0.9130434782608724,1.1004989837398353,0.6503048780487783,0.014128511966701094,0.0,0.0,0.013566152612655504,0.0,0.0,0.41847826086956524,0.0,0.0,0.5183943089430895,0.0,0.0,0.0,0.0
3361,63,1.231587301587302,0.8412698412697726,1.1021327783981303,0.6521165363922421,0.015518000000000714,0.0,0.0,0.013602963378742916,0.0,0.0,0.5079365079365079,0.0,0.0,0.5184752816972896,0.0,0.0,0.0,0.0
3362,42,0.7119047619047623,0.5238095238095143,1.1001706276660552,0.6506195409303245,0.009666989977368236,0.0,0.0,0.013570935495873836,0.0,0.0,0.19047619047619047,0.0,0.0,0.5170627666057283,0.0,0.0,0.0,0.0
3363,51,0.909803921568628,0.5098039215686291,1.0988774888256787,0.6493295408370555,0.00921549155908658,0.0,0.0,0.013529889995809972,0.0,0.0,0.37254901960784315,0.0,0.0,0.5163805363673304,0.0,0.0,0.0,0.0
3364,47,1.5440425531914899,0.9148936170212568,1.1008777461350672,0.6502237591537808,0.014852640196479592,0.0,0.0,0.013528772842036858,0.0,0.0,0.6914893617021277,0.0,0.0,0.5174176159479251,0.0,0.0,0.0,0.0
3365,54,1.4181481481481486,0.814814814814847,1.1026810931626518,0.6508178400894011,0.015340544871794903,0.0,0.0,0.013539931088340168,0.0,0.0,0.6759259259259259,0.0,0.0,0.5186680889972569,0.0,0.0,0.0,0.0
3366,41,1.4534146341463423,0.7804878048780556,1.1037350010168785,0.6507016473459402,0.024798168955472974,0.0,0.0,0.013547493668800585,0.0,0.0,0.6463414634146342,0.0,0.0,0.5186597518812284,0.0,0.0,0.0,0.0
3367,49,1.2465306122448987,0.6938775510204105,1.1047569161920243,0.6510374288039031,0.02271476385273355,0.0,0.0,0.013577598275982778,0.0,0.0,0.6428571428571429,0.0,0.0,0.5194772172497966,0.0,0.0,0.0,0.0
3368,47,1.2053191489361705,0.85106382978721,1.1062059841237515,0.6521473641359632,0.013946331856228924,0.0,0.0,0.013606381101045385,0.0,0.0,0.4946808510638298,0.0,0.0,0.5200234072867902,0.0,0.0,0.0,0.0
3369,56,1.075714285714286,0.49999999999999095,1.1069920683343484,0.6515151515151486,0.010533310019233801,0.0,0.0,0.013570702871297139,0.0,0.0,0.5625,0.0,0.0,0.5204901362619483,0.0,0.0,0.0,0.0
3370,45,1.1455555555555559,0.5333333333333327,1.1071889307152285,0.6504222199613362,0.012350263536176478,0.0,0.0,0.013554471674330796,0.0,0.0,0.5444444444444444,0.0,0.0,0.5209329535049344,0.0,0.0,0.0,0.0
3371,43,1.018837209302326,0.7441860465116127,1.1059932797067489,0.6495265247938066,0.013737848855440776,0.0,0.0,0.013534596085145428,0.0,0.0,0.436046511627907,0.0,0.0,0.5207209041849099,0.0,0.0,0.0,0.0
3372,50,1.2584000000000006,0.8200000000000283,1.1068114320585825,0.6505288852725769,0.02642587148257125,0.0,0.0,0.013578949338657373,0.0,0.0,0.53,0.0,0.0,0.5210028478437754,0.0,0.0,0.0,0.0
3373,54,0.9964814814814817,0.8148148148149331,1.1047446592065089,0.6497456765005069,0.008844510190665187,0.0,0.0,0.013518835499198951,0.0,0.0,0.3472222222222222,0.0,0.0,0.519938962360122,0.0,0.0,0.0,0.0
3374,55,0.9680000000000004,0.5090909090909082,1.102341160923044,0.6484700620107741,0.011739801543550471,0.0,0.0,0.013474288369873728,0.0,0.0,0.4909090909090909,0.0,0.0,0.5187811324590831,0.0,0.0,0.0,0.0
3375,49,1.1375510204081638,0.6530612244897863,1.1017198617605186,0.6473876804228487,0.011809322033898619,0.0,0.0,0.013456007687217669,0.0,0.0,0.5816326530612245,0.0,0.0,0.519185810124009,0.0,0.0,0.0,0.0
3376,50,1.1412000000000004,0.6399999999999721,1.1021185320727849,0.6473518349090153,0.011750411861614697,0.0,0.0,0.013439536872900396,0.0,0.0,0.55,0.0,0.0,0.519797702551591,0.0,0.0,0.0,0.0
3377,48,1.2966666666666673,0.6666666666666693,1.1033658239415154,0.6479845669611112,0.015991778006167252,0.0,0.0,0.013443446118218185,0.0,0.0,0.6770833333333334,0.0,0.0,0.5203827799776627,0.0,0.0,0.0,0.0
3378,59,1.2232203389830514,0.6779661016948622,1.1028277191558427,0.6479301948051929,0.014231906921710476,0.0,0.0,0.013423656179567159,0.0,0.0,0.538135593220339,0.0,0.0,0.5198863636363636,0.0,0.0,0.0,0.0
3379,47,0.8555319148936172,0.5106382978723321,1.1012066166023935,0.6472498477775501,0.009331631469018433,0.0,0.0,0.013396670860087502,0.0,0.0,0.3829787234042553,0.0,0.0,0.518875583519383,0.0,0.0,0.0,0.0
3380,55,1.1212727272727279,0.69090909090908,1.1011486212489852,0.6459854014598516,0.017381623449830186,0.0,0.0,0.013410685601612996,0.0,0.0,0.55,0.0,0.0,0.5199969586374696,0.0,0.0,0.0,0.0
3381,51,1.0996078431372553,0.4705882352941196,1.0998956539357703,0.6447168473305619,0.013651411879260692,0.0,0.0,0.013387361682083985,0.0,0.0,0.5784313725490197,0.0,0.0,0.5198308175463479,0.0,0.0,0.0,0.0
3382,55,1.1981818181818185,0.7272727272727662,1.1015322335795958,0.6468980872381316,0.013501331694325264,0.0,0.0,0.013394388608375399,0.0,0.0,0.6090909090909091,0.0,0.0,0.520164963060419,0.0,0.0,0.0,0.0
3383,62,1.2056451612903232,0.6612903225806408,1.1030692969145157,0.6467374810318645,0.015258215962441167,0.0,0.0,0.013415339036330494,0.0,0.0,0.6129032258064516,0.0,0.0,0.5215477996965099,0.0,0.0,0.0,0.0
3384,47,1.0551063829787242,0.7659574468085161,1.1027854251012132,0.6460526315789455,0.016420529801324073,0.0,0.0,0.013408930081212795,0.0,0.0,0.39361702127659576,0.0,0.0,0.5214068825910931,0.0,0.0,0.0,0.0
3385,47,1.4236170212765962,0.765957446808514,1.1039637725156837,0.6461242663428437,0.02340328786288939,0.0,0.0,0.013429594577626585,0.0,0.0,0.6914893617021277,0.0,0.0,0.5222626998583283,0.0,0.0,0.0,0.0
3386,45,1.1271111111111114,0.9333333333333225,1.1040850202429136,0.6470647773279333,0.015226658661063175,0.0,0.0,0.013437200897262047,0.0,0.0,0.35555555555555557,0.0,0.0,0.5217611336032388,0.0,0.0,0.0,0.0
3387,39,0.9971794871794873,0.6923076923076963,1.1041772280239264,0.6487884010949996,0.014029581529581033,0.0,0.0,0.013438077246270797,0.0,0.0,0.3974358974358974,0.0,0.0,0.5206326675453716,0.0,0.0,0.0,0.0
3388,58,1.136379310344828,0.6551724137930874,1.1039714227807043,0.6484596676124827,0.014807908335206229,0.0,0.0,0.013441587525247765,0.0,0.0,0.4827586206896552,0.0,0.0,0.5202675314146737,0.0,0.0,0.0,0.0
3389,57,1.1219298245614047,0.3859649122807106,1.1038310571573082,0.6473444613050057,0.025316706254948217,0.0,0.0,0.013457021253504158,0.0,0.0,0.6578947368421053,0.0,0.0,0.5207384926656551,0.0,0.0,0.0,0.0
3390,59,0.899661016949153,0.3389830508474547,1.1026884219034139,0.6450798141038576,0.011519097222222182,0.0,0.0,0.013468693928826204,0.0,0.0,0.559322033898305,0.0,0.0,0.5213174378662356,0.0,0.0,0.0,0.0
3391,47,1.2531914893617027,0.936170212766007,1.103753538212696,0.6468863728265251,0.01476560541489058,0.0,0.0,0.013477672647372905,0.0,0.0,0.44680851063829785,0.0,0.0,0.5210523655479176,0.0,0.0,0.0,0.0
3392,35,1.4774285714285718,0.6285714285714331,1.106366031617348,0.6476489663558965,0.01490201729106644,0.0,0.0,0.013490884871221735,0.0,0.0,0.7571428571428571,0.0,0.0,0.5224716254560194,0.0,0.0,0.0,0.0
3393,50,1.4152000000000007,0.6800000000000298,1.1065825734549126,0.6469098277608905,0.021839506172838866,0.0,0.0,0.013494109129366915,0.0,0.0,0.72,0.0,0.0,0.5225683890577507,0.0,0.0,0.0,0.0
3394,46,1.2821739130434788,0.5652173913043745,1.1087520275750191,0.6481143552311426,0.019458924447377762,0.0,0.0,0.013531989710633248,0.0,0.0,0.6902173913043478,0.0,0.0,0.5232157339821574,0.0,0.0,0.0,0.0
3395,44,1.1395454545454549,0.8181818181818301,1.1079372652522577,0.6484620850675049,0.011558321807284251,0.0,0.0,0.013511312979008165,0.0,0.0,0.3465909090909091,0.0,0.0,0.5222566236930261,0.0,0.0,0.0,0.0
3396,62,1.197580645161291,0.7419354838709469,1.1076218461850227,0.6489005978315928,0.013485288775880799,0.0,0.0,0.013486701599361425,0.0,0.0,0.45161290322580644,0.0,0.0,0.5214054108825615,0.0,0.0,0.0,0.0
3397,51,0.965490196078432,0.7254901960784418,1.1074338436581153,0.6504106255703124,0.012720227331439262,0.0,0.0,0.013476314149820208,0.0,0.0,0.4019607843137255,0.0,0.0,0.5203538477136774,0.0,0.0,0.0,0.0
3398,44,1.2815909090909097,0.6363636363636437,1.1073710347623382,0.6495388669301704,0.014738630423418777,0.0,0.0,0.013443463025779805,0.0,0.0,0.6136363636363636,0.0,0.0,0.52080166210601,0.0,0.0,0.0,0.0
3399,53,1.1015094339622644,0.6037735849056846,1.1082019854132892,0.6501215559157204,0.010579920260964376,0.0,0.0,0.013435720777147386,0.0,0.0,0.5377358490566038,0.0,0.0,0.5212216369529984,0.0,0.0,0.0,0.0
3400,49,1.2087755102040822,0.8163265306122648,1.1083485309017216,0.6516717325227958,0.01386470037453209,0.0,0.0,0.013436771853455034,0.0,0.0,0.5,0.0,0.0,0.5207953394123607,0.0,0.0,0.0,0.0
3401,49,1.2157142857142862,0.7551020408163481,1.108201518987341,0.6528607594936703,0.016378883695353754,0.0,0.0,0.013440095205111049,0.0,0.0,0.5918367346938775,0.0,0.0,0.5204556962025316,0.0,0.0,0.0,0.0
3402,43,0.9086046511627912,0.6511627906976581,1.1065983772819468,0.6518255578093297,0.012107220328478137,0.0,0.0,0.013399805961167709,0.0,0.0,0.3953488372093023,0.0,0.0,0.5201572008113591,0.0,0.0,0.0,0.0
3403,43,0.6213953488372095,0.23255813953488091,1.104870103511264,0.6512076314187123,0.006922279792746338,0.0,0.0,0.013386157190421664,0.0,0.0,0.3953488372093023,0.0,0.0,0.5188502131114269,0.0,0.0,0.0,0.0
3404,45,1.0013333333333339,0.48888888888890897,1.103535148313693,0.6503453880536361,0.01313702623906706,0.0,0.0,0.013363217446286135,0.0,0.0,0.5111111111111111,0.0,0.0,0.5182598537180008,0.0,0.0,0.0,0.0
3405,57,1.0305263157894742,0.6666666666666736,1.1032437366872905,0.6497616391114709,0.011265822784810274,0.0,0.0,0.01335541866144743,0.0,0.0,0.4298245614035088,0.0,0.0,0.5182320722182777,0.0,0.0,0.0,0.0
3406,50,1.0198000000000007,0.39999999999997954,1.1028578664775603,0.6487691216695362,0.012905593520627708,0.0,0.0,0.013343584450987116,0.0,0.0,0.635,0.0,0.0,0.5184885016715631,0.0,0.0,0.0,0.0
3407,41,1.252926829268293,0.682926829268315,1.1043706861550953,0.6489037758830688,0.012740575396825422,0.0,0.0,0.013343856086026614,0.0,0.0,0.6463414634146342,0.0,0.0,0.5197421843280552,0.0,0.0,0.0,0.0
3408,55,1.1181818181818186,0.6181818181817862,1.1039890377588306,0.6479902557856264,0.01406678865507777,0.0,0.0,0.01330807085891602,0.0,0.0,0.5318181818181819,0.0,0.0,0.5198690621193667,0.0,0.0,0.0,0.0
3409,47,1.1321276595744685,0.6382978723404414,1.1040357106624732,0.6483717155321083,0.010865836226261012,0.0,0.0,0.013276903087274573,0.0,0.0,0.5319148936170213,0.0,0.0,0.5197068073450339,0.0,0.0,0.0,0.0
3410,52,1.0461538461538464,0.7307692307692053,1.1027567677177326,0.6477745107979308,0.012598425196849785,0.0,0.0,0.013265856472729182,0.0,0.0,0.4423076923076923,0.0,0.0,0.5192385683869005,0.0,0.0,0.0,0.0
3411,49,1.2630612244897965,0.775510204081657,1.1032072601906304,0.6483471912390988,0.013154091392136273,0.0,0.0,0.013274479779894013,0.0,0.0,0.6122448979591837,0.0,0.0,0.5191898195092274,0.0,0.0,0.0,0.0
3412,49,1.2734693877551027,0.4693877551020606,1.1043171672077918,0.6466112012987009,0.015922429191120607,0.0,0.0,0.01329155660740262,0.0,0.0,0.7959183673469388,0.0,0.0,0.5212307224025974,0.0,0.0,0.0,0.0
3413,42,1.2552380952380957,0.6666666666666288,1.1046553649375692,0.6469393970155308,0.018305555555555,0.0,0.0,0.013281113459839228,0.0,0.0,0.6547619047619048,0.0,0.0,0.521546035935438,0.0,0.0,0.0,0.0
3414,51,1.1615686274509809,0.6862745098039514,1.1053853173798411,0.6479415939971603,0.0131003980539586,0.0,0.0,0.013269763790070823,0.0,0.0,0.5294117647058824,0.0,0.0,0.5212685053741635,0.0,0.0,0.0,0.0
3415,70,1.1200000000000003,0.6285714285714514,1.1057755742183542,0.6475766467671756,0.01097731727807372,0.0,0.0,0.013239363931741188,0.0,0.0,0.5357142857142857,0.0,0.0,0.5215521602752201,0.0,0.0,0.0,0.0
3416,45,1.060666666666667,0.7111111111110954,1.105677288821446,0.6475467880627209,0.011817281505323091,0.0,0.0,0.013220317661531214,0.0,0.0,0.43333333333333335,0.0,0.0,0.5214719271623672,0.0,0.0,0.0,0.0
3417,59,1.088983050847458,0.6101694915254144,1.1063292929292923,0.6481818181818177,0.013790512985618975,0.0,0.0,0.013246263828099247,0.0,0.0,0.5338983050847458,0.0,0.0,0.521540404040404,0.0,0.0,0.0,0.0
3418,48,0.8468750000000004,0.1874999999999991,1.1056988377968664,0.6451743304699339,0.012277257626095118,0.0,0.0,0.013234125784124737,0.0,0.0,0.5572916666666666,0.0,0.0,0.5224355735219808,0.0,0.0,0.0,0.0
3419,41,0.8995121951219516,0.5853658536585329,1.104563303309381,0.6454812265964978,0.010043572984749597,0.0,0.0,0.013220331386778243,0.0,0.0,0.43902439024390244,0.0,0.0,0.5221131464426677,0.0,0.0,0.0,0.0
3420,47,0.8876595744680855,0.5957446808510939,1.1030134629011024,0.6459155784998479,0.009546910755148196,0.0,0.0,0.013186586716202106,0.0,0.0,0.3829787234042553,0.0,0.0,0.5208017005769815,0.0,0.0,0.0,0.0
3421,41,1.1800000000000004,0.6829268292682952,1.1007828640875015,0.6442171359124974,0.011892822025565507,0.0,0.0,0.013141999364006935,0.0,0.0,0.5365853658536586,0.0,0.0,0.5197994733643914,0.0,0.0,0.0,0.0
3422,47,0.8934042553191496,0.4255319148936121,1.100194371330228,0.6435513261793885,0.016795999999999794,0.0,0.0,0.013146986809124286,0.0,0.0,0.4521276595744681,0.0,0.0,0.5195130593237497,0.0,0.0,0.0,0.0
3423,49,1.0814285714285718,0.5714285714285676,1.0999584894198637,0.6430090108332489,0.014217869600214601,0.0,0.0,0.013137068543340678,0.0,0.0,0.5867346938775511,0.0,0.0,0.520249063480814,0.0,0.0,0.0,0.0
3424,47,0.9693617021276599,0.5319148936170316,1.0996434720956134,0.6424592322495696,0.012902860379496133,0.0,0.0,0.013129686245295646,0.0,0.0,0.5,0.0,0.0,0.5203079104628786,0.0,0.0,0.0,0.0
3425,53,0.973584905660378,0.7169811320754997,1.0979384677664197,0.6423438923185915,0.01732706514439303,0.0,0.0,0.013126808928727031,0.0,0.0,0.3018867924528302,0.0,0.0,0.5188999089161016,0.0,0.0,0.0,0.0
3426,44,1.4445454545454552,0.727272727272732,1.0998330466457547,0.6428210057674799,0.015264169068203031,0.0,0.0,0.013148510372174124,0.0,0.0,0.7954545454545454,0.0,0.0,0.5205403217646464,0.0,0.0,0.0,0.0
3427,54,1.2451851851851858,0.7037037037037028,1.1015620895220766,0.643427301202385,0.014485135717362861,0.0,0.0,0.013162869709786067,0.0,0.0,0.6203703703703703,0.0,0.0,0.5219258361119531,0.0,0.0,0.0,0.0
3428,50,0.6680000000000003,0.660000000000019,1.0983493379156972,0.6435863742039832,0.006938097216452129,0.0,0.0,0.013103449523361635,0.0,0.0,0.2,0.0,0.0,0.519205498837562,0.0,0.0,0.0,0.0
3429,47,1.1112765957446813,0.7659574468085205,1.0972477249747212,0.6441860465116287,0.01798553719008315,0.0,0.0,0.013087300285581997,0.0,0.0,0.4574468085106383,0.0,0.0,0.5175935288169868,0.0,0.0,0.0,0.0
3430,40,1.1327500000000006,0.625000000000001,1.0975359675785203,0.6447821681864243,0.016078779276082755,0.0,0.0,0.013108800327215415,0.0,0.0,0.49375,0.0,0.0,0.5176038500506586,0.0,0.0,0.0,0.0
3431,45,0.6977777777777783,0.3555555555555592,1.0954252080373446,0.6429876192409182,0.010572390572390606,0.0,0.0,0.013068437161010405,0.0,0.0,0.3333333333333333,0.0,0.0,0.5169220621067587,0.0,0.0,0.0,0.0
3432,62,1.068387096774194,0.5483870967742384,1.0934303681914994,0.6418500862156413,0.01144239074106057,0.0,0.0,0.013023979297196883,0.0,0.0,0.5645161290322581,0.0,0.0,0.5164570443249823,0.0,0.0,0.0,0.0
3433,51,1.4362745098039225,0.9019607843137312,1.0950055696202527,0.6426329113924059,0.018271389373909486,0.0,0.0,0.013043721614726294,0.0,0.0,0.6372549019607843,0.0,0.0,0.5169873417721519,0.0,0.0,0.0,0.0
3434,52,1.132692307692308,0.8846153846154068,1.0953227438284088,0.6440712262242017,0.012015503875969133,0.0,0.0,0.013035333072454202,0.0,0.0,0.375,0.0,0.0,0.5163648320518008,0.0,0.0,0.0,0.0
3435,44,1.319545454545455,0.7727272727272698,1.0958243092804365,0.6445703876125908,0.013192456259941225,0.0,0.0,0.013038505583110897,0.0,0.0,0.625,0.0,0.0,0.5163191984616942,0.0,0.0,0.0,0.0
3436,48,1.0845833333333337,0.4375000000000053,1.0945305544314037,0.6432618373128295,0.013511549441993412,0.0,0.0,0.013027348383313316,0.0,0.0,0.5625,0.0,0.0,0.5156566167543505,0.0,0.0,0.0,0.0
3437,48,0.9593750000000002,0.520833333333346,1.093539598946728,0.6419890621835128,0.010244716351501754,0.0,0.0,0.012995140186016095,0.0,0.0,0.5208333333333334,0.0,0.0,0.5161788535547903,0.0,0.0,0.0,0.0
3438,50,1.0046000000000004,0.6000000000000348,1.0933137651821854,0.6420040485829966,0.009352075963508087,0.0,0.0,0.012967343768569723,0.0,0.0,0.43,0.0,0.0,0.5160678137651822,0.0,0.0,0.0,0.0
3439,50,0.8846000000000004,0.399999999999998,1.0918506526358385,0.6395831225336442,0.009592279332032223,0.0,0.0,0.012936544663301922,0.0,0.0,0.55,0.0,0.0,0.5166194475361733,0.0,0.0,0.0,0.0
3440,36,1.265555555555556,0.5555555555555567,1.0931712259371824,0.6395136778115509,0.015672514619883154,0.0,0.0,0.012957103073433151,0.0,0.0,0.6944444444444444,0.0,0.0,0.5177051671732523,0.0,0.0,0.0,0.0
3441,46,0.9454347826086963,0.6086956521738965,1.0923384396875306,0.6388353454397895,0.010520077406869758,0.0,0.0,0.012935383033270817,0.0,0.0,0.41847826086956524,0.0,0.0,0.5172466267627067,0.0,0.0,0.0,0.0
3442,44,1.2931818181818187,0.8181818181817991,1.0926945318048078,0.6394440499137675,0.01367788461538455,0.0,0.0,0.012932313222893442,0.0,0.0,0.48863636363636365,0.0,0.0,0.5169929998985493,0.0,0.0,0.0,0.0
3443,57,1.0014035087719304,0.59649122807019,1.0909594320486806,0.6395537525354975,0.011245074862096877,0.0,0.0,0.01290147162886651,0.0,0.0,0.5087719298245614,0.0,0.0,0.5159229208924949,0.0,0.0,0.0,0.0
3444,55,1.4530909090909097,0.9454545454545737,1.0929046653144008,0.6419878296146054,0.016754716981131314,0.0,0.0,0.01291914534464117,0.0,0.0,0.5636363636363636,0.0,0.0,0.5158722109533469,0.0,0.0,0.0,0.0
3445,53,1.183962264150944,0.6603773584905481,1.094331371753246,0.6429586038961047,0.016693269486565392,0.0,0.0,0.012952129000958322,0.0,0.0,0.5377358490566038,0.0,0.0,0.5156757305194806,0.0,0.0,0.0,0.0
3446,51,1.112352941176471,0.3529411764705777,1.094687722148877,0.6417182898344682,0.011486130795707658,0.0,0.0,0.01295554602063153,0.0,0.0,0.7058823529411765,0.0,0.0,0.5173149182492129,0.0,0.0,0.0,0.0
3447,51,0.6909803921568632,0.4313725490196074,1.093269992886901,0.6401788436134547,0.006453030580479316,0.0,0.0,0.012913810466326371,0.0,0.0,0.37254901960784315,0.0,0.0,0.5174270907428107,0.0,0.0,0.0,0.0
3448,48,1.2093750000000005,0.7083333333333138,1.0931824654190392,0.6405614320585846,0.011093063252434922,0.0,0.0,0.012881393105184009,0.0,0.0,0.5520833333333334,0.0,0.0,0.5168327908868999,0.0,0.0,0.0,0.0
3449,48,1.2668750000000004,0.7500000000000199,1.0942543458371448,0.6406424722984656,0.013950447350310329,0.0,0.0,0.012895650486274363,0.0,0.0,0.5260416666666666,0.0,0.0,0.5172816915726339,0.0,0.0,0.0,0.0
3450,52,1.1601923076923082,0.7500000000000464,1.0951690870315824,0.6411089671981323,0.012800763844685318,0.0,0.0,0.012905929307858496,0.0,0.0,0.4567307692307692,0.0,0.0,0.5172387529196709,0.0,0.0,0.0,0.0
3451,51,0.9917647058823534,0.5882352941176189,1.095697308278313,0.6420518029456584,0.013237372415597904,0.0,0.0,0.012916410225707976,0.0,0.0,0.43137254901960786,0.0,0.0,0.516683595733875,0.0,0.0,0.0,0.0
3452,39,1.1558974358974368,0.7179487179486969,1.0955078800203348,0.6409761057447899,0.01704992435703468,0.0,0.0,0.01292751376522156,0.0,0.0,0.44871794871794873,0.0,0.0,0.5167513980681241,0.0,0.0,0.0,0.0
3453,61,1.083114754098361,0.7213114754098506,1.0952232595900135,0.6417698396590227,0.013044422507403662,0.0,0.0,0.012923042473982899,0.0,0.0,0.45901639344262296,0.0,0.0,0.5162116906839862,0.0,0.0,0.0,0.0
3454,50,0.9948000000000006,0.5600000000000098,1.0954099857925708,0.641160949868075,0.016878181201221656,0.0,0.0,0.012942525731168069,0.0,0.0,0.51,0.0,0.0,0.5169220621067587,0.0,0.0,0.0,0.0
3455,51,1.2990196078431377,0.7058823529411665,1.09472033296112,0.6403410821236432,0.017470991561181055,0.0,0.0,0.012951139400126122,0.0,0.0,0.6372549019607843,0.0,0.0,0.5171048624505127,0.0,0.0,0.0,0.0
3456,40,0.8265000000000005,0.45000000000002566,1.0932561211012894,0.6391344102407815,0.011325796505652476,0.0,0.0,0.012934031262582881,0.0,0.0,0.4125,0.0,0.0,0.5168647769988824,0.0,0.0,0.0,0.0
3457,42,0.7454761904761908,0.3809523809523786,1.0917027989821873,0.6378625954198487,0.00783729662077564,0.0,0.0,0.012908031010140174,0.0,0.0,0.3630952380952381,0.0,0.0,0.5163104325699746,0.0,0.0,0.0,0.0
3458,41,1.1680487804878052,0.7317073170731789,1.0909235474006107,0.6369011213047924,0.014520921770770252,0.0,0.0,0.012912456307786254,0.0,0.0,0.4878048780487805,0.0,0.0,0.5159785932721712,0.0,0.0,0.0,0.0
3459,46,1.0123913043478268,0.7826086956521755,1.0902407180742546,0.637494900040801,0.010642138939671104,0.0,0.0,0.012894179070808287,0.0,0.0,0.358695652173913,0.0,0.0,0.5148918808649531,0.0,0.0,0.0,0.0
3460,44,1.2134090909090913,0.5454545454545383,1.091003470804409,0.6376071866067796,0.011949418084154105,0.0,0.0,0.012904922902302695,0.0,0.0,0.6931818181818182,0.0,0.0,0.5155930992241732,0.0,0.0,0.0,0.0
3461,48,0.9627083333333336,0.5416666666666584,1.0904226214781534,0.6374030216414875,0.008854186625790062,0.0,0.0,0.012881797844949767,0.0,0.0,0.3854166666666667,0.0,0.0,0.5148274806043283,0.0,0.0,0.0,0.0
3462,49,0.8687755102040821,0.48979591836734643,1.0899713701431482,0.6364008179959109,0.008652439024389771,0.0,0.0,0.012862136409651278,0.0,0.0,0.3979591836734694,0.0,0.0,0.5147494887525562,0.0,0.0,0.0,0.0
3463,43,0.768837209302326,0.5116279069767352,1.0881088825214886,0.6350798198935745,0.0073190170467124045,0.0,0.0,0.012837151801463012,0.0,0.0,0.37209302325581395,0.0,0.0,0.514531313958248,0.0,0.0,0.0,0.0
3464,41,1.2939024390243907,0.7804878048780235,1.0881657289002544,0.635089514066497,0.013047220855878117,0.0,0.0,0.012806142043792296,0.0,0.0,0.6097560975609756,0.0,0.0,0.5145780051150896,0.0,0.0,0.0,0.0
3465,43,1.0923255813953494,0.5348837209302185,1.0882680306905357,0.6345780051150902,0.015987066031313505,0.0,0.0,0.012818565665231927,0.0,0.0,0.563953488372093,0.0,0.0,0.5148849104859335,0.0,0.0,0.0,0.0
3466,61,1.0354098360655744,0.6065573770491721,1.0887205146533223,0.6349433268661294,0.010643747893495903,0.0,0.0,0.0128281564331848,0.0,0.0,0.4385245901639344,0.0,0.0,0.5145512100479934,0.0,0.0,0.0,0.0
3467,51,1.2886274509803928,0.666666666666667,1.090560040878895,0.6358712314767505,0.013314424635332535,0.0,0.0,0.012841203503700948,0.0,0.0,0.6078431372549019,0.0,0.0,0.5154828819621871,0.0,0.0,0.0,0.0
3468,51,1.2303921568627458,0.9019607843137206,1.0903093730855613,0.6365121502961001,0.018088786393772874,0.0,0.0,0.012867479954981562,0.0,0.0,0.5,0.0,0.0,0.515366550949561,0.0,0.0,0.0,0.0
3469,51,1.0343137254901964,0.6666666666666279,1.0909577292219714,0.636920563610374,0.015250072275223655,0.0,0.0,0.012886544846691843,0.0,0.0,0.46078431372549017,0.0,0.0,0.5155197059424137,0.0,0.0,0.0,0.0
3470,46,1.1497826086956526,0.6086956521739307,1.0926101625600642,0.6371536652694003,0.013911099421356342,0.0,0.0,0.012893737980160176,0.0,0.0,0.532608695652174,0.0,0.0,0.5164093650955935,0.0,0.0,0.0,0.0
3471,42,1.2869047619047624,0.7142857142857186,1.093050500920056,0.637292987119199,0.015242526790748667,0.0,0.0,0.012893548414326345,0.0,0.0,0.5476190476190477,0.0,0.0,0.5161776732774483,0.0,0.0,0.0,0.0
3472,57,0.8608771929824566,0.28070175438596673,1.0929810049019595,0.6370506535947718,0.013047061951609032,0.0,0.0,0.012896049297327513,0.0,0.0,0.5877192982456141,0.0,0.0,0.5167994281045751,0.0,0.0,0.0,0.0
3473,63,1.3161904761904766,0.8888888888889748,1.0955461412821543,0.6384238464679474,0.016700906344411605,0.0,0.0,0.012933715127258622,0.0,0.0,0.5714285714285714,0.0,0.0,0.5180175581870151,0.0,0.0,0.0,0.0
3474,36,1.2930555555555563,0.7222222222222322,1.0967587759697048,0.639852625115138,0.016507092198581822,0.0,0.0,0.012947176768506622,0.0,0.0,0.6388888888888888,0.0,0.0,0.5185753761129874,0.0,0.0,0.0,0.0
3475,55,0.9981818181818185,0.6181818181818036,1.0966932433813743,0.6398855156904848,0.011444652908068011,0.0,0.0,0.012948364399978289,0.0,0.0,0.4636363636363636,0.0,0.0,0.5187059184299295,0.0,0.0,0.0,0.0
3476,52,1.209615384615385,0.6153846153846165,1.0980094011853652,0.6403024729204998,0.013623565085553454,0.0,0.0,0.01296401485445961,0.0,0.0,0.6153846153846154,0.0,0.0,0.5191089311260985,0.0,0.0,0.0,0.0
3477,38,1.2515789473684216,0.44736842105263147,1.0981650624615997,0.6392586524677465,0.018001514004541738,0.0,0.0,0.012977055639046811,0.0,0.0,0.6052631578947368,0.0,0.0,0.5192760597993037,0.0,0.0,0.0,0.0
3478,55,1.1529090909090913,0.5818181818181607,1.098358071450505,0.6388576108097053,0.01878258293838847,0.0,0.0,0.012991781047492683,0.0,0.0,0.6727272727272727,0.0,0.0,0.5201402395332173,0.0,0.0,0.0,0.0
3479,48,1.0206250000000006,0.6041666666666687,1.09753507424475,0.6377880184331809,0.012223053892215563,0.0,0.0,0.012968926406685457,0.0,0.0,0.4947916666666667,0.0,0.0,0.5202764976958525,0.0,0.0,0.0,0.0
3480,50,0.9634000000000006,0.5800000000000052,1.0965241902419007,0.6374538745387468,0.012990830636461793,0.0,0.0,0.012962466163081244,0.0,0.0,0.425,0.0,0.0,0.5197058220582206,0.0,0.0,0.0,0.0
3481,55,1.1027272727272732,0.6181818181818262,1.096580592273797,0.63848754995389,0.013332600571554293,0.0,0.0,0.012969303502544426,0.0,0.0,0.5318181818181819,0.0,0.0,0.5190849472281996,0.0,0.0,0.0,0.0
3482,54,1.1218518518518523,0.6666666666666758,1.0985332103321017,0.6394013940139416,0.013974625144175062,0.0,0.0,0.01298860785573184,0.0,0.0,0.5648148148148148,0.0,0.0,0.5203977039770398,0.0,0.0,0.0,0.0
3483,48,1.2254166666666673,0.6666666666666557,1.100967609676095,0.6408364083640851,0.01450912678835741,0.0,0.0,0.013007318027196487,0.0,0.0,0.640625,0.0,0.0,0.5215508405084051,0.0,0.0,0.0,0.0
3484,54,1.384444444444445,0.8888888888888737,1.1025424943682147,0.6424329305754672,0.019188911704310613,0.0,0.0,0.013043114329530517,0.0,0.0,0.5555555555555556,0.0,0.0,0.521784763465083,0.0,0.0,0.0,0.0
3485,54,0.8592592592592596,0.4814814814814571,1.1016075263319345,0.6411698537682803,0.008570373106760775,0.0,0.0,0.013029309421032215,0.0,0.0,0.3888888888888889,0.0,0.0,0.5217558032518662,0.0,0.0,0.0,0.0
3486,47,1.1236170212765964,0.51063829787233,1.1001186336674154,0.6389854776027832,0.014884441939120894,0.0,0.0,0.013039403218103245,0.0,0.0,0.5904255319148937,0.0,0.0,0.5216046226222131,0.0,0.0,0.0,0.0
3487,47,1.0619148936170217,0.5531914893617033,1.09975554873683,0.6388462718625361,0.013999999999999797,0.0,0.0,0.013030054787183139,0.0,0.0,0.48936170212765956,0.0,0.0,0.5208397258872864,0.0,0.0,0.0,0.0
3488,47,1.0402127659574472,0.7446808510638705,1.0995392648715048,0.6396027439336557,0.011026161479477147,0.0,0.0,0.01301022602408648,0.0,0.0,0.4148936170212766,0.0,0.0,0.5203747312378417,0.0,0.0,0.0,0.0
3489,53,1.196415094339623,0.679245283018898,1.100126179729174,0.6402338941321315,0.014722544694683561,0.0,0.0,0.013033992323529933,0.0,0.0,0.4811320754716981,0.0,0.0,0.519798933114485,0.0,0.0,0.0,0.0
3490,61,1.0724590163934433,0.6229508196721122,1.099617945303696,0.6402745057871573,0.013463675653426628,0.0,0.0,0.013043911969507925,0.0,0.0,0.5163934426229508,0.0,0.0,0.5190515210488579,0.0,0.0,0.0,0.0
3491,47,1.1080851063829793,0.5957446808510571,1.10044519496469,0.6409784054856223,0.02113636363636386,0.0,0.0,0.013071632025617015,0.0,0.0,0.5319148936170213,0.0,0.0,0.5189847507931634,0.0,0.0,0.0,0.0
3492,52,1.1296153846153851,0.6538461538461426,1.1005455659991814,0.6412954638332667,0.013584643848288417,0.0,0.0,0.013074413467490404,0.0,0.0,0.5480769230769231,0.0,0.0,0.5187985288107887,0.0,0.0,0.0,0.0
3493,49,1.1475510204081636,0.7346938775510262,1.1004063297600803,0.6418580908626864,0.013101118359739181,0.0,0.0,0.013077505459839869,0.0,0.0,0.5510204081632653,0.0,0.0,0.518631955079122,0.0,0.0,0.0,0.0
3494,60,0.7443333333333337,0.3999999999999852,1.0984647556870333,0.6405182087116202,0.008108206245461614,0.0,0.0,0.013058043157964973,0.0,0.0,0.42083333333333334,0.0,0.0,0.5181322044272162,0.0,0.0,0.0,0.0
3495,44,0.7779545454545459,0.6818181818182005,1.0976275510204068,0.6407142857142872,0.010673526660430591,0.0,0.0,0.013049747175744433,0.0,0.0,0.2727272727272727,0.0,0.0,0.5173724489795918,0.0,0.0,0.0,0.0
3496,52,1.0721153846153852,0.5769230769230604,1.0978873239436606,0.6408450704225365,0.015874145785876755,0.0,0.0,0.01307084949403637,0.0,0.0,0.5673076923076923,0.0,0.0,0.5177332108593591,0.0,0.0,0.0,0.0
3497,51,1.1807843137254905,0.6274509803921401,1.0980540540540527,0.6397756246812863,0.013085614950021874,0.0,0.0,0.013070786608247443,0.0,0.0,0.5784313725490197,0.0,0.0,0.518281489036206,0.0,0.0,0.0,0.0
3498,49,1.161224489795919,0.6530612244898203,1.0982104619149573,0.6400530233506693,0.014094624721327751,0.0,0.0,0.013054284218232627,0.0,0.0,0.5204081632653061,0.0,0.0,0.5180483328234934,0.0,0.0,0.0,0.0
3499,40,0.6847500000000004,0.5999999999999873,1.0971492704826022,0.6400367309458233,0.008207971231644975,0.0,0.0,0.013054847023944697,0.0,0.0,0.175,0.0,0.0,0.5172431384552597,0.0,0.0,0.0,0.0
3500,38,0.9094736842105268,0.6315789473683942,1.0968838729445394,0.6409968338269852,0.012122062434233227,0.0,0.0,0.013070171488656909,0.0,0.0,0.4868421052631579,0.0,0.0,0.5169798794811562,0.0,0.0,0.0,0.0
3501,59,1.1537288135593227,0.6440677966101634,1.0986142857142842,0.6400000000000012,0.013465875370919853,0.0,0.0,0.01308244437504788,0.0,0.0,0.5169491525423728,0.0,0.0,0.5183928571428571,0.0,0.0,0.0,0.0
3502,52,0.9563461538461542,0.38461538461540556,1.09749515553289,0.6388577256501801,0.010518189509306507,0.0,0.0,0.013086105375292808,0.0,0.0,0.5673076923076923,0.0,0.0,0.518281489036206,0.0,0.0,0.0,0.0
3503,70,1.1908571428571435,0.6857142857142742,1.0983211158623485,0.6390755446955827,0.01327599936295558,0.0,0.0,0.013074348113270469,0.0,0.0,0.5107142857142857,0.0,0.0,0.5185298309916514,0.0,0.0,0.0,0.0
3504,54,0.8070370370370374,0.6296296296296467,1.094924750864347,0.6374822045963001,0.01274641708101796,0.0,0.0,0.01306350562092205,0.0,0.0,0.3425925925925926,0.0,0.0,0.5170581655480985,0.0,0.0,0.0,0.0
3505,41,1.2004878048780492,0.5853658536585464,1.0967301813735466,0.6381699612798061,0.012718346253230109,0.0,0.0,0.013087061776010177,0.0,0.0,0.7317073170731707,0.0,0.0,0.5181628286121867,0.0,0.0,0.0,0.0
3506,44,1.0256818181818184,0.6818181818181785,1.0966054296795253,0.6385997142273955,0.012253597610643334,0.0,0.0,0.013091666301132223,0.0,0.0,0.48295454545454547,0.0,0.0,0.5176566646254338,0.0,0.0,0.0,0.0
3507,52,1.0461538461538464,0.8846153846153929,1.0968454387577882,0.6397997752579446,0.010660395845580942,0.0,0.0,0.013083013681270786,0.0,0.0,0.2980769230769231,0.0,0.0,0.5167534988252119,0.0,0.0,0.0,0.0
3508,50,0.9662000000000003,0.48000000000000737,1.0967481587561365,0.639218494271688,0.009437390115255677,0.0,0.0,0.013048072570085077,0.0,0.0,0.485,0.0,0.0,0.5165711947626841,0.0,0.0,0.0,0.0
3509,44,0.8172727272727275,0.6818181818181849,1.0948561482543246,0.6389884304289979,0.009117647058823567,0.0,0.0,0.013042411321394505,0.0,0.0,0.2556818181818182,0.0,0.0,0.5148971024879697,0.0,0.0,0.0,0.0
3510,50,1.2094000000000003,0.7199999999999693,1.0967545742614728,0.6399877338239824,0.012014702960461619,0.0,0.0,0.013037785646412132,0.0,0.0,0.505,0.0,0.0,0.5153071654911582,0.0,0.0,0.0,0.0
3511,53,1.0803773584905667,0.6603773584905683,1.0967055333947007,0.6396645187685401,0.013127005960567088,0.0,0.0,0.013055287015684655,0.0,0.0,0.44339622641509435,0.0,0.0,0.5150864273294466,0.0,0.0,0.0,0.0
3512,40,1.2180000000000004,0.8499999999999609,1.0971732678333834,0.6417971548459743,0.012940239043825144,0.0,0.0,0.01305489018917787,0.0,0.0,0.45,0.0,0.0,0.5140722546310511,0.0,0.0,0.0,0.0
3513,48,1.0931250000000003,0.7083333333333388,1.097139201637665,0.6414534288638707,0.012314010795588009,0.0,0.0,0.01304004817459645,0.0,0.0,0.4947916666666667,0.0,0.0,0.5145087001023542,0.0,0.0,0.0,0.0
3514,49,1.025102040816327,0.40816326530609737,1.097210633946829,0.6410020449897765,0.011076074972436446,0.0,0.0,0.013020490425788823,0.0,0.0,0.6224489795918368,0.0,0.0,0.5151073619631902,0.0,0.0,0.0,0.0
3515,52,1.1713461538461545,0.576923076923092,1.0954919206381664,0.6407240744528551,0.017363169897377618,0.0,0.0,0.01302663037794272,0.0,0.0,0.6153846153846154,0.0,0.0,0.5141900184086725,0.0,0.0,0.0,0.0
3516,47,1.1895744680851068,0.6382978723404293,1.0951990177018305,0.6392100685562278,0.01917352537722909,0.0,0.0,0.013037495934682097,0.0,0.0,0.574468085106383,0.0,0.0,0.5144019236672465,0.0,0.0,0.0,0.0
3517,52,1.007692307692308,0.6538461538462184,1.095697031729784,0.6389969293756418,0.010302791977979201,0.0,0.0,0.013030040410925594,0.0,0.0,0.5096153846153846,0.0,0.0,0.5150460593654043,0.0,0.0,0.0,0.0
3518,45,1.375555555555556,0.7111111111111459,1.0978674587729174,0.6386356652668255,0.014886964886964761,0.0,0.0,0.013066536632939198,0.0,0.0,0.6333333333333333,0.0,0.0,0.5163884052033186,0.0,0.0,0.0,0.0
3519,58,1.3350000000000006,0.655172413793156,1.101063720977804,0.6392553953155384,0.016470963624760936,0.0,0.0,0.013106273664730904,0.0,0.0,0.6120689655172413,0.0,0.0,0.5180270021478981,0.0,0.0,0.0,0.0
3520,47,1.1891489361702134,0.9148936170212716,1.1008357201309318,0.640855155482817,0.01238971403236516,0.0,0.0,0.013102219462605187,0.0,0.0,0.48936170212765956,0.0,0.0,0.5171593698854338,0.0,0.0,0.0,0.0
3521,54,1.1590740740740746,0.6666666666666937,1.099804843159292,0.639726167364874,0.014895287958115656,0.0,0.0,0.01309164084126747,0.0,0.0,0.5462962962962963,0.0,0.0,0.5171400837846123,0.0,0.0,0.0,0.0
3522,48,0.9702083333333339,0.7708333333333517,1.0991797752808978,0.6402451481103189,0.01121898337749966,0.0,0.0,0.013074090363465856,0.0,0.0,0.34375,0.0,0.0,0.5162155260469867,0.0,0.0,0.0,0.0
3523,38,1.2465789473684215,0.8421052631579419,1.0992719091931682,0.6413743736578408,0.0121899125064341,0.0,0.0,0.013082716100467616,0.0,0.0,0.5,0.0,0.0,0.5155179466203088,0.0,0.0,0.0,0.0
3524,33,1.0666666666666669,0.48484848484850185,1.1001290454731658,0.6415403523146278,0.01341463414634138,0.0,0.0,0.013095928088375352,0.0,0.0,0.6666666666666666,0.0,0.0,0.5164379352724293,0.0,0.0,0.0,0.0
3525,58,1.3696551724137938,0.9655172413793585,1.1020313139582474,0.6438804748260365,0.01561627678395983,0.0,0.0,0.013139044583966794,0.0,0.0,0.49137931034482757,0.0,0.0,0.5162709783053623,0.0,0.0,0.0,0.0
3526,55,1.139454545454546,0.509090909090902,1.1014393707222387,0.6417407293901347,0.01704378569485948,0.0,0.0,0.01315271410691504,0.0,0.0,0.5863636363636363,0.0,0.0,0.5168811931760139,0.0,0.0,0.0,0.0
3527,59,1.1966101694915263,0.4406779661016733,1.1020265441551804,0.6399183256763684,0.017923330794618053,0.0,0.0,0.013180509986409685,0.0,0.0,0.6864406779661016,0.0,0.0,0.5183511995916283,0.0,0.0,0.0,0.0
3528,43,0.9746511627906983,0.744186046511659,1.1018262646908528,0.6407766990291293,0.01353245075879936,0.0,0.0,0.013196856658486024,0.0,0.0,0.3953488372093023,0.0,0.0,0.5173479816044967,0.0,0.0,0.0,0.0
3529,57,0.9515789473684214,0.6491228070175611,1.1017078651685388,0.6425944841675211,0.011629502572898864,0.0,0.0,0.01319895002845207,0.0,0.0,0.42105263157894735,0.0,0.0,0.5164708886618999,0.0,0.0,0.0,0.0
3530,58,1.0734482758620696,0.5862068965517677,1.1022842277086304,0.6426239542950453,0.014482437776227541,0.0,0.0,0.01321570239139294,0.0,0.0,0.5,0.0,0.0,0.5166547643338094,0.0,0.0,0.0,0.0
3531,50,1.2016000000000004,0.7200000000000264,1.1019873559702247,0.6427041908840659,0.014937841869716459,0.0,0.0,0.01322088782811562,0.0,0.0,0.48,0.0,0.0,0.5160089731824207,0.0,0.0,0.0,0.0
3532,60,1.065333333333334,0.7000000000000327,1.102725326264273,0.6446778140293674,0.0118611987381709,0.0,0.0,0.01320110095326446,0.0,0.0,0.48333333333333334,0.0,0.0,0.5155485318107668,0.0,0.0,0.0,0.0
3533,44,1.0429545454545457,0.7045454545454786,1.1022016104372636,0.644786464172871,0.01371898355754868,0.0,0.0,0.013191814845900153,0.0,0.0,0.4431818181818182,0.0,0.0,0.5149322189379268,0.0,0.0,0.0,0.0
3534,50,1.0678000000000003,0.6400000000000099,1.1004849225753865,0.643643031784845,0.012532863849765395,0.0,0.0,0.013178093522064269,0.0,0.0,0.52,0.0,0.0,0.5145680521597392,0.0,0.0,0.0,0.0
3535,42,0.801428571428572,0.4285714285714384,1.098271995106534,0.6412478336221881,0.011414038657171693,0.0,0.0,0.0131653912240095,0.0,0.0,0.3630952380952381,0.0,0.0,0.5140941992048119,0.0,0.0,0.0,0.0
3536,42,1.3550000000000009,0.9999999999999903,1.1001641684511057,0.6430100948302275,0.018358064516129303,0.0,0.0,0.013199595790050667,0.0,0.0,0.5119047619047619,0.0,0.0,0.5146578974202101,0.0,0.0,0.0,0.0
3537,52,1.1855769230769235,0.5961538461538682,1.1012497453656542,0.6434100631493219,0.010734807591851303,0.0,0.0,0.013184599044208175,0.0,0.0,0.5432692307692307,0.0,0.0,0.5146669382766348,0.0,0.0,0.0,0.0
3538,59,1.2823728813559325,0.8474576271186366,1.1034692010571245,0.6453547468997807,0.014739918176505001,0.0,0.0,0.013203354374186696,0.0,0.0,0.5466101694915254,0.0,0.0,0.5151453547468998,0.0,0.0,0.0,0.0
3539,57,1.2980701754385968,0.6842105263157467,1.105236692401462,0.6458756603006944,0.013714550509730847,0.0,0.0,0.013228932099275859,0.0,0.0,0.6008771929824561,0.0,0.0,0.5157964242177976,0.0,0.0,0.0,0.0
3540,52,1.2126923076923082,0.8461538461538508,1.1065397888753545,0.6473812423873361,0.011003315302739448,0.0,0.0,0.013233168772934616,0.0,0.0,0.47115384615384615,0.0,0.0,0.5154283394234673,0.0,0.0,0.0,0.0
3541,43,1.0862790697674423,0.7441860465115826,1.1057296638570115,0.6458819945160996,0.011113490364025246,0.0,0.0,0.013212102385384379,0.0,0.0,0.4186046511627907,0.0,0.0,0.5153346196811212,0.0,0.0,0.0,0.0
3542,50,0.9410000000000005,0.5399999999999833,1.1046161657189268,0.6435824532900111,0.010368003525781978,0.0,0.0,0.013188455346058387,0.0,0.0,0.5,0.0,0.0,0.5158407798537774,0.0,0.0,0.0,0.0
3543,46,1.1245652173913048,0.6521739130434601,1.1068817313554147,0.6445844340581213,0.010520642668293516,0.0,0.0,0.013202155210546318,0.0,0.0,0.5434782608695652,0.0,0.0,0.5167140825035562,0.0,0.0,0.0,0.0
3544,44,0.8254545454545461,0.6136363636363641,1.1064381611065899,0.6452400325467892,0.01122373300370835,0.0,0.0,0.013195001219007824,0.0,0.0,0.3352272727272727,0.0,0.0,0.5157394222945484,0.0,0.0,0.0,0.0
3545,48,1.0812500000000005,0.6249999999999906,1.105758252920263,0.6458100558659249,0.012705018359853208,0.0,0.0,0.013187469336579903,0.0,0.0,0.5416666666666666,0.0,0.0,0.515058405281869,0.0,0.0,0.0,0.0
3546,51,0.9750980392156867,0.47058823529413574,1.1056241747079725,0.6450990350431723,0.009613377150589226,0.0,0.0,0.013175751002567427,0.0,0.0,0.49019607843137253,0.0,0.0,0.5150076180802438,0.0,0.0,0.0,0.0
3547,53,0.7920754716981137,0.415094339622648,1.1038173135541547,0.6434667750457255,0.00781604915285783,0.0,0.0,0.013130152491385601,0.0,0.0,0.42924528301886794,0.0,0.0,0.5143263564316196,0.0,0.0,0.0,0.0
3548,48,0.9316666666666671,0.4999999999999987,1.1029164973587964,0.6420154408776952,0.011925333333333038,0.0,0.0,0.013142418945615153,0.0,0.0,0.46875,0.0,0.0,0.514780577001219,0.0,0.0,0.0,0.0
3549,42,1.0450000000000006,0.6190476190476163,1.1022424304003244,0.6419426945742768,0.013401526717557252,0.0,0.0,0.013140084739809084,0.0,0.0,0.5,0.0,0.0,0.5143263564316196,0.0,0.0,0.0,0.0
3550,39,1.236410256410257,0.7179487179487197,1.1024664634146333,0.6426829268292715,0.016073333333333554,0.0,0.0,0.013142440740552316,0.0,0.0,0.5769230769230769,0.0,0.0,0.5138211382113821,0.0,0.0,0.0,0.0
3551,56,0.9400000000000003,0.39285714285713386,1.102319796954314,0.6416243654822367,0.011708185053381094,0.0,0.0,0.013157888358779811,0.0,0.0,0.6026785714285714,0.0,0.0,0.5148477157360406,0.0,0.0,0.0,0.0
3552,47,1.2214893617021283,0.6808510638297712,1.1017293843188953,0.6409372147276632,0.01708122582564677,0.0,0.0,0.013152863079784582,0.0,0.0,0.6063829787234043,0.0,0.0,0.5148595192210164,0.0,0.0,0.0,0.0
3553,51,0.9772549019607849,0.6666666666666763,1.1017337524079884,0.6422995031937577,0.013890746934225234,0.0,0.0,0.013168361225899518,0.0,0.0,0.3284313725490196,0.0,0.0,0.5138142552975768,0.0,0.0,0.0,0.0
3554,55,1.358545454545455,0.8181818181818136,1.1029323612798694,0.6440866747671155,0.011577316392933691,0.0,0.0,0.013150262883081939,0.0,0.0,0.6181818181818182,0.0,0.0,0.5137960712839206,0.0,0.0,0.0,0.0
3555,49,0.8569387755102046,0.8163265306122834,1.102809239185492,0.6460338364907338,0.00967734501037147,0.0,0.0,0.013158754891093489,0.0,0.0,0.20918367346938777,0.0,0.0,0.5123594367338669,0.0,0.0,0.0,0.0
3556,59,1.1852542372881363,0.8135593220338799,1.103625784254199,0.6473385954260303,0.016567164179104456,0.0,0.0,0.013176642152332026,0.0,0.0,0.4322033898305085,0.0,0.0,0.5117385144707549,0.0,0.0,0.0,0.0
3557,48,0.9735416666666671,0.6250000000000028,1.1018686766491292,0.6463982193443982,0.009733388877317317,0.0,0.0,0.013150000664088413,0.0,0.0,0.5,0.0,0.0,0.5114326183731283,0.0,0.0,0.0,0.0
3558,49,1.191836734693878,0.5918367346938714,1.1018367553352881,0.6463032264589897,0.014955185659411126,0.0,0.0,0.013124847894864948,0.0,0.0,0.5918367346938775,0.0,0.0,0.5112774350156771,0.0,0.0,0.0,0.0
3559,48,1.171666666666667,0.8333333333333219,1.101395489938315,0.6459702699969695,0.013276676109537559,0.0,0.0,0.013109720502015525,0.0,0.0,0.5,0.0,0.0,0.5113257154413995,0.0,0.0,0.0,0.0
3560,44,1.126363636363637,0.8409090909091232,1.1011378577930608,0.6455952260544182,0.01352620087336306,0.0,0.0,0.013106842870059057,0.0,0.0,0.48863636363636365,0.0,0.0,0.5116567209466977,0.0,0.0,0.0,0.0
3561,44,1.0809090909090915,0.22727272727272305,1.100214835832995,0.6424807458451598,0.012245108135941794,0.0,0.0,0.013088274473638235,0.0,0.0,0.7159090909090909,0.0,0.0,0.512591203891366,0.0,0.0,0.0,0.0
3562,52,1.0390384615384625,0.5769230769230816,1.101543834784369,0.6426402105689449,0.025740828966174363,0.0,0.0,0.013133101031838687,0.0,0.0,0.4855769230769231,0.0,0.0,0.5138185867584532,0.0,0.0,0.0,0.0
3563,62,1.1091935483870976,0.6774193548387114,1.1025806451612898,0.6435433309738131,0.016615124426190175,0.0,0.0,0.01317434828575746,0.0,0.0,0.5,0.0,0.0,0.514460511679644,0.0,0.0,0.0,0.0
3564,45,1.0533333333333337,0.57777777777773,1.1002579144330935,0.6419540811166214,0.011350574712643143,0.0,0.0,0.013155221516117158,0.0,0.0,0.5222222222222223,0.0,0.0,0.5136542935167392,0.0,0.0,0.0,0.0
3565,49,0.8446938775510209,0.4489795918367396,1.0972535923902038,0.6400526209269414,0.008968580715059231,0.0,0.0,0.013118646692590075,0.0,0.0,0.45918367346938777,0.0,0.0,0.5124974701477434,0.0,0.0,0.0,0.0
3566,46,1.0415217391304352,0.7826086956521658,1.0955173460099115,0.6401335086477227,0.013420168067226197,0.0,0.0,0.01308603910813637,0.0,0.0,0.31521739130434784,0.0,0.0,0.5110245777283301,0.0,0.0,0.0,0.0
3567,46,1.0447826086956524,0.5217391304347614,1.0945325779036823,0.6393160663698944,0.013376008906206835,0.0,0.0,0.013056049355003404,0.0,0.0,0.5217391304347826,0.0,0.0,0.5104208822339134,0.0,0.0,0.0,0.0
3568,54,1.276296296296297,0.8703703703703438,1.0949984834698203,0.63957132746942,0.019884593190998164,0.0,0.0,0.013080265648003126,0.0,0.0,0.5370370370370371,0.0,0.0,0.5106409867556364,0.0,0.0,0.0,0.0
3569,46,1.2730434782608702,0.6956521739130406,1.0959366460884519,0.6406234186823232,0.014717265644634268,0.0,0.0,0.013105777388345032,0.0,0.0,0.6413043478260869,0.0,0.0,0.5109553688897884,0.0,0.0,0.0,0.0
3570,51,0.8313725490196082,0.6666666666666579,1.09434611105492,0.6412460807120497,0.009618874773139954,0.0,0.0,0.013090996204508874,0.0,0.0,0.3431372549019608,0.0,0.0,0.5099372913927379,0.0,0.0,0.0,0.0
3571,48,1.4179166666666674,0.8333333333333495,1.096244439951475,0.6417306914678564,0.015450624290578365,0.0,0.0,0.013101061587028527,0.0,0.0,0.6770833333333334,0.0,0.0,0.5110695511524465,0.0,0.0,0.0,0.0
3572,41,0.8551219512195126,0.5365853658536823,1.0944237579682274,0.6403925933421062,0.009823479966377,0.0,0.0,0.013048674706934773,0.0,0.0,0.3902439024390244,0.0,0.0,0.5104725285844379,0.0,0.0,0.0,0.0
3573,57,1.0275438596491233,0.5438596491228375,1.0945731337244577,0.6388832692696773,0.011493328100470619,0.0,0.0,0.01306999563969113,0.0,0.0,0.5,0.0,0.0,0.5113038640501719,0.0,0.0,0.0,0.0
3574,44,1.2056818181818185,0.5454545454545109,1.0957731645569608,0.6391898734177246,0.012740153698368019,0.0,0.0,0.013075625459185652,0.0,0.0,0.75,0.0,0.0,0.5124810126582279,0.0,0.0,0.0,0.0
3575,49,1.2477551020408169,0.6122448979591899,1.0963199999999989,0.638987341772155,0.014581445265919401,0.0,0.0,0.013090486986487715,0.0,0.0,0.6479591836734694,0.0,0.0,0.5128101265822785,0.0,0.0,0.0,0.0
3576,58,1.340517241379311,0.5517241379310184,1.0975260548416461,0.6384701001720157,0.01885762794081994,0.0,0.0,0.013127139074322395,0.0,0.0,0.7413793103448276,0.0,0.0,0.5139633714459172,0.0,0.0,0.0,0.0
3577,56,1.1053571428571431,0.6785714285714411,1.0966039834192687,0.6385603073501195,0.012252573238322139,0.0,0.0,0.013108325316755534,0.0,0.0,0.5535714285714286,0.0,0.0,0.51339601658073,0.0,0.0,0.0,0.0
3578,51,1.1321568627450984,0.6274509803921483,1.0960315693615286,0.6382677324699014,0.013595479161761282,0.0,0.0,0.013103935506660804,0.0,0.0,0.5588235294117647,0.0,0.0,0.5134827481533947,0.0,0.0,0.0,0.0
3579,49,0.9659183673469394,0.8163265306122582,1.0965300961052087,0.6397572078907474,0.013147222222222395,0.0,0.0,0.01312380511890392,0.0,0.0,0.33163265306122447,0.0,0.0,0.5132018209408195,0.0,0.0,0.0,0.0
3580,47,1.1114893617021282,0.5957446808510855,1.0964635010630746,0.6392629340893023,0.012352802080870305,0.0,0.0,0.01310158480522624,0.0,0.0,0.5,0.0,0.0,0.5129340892983699,0.0,0.0,0.0,0.0
3581,49,1.014897959183674,0.7346938775510212,1.0960425316455682,0.6406075949367128,0.011991801302146238,0.0,0.0,0.013093284976876248,0.0,0.0,0.37755102040816324,0.0,0.0,0.5119240506329114,0.0,0.0,0.0,0.0
3582,49,1.2561224489795924,0.7959183673469313,1.0962681122707454,0.6408957341169356,0.0136444247395256,0.0,0.0,0.013093883468942925,0.0,0.0,0.5816326530612245,0.0,0.0,0.5117286452528118,0.0,0.0,0.0,0.0
3583,46,0.7843478260869567,0.695652173913039,1.0941236171724336,0.6410230386684297,0.014630981346309135,0.0,0.0,0.013085614127083544,0.0,0.0,0.21739130434782608,0.0,0.0,0.5097178524307318,0.0,0.0,0.0,0.0
3584,47,1.132765957446809,0.7234042553191411,1.0944940627220123,0.6408200548056467,0.01594967046135468,0.0,0.0,0.013084993823969793,0.0,0.0,0.4574468085106383,0.0,0.0,0.5100223282249061,0.0,0.0,0.0,0.0
3585,50,1.0880000000000003,0.9200000000000249,1.0928916396103883,0.641639610389614,0.012549019607843406,0.0,0.0,0.013046449378050707,0.0,0.0,0.42,0.0,0.0,0.5087002840909091,0.0,0.0,0.0,0.0
3586,63,1.2020634920634923,0.730158730158772,1.0934322463034218,0.6408750253190237,0.011259292298543113,0.0,0.0,0.013023189891740302,0.0,0.0,0.5238095238095238,0.0,0.0,0.5094946323678348,0.0,0.0,0.0,0.0
3587,47,1.061702127659575,0.5957446808510486,1.0936612021857908,0.6404573972880024,0.012732840010207244,0.0,0.0,0.013018458825400045,0.0,0.0,0.5531914893617021,0.0,0.0,0.5101447075490791,0.0,0.0,0.0,0.0
3588,47,1.0676595744680857,0.8085106382978947,1.0932863944889055,0.6411711072839673,0.017303448275862474,0.0,0.0,0.013023843228689599,0.0,0.0,0.3351063829787234,0.0,0.0,0.5094721912673488,0.0,0.0,0.0,0.0
3589,62,0.9340322580645165,0.5161290322580776,1.0921213041717281,0.6418590522478779,0.010812173263629253,0.0,0.0,0.012972249717662261,0.0,0.0,0.49193548387096775,0.0,0.0,0.508505467800729,0.0,0.0,0.0,0.0
3590,51,1.040588235294118,0.7450980392156975,1.0930056749087946,0.6442034860154077,0.011289087428206937,0.0,0.0,0.012970786873574948,0.0,0.0,0.45098039215686275,0.0,0.0,0.5079043372517228,0.0,0.0,0.0,0.0
3591,47,1.2780851063829792,0.7234042553191542,1.0931242399675707,0.6431901094446736,0.0140252159701148,0.0,0.0,0.012967609077729087,0.0,0.0,0.6382978723404256,0.0,0.0,0.5088163761653831,0.0,0.0,0.0,0.0
3592,66,1.2021212121212128,0.7272727272727668,1.0924921709263549,0.6438024042832652,0.01407985803016846,0.0,0.0,0.012967075658001242,0.0,0.0,0.5492424242424242,0.0,0.0,0.5082078997878574,0.0,0.0,0.0,0.0
3593,40,1.5137500000000004,0.900000000000005,1.0925644655678013,0.6446556780260937,0.016937062937062836,0.0,0.0,0.012949631923752737,0.0,0.0,0.6625,0.0,0.0,0.5077611487511376,0.0,0.0,0.0,0.0
3594,53,1.2030188679245288,0.8301886792452922,1.092274656426838,0.6460185933710632,0.014315222272115267,0.0,0.0,0.012933302702566894,0.0,0.0,0.4528301886792453,0.0,0.0,0.5066188358932903,0.0,0.0,0.0,0.0
3595,40,1.3725000000000005,0.8499999999999966,1.0931975333602901,0.646077638495758,0.018648097826087274,0.0,0.0,0.012960615652344847,0.0,0.0,0.6,0.0,0.0,0.5077082490901739,0.0,0.0,0.0,0.0
3596,39,0.860512820512821,0.5897435897436005,1.091622251494578,0.645252811835043,0.016103646833013442,0.0,0.0,0.012965021752342227,0.0,0.0,0.34615384615384615,0.0,0.0,0.5074222312291012,0.0,0.0,0.0,0.0
3597,54,1.4120370370370376,1.000000000000013,1.094026539708265,0.6467787682333916,0.016637573641718806,0.0,0.0,0.01298639944111576,0.0,0.0,0.6018518518518519,0.0,0.0,0.5084835899513777,0.0,0.0,0.0,0.0
3598,50,1.5028000000000004,0.8400000000000445,1.095260174124316,0.6478031990281475,0.0163596777705201,0.0,0.0,0.012996958280876103,0.0,0.0,0.715,0.0,0.0,0.5090605385705609,0.0,0.0,0.0,0.0
3599,33,1.0593939393939396,0.8484848484848263,1.0951065124771748,0.6487117062284481,0.013242424242424094,0.0,0.0,0.013013817196394177,0.0,0.0,0.3712121212121212,0.0,0.0,0.5084449178332319,0.0,0.0,0.0,0.0
3600,35,1.0582857142857147,0.45714285714285197,1.094409792767167,0.647196261682247,0.010311804008909116,0.0,0.0,0.012997722189111396,0.0,0.0,0.5428571428571428,0.0,0.0,0.5086093051605038,0.0,0.0,0.0,0.0
3601,45,0.858444444444445,0.5333333333333323,1.0927266260162594,0.6461382113821176,0.007729091636654507,0.0,0.0,0.01295119286652928,0.0,0.0,0.37222222222222223,0.0,0.0,0.5075711382113821,0.0,0.0,0.0,0.0
3602,45,1.0273333333333339,0.6222222222222242,1.0932320666531181,0.6460069091648079,0.013573106283030394,0.0,0.0,0.012957023431911626,0.0,0.0,0.4777777777777778,0.0,0.0,0.5079252184515343,0.0,0.0,0.0,0.0
3603,51,1.2919607843137257,0.6862745098039418,1.0963208121827401,0.648020304568532,0.0147240223463691,0.0,0.0,0.01299456933097961,0.0,0.0,0.6568627450980392,0.0,0.0,0.5091878172588833,0.0,0.0,0.0,0.0
3604,55,1.3741818181818186,0.8727272727273276,1.0983042596348875,0.6500000000000044,0.014892610837438819,0.0,0.0,0.01300555084511678,0.0,0.0,0.5909090909090909,0.0,0.0,0.5096348884381339,0.0,0.0,0.0,0.0
3605,56,1.3855357142857148,0.6785714285714409,1.1003276194340188,0.6500659296074695,0.015965020576132218,0.0,0.0,0.013033730139659179,0.0,0.0,0.6607142857142857,0.0,0.0,0.5109544578557663,0.0,0.0,0.0,0.0
3606,49,1.2804081632653068,0.7346938775510065,1.1016311625076072,0.6517549198620454,0.014363553113552764,0.0,0.0,0.013041313560594153,0.0,0.0,0.5612244897959183,0.0,0.0,0.5105751673767498,0.0,0.0,0.0,0.0
3607,63,0.9592063492063497,0.46031746031745996,1.100095141700404,0.6504048582995993,0.01382837528604183,0.0,0.0,0.013046897788533228,0.0,0.0,0.46825396825396826,0.0,0.0,0.5097419028340081,0.0,0.0,0.0,0.0
3608,45,1.118444444444445,0.5777777777777872,1.1000780141843964,0.6502532928064886,0.022428698752228207,0.0,0.0,0.013066867724345604,0.0,0.0,0.55,0.0,0.0,0.5098024316109423,0.0,0.0,0.0,0.0
3609,44,1.319772727272728,0.8636363636363633,1.1009050369919928,0.6512617816965687,0.01626155138616654,0.0,0.0,0.013093611117472858,0.0,0.0,0.6363636363636364,0.0,0.0,0.510261477652782,0.0,0.0,0.0,0.0
3610,48,0.9460416666666673,0.5833333333333206,1.1004400283889275,0.6505120146000247,0.015026472534745237,0.0,0.0,0.013103244289324032,0.0,0.0,0.40625,0.0,0.0,0.5101135557132718,0.0,0.0,0.0,0.0
3611,50,1.1750000000000007,1.0000000000000044,1.1000101378751006,0.6516626115166304,0.02229601518026602,0.0,0.0,0.013132271584647224,0.0,0.0,0.43,0.0,0.0,0.5092001216545012,0.0,0.0,0.0,0.0
3612,52,1.1138461538461544,0.8076923076923218,1.0992216479172994,0.6533900881727012,0.015258166491043583,0.0,0.0,0.013128803908372129,0.0,0.0,0.41346153846153844,0.0,0.0,0.5072717137934529,0.0,0.0,0.0,0.0
3613,51,1.279411764705883,0.7058823529411572,1.099488659376265,0.6536046982584086,0.01797520661157018,0.0,0.0,0.013132049139288473,0.0,0.0,0.5490196078431373,0.0,0.0,0.5068600648035642,0.0,0.0,0.0,0.0
3614,49,1.181836734693878,0.8571428571428555,1.099576665991492,0.6544460198501156,0.01528371602005724,0.0,0.0,0.013142090756904708,0.0,0.0,0.5306122448979592,0.0,0.0,0.5068614543244886,0.0,0.0,0.0,0.0
3615,45,1.1328888888888895,0.4444444444444273,1.0995837140826474,0.6536704233932419,0.016993333333334106,0.0,0.0,0.013174955200675444,0.0,0.0,0.5944444444444444,0.0,0.0,0.5070565539648695,0.0,0.0,0.0,0.0
3616,55,1.1680000000000004,0.5454545454545727,1.1001430165331163,0.652804544071411,0.01469686570578859,0.0,0.0,0.013189713144706953,0.0,0.0,0.6909090909090909,0.0,0.0,0.5084187037224871,0.0,0.0,0.0,0.0
3617,53,0.9779245283018873,0.5283018867924629,1.099552420582563,0.6523901349842731,0.014250756117679134,0.0,0.0,0.013191003629571835,0.0,0.0,0.5518867924528302,0.0,0.0,0.5084999492540343,0.0,0.0,0.0,0.0
3618,55,1.2756363636363643,0.7636363636363845,1.1017647058823525,0.655273833671404,0.01745273631840838,0.0,0.0,0.013215525694084577,0.0,0.0,0.5863636363636363,0.0,0.0,0.5086967545638945,0.0,0.0,0.0,0.0
3619,53,1.067169811320755,0.622641509434006,1.102418962722852,0.6553889789303128,0.013089562601250004,0.0,0.0,0.013229022192454561,0.0,0.0,0.5,0.0,0.0,0.5089394246353323,0.0,0.0,0.0,0.0
3620,40,1.0890000000000006,0.7499999999999833,1.1033877344145966,0.6560567663456711,0.016145292809488565,0.0,0.0,0.013258204982977993,0.0,0.0,0.4,0.0,0.0,0.5090978205778003,0.0,0.0,0.0,0.0
3621,51,1.1188235294117652,0.7450980392157002,1.103149367088607,0.6564050632911439,0.011704615384615657,0.0,0.0,0.013255747734855865,0.0,0.0,0.47058823529411764,0.0,0.0,0.5087848101265823,0.0,0.0,0.0,0.0
3622,54,1.1001851851851856,0.7037037037037088,1.104130742764622,0.6577615867233401,0.012377083333334227,0.0,0.0,0.013239890207765571,0.0,0.0,0.5,0.0,0.0,0.5090062740335964,0.0,0.0,0.0,0.0
3623,38,1.1202631578947375,0.684210526315788,1.1043055414851581,0.6582919663661276,0.018184536522854063,0.0,0.0,0.013249529606814536,0.0,0.0,0.47368421052631576,0.0,0.0,0.5084844493972241,0.0,0.0,0.0,0.0
3624,48,1.2962500000000006,0.66666666666666,1.1058812803889781,0.6589343598055152,0.011708694015807665,0.0,0.0,0.013241083373054458,0.0,0.0,0.6875,0.0,0.0,0.5093952593192869,0.0,0.0,0.0,0.0
3625,57,1.4077192982456146,0.7368421052631529,1.1083333333333327,0.6590724989874487,0.018219800181651712,0.0,0.0,0.013252898265581039,0.0,0.0,0.7280701754385965,0.0,0.0,0.5117709599027946,0.0,0.0,0.0,0.0
3626,48,1.029166666666667,0.45833333333333054,1.106451417004048,0.6577935222672109,0.015403804178359999,0.0,0.0,0.01325110792176184,0.0,0.0,0.5520833333333334,0.0,0.0,0.5107034412955466,0.0,0.0,0.0,0.0
3627,60,1.0235000000000005,0.6999999999999703,1.1051901679142215,0.6577989075460289,0.012223328025478234,0.0,0.0,0.013237911189192498,0.0,0.0,0.4,0.0,0.0,0.5094325308517095,0.0,0.0,0.0,0.0
3628,53,1.4577358490566044,1.0566037735848595,1.1092901203357262,0.6599251693801231,0.022511655011655966,0.0,0.0,0.013313344692997824,0.0,0.0,0.6320754716981132,0.0,0.0,0.5116543634341187,0.0,0.0,0.0,0.0
3629,43,1.1023255813953492,0.9767441860464888,1.10925037936267,0.6607991906929728,0.012769396551723848,0.0,0.0,0.013294446007158343,0.0,0.0,0.313953488372093,0.0,0.0,0.5110520991401113,0.0,0.0,0.0,0.0
3630,45,0.8311111111111116,0.6222222222222258,1.1078897876643068,0.6607684529828146,0.010750215579189799,0.0,0.0,0.01327421717223729,0.0,0.0,0.26666666666666666,0.0,0.0,0.5100101112234581,0.0,0.0,0.0,0.0
3631,56,1.1291071428571435,0.678571428571466,1.1098737501262494,0.6622563377436661,0.014895170789164584,0.0,0.0,0.013292246876784219,0.0,0.0,0.5535714285714286,0.0,0.0,0.511059488940511,0.0,0.0,0.0,0.0
3632,43,1.0537209302325588,0.6511627906976701,1.1098896984416105,0.6629224853268604,0.012901480637813783,0.0,0.0,0.01330357153687075,0.0,0.0,0.48255813953488375,0.0,0.0,0.5106000809552722,0.0,0.0,0.0,0.0
3633,50,1.2588000000000008,0.8399999999999643,1.1089586074283972,0.6625847586276726,0.025795081967212592,0.0,0.0,0.013316408746989222,0.0,0.0,0.5,0.0,0.0,0.5098927234085618,0.0,0.0,0.0,0.0
3634,43,0.7646511627906979,0.6511627906976706,1.107333873581847,0.6613654781199384,0.009696254792096671,0.0,0.0,0.01330922682640275,0.0,0.0,0.19767441860465115,0.0,0.0,0.5092433144246353,0.0,0.0,0.0,0.0
3635,29,0.9072413793103453,0.6896551724138081,1.1057979101146385,0.6609516079943221,0.018169889502762278,0.0,0.0,0.013318454744734287,0.0,0.0,0.35344827586206895,0.0,0.0,0.5082682357715329,0.0,0.0,0.0,0.0
3636,47,1.3704255319148941,0.7659574468085227,1.1071631493506484,0.6625405844155878,0.015580551523947491,0.0,0.0,0.013328968599567876,0.0,0.0,0.6702127659574468,0.0,0.0,0.5087763798701299,0.0,0.0,0.0,0.0
3637,42,1.0335714285714293,0.6666666666666726,1.1075695431472072,0.6632487309644702,0.017461786001608998,0.0,0.0,0.013358524943857681,0.0,0.0,0.4880952380952381,0.0,0.0,0.5086294416243655,0.0,0.0,0.0,0.0
3638,38,1.4884210526315795,0.8947368421052599,1.1095639357592997,0.6644643220166732,0.018233397807865856,0.0,0.0,0.013403515449929734,0.0,0.0,0.5921052631578947,0.0,0.0,0.5093514942061395,0.0,0.0,0.0,0.0
3639,44,1.4109090909090918,1.1363636363636276,1.1120565500406825,0.6679210740439413,0.01970168200571206,0.0,0.0,0.013449544557134891,0.0,0.0,0.4772727272727273,0.0,0.0,0.5090012205044752,0.0,0.0,0.0,0.0
3640,54,1.1250000000000004,0.592592592592616,1.1115664974619281,0.6679187817258915,0.015375854214122625,0.0,0.0,0.013450955725445943,0.0,0.0,0.6111111111111112,0.0,0.0,0.5088832487309645,0.0,0.0,0.0,0.0
3641,56,1.2903571428571436,0.7499999999999737,1.1133569979716016,0.6686612576064939,0.01646013667425931,0.0,0.0,0.013482060067915698,0.0,0.0,0.5982142857142857,0.0,0.0,0.5098123732251522,0.0,0.0,0.0,0.0
3642,50,1.336600000000001,0.7199999999999831,1.1136863977295755,0.6682546117980975,0.017717391304348643,0.0,0.0,0.013500688695925724,0.0,0.0,0.645,0.0,0.0,0.5105919318872897,0.0,0.0,0.0,0.0
3643,57,0.9957894736842111,0.6666666666666675,1.1136539631056144,0.6686600445976109,0.016376226197345568,0.0,0.0,0.013527055193801906,0.0,0.0,0.38596491228070173,0.0,0.0,0.5098824244881411,0.0,0.0,0.0,0.0
3644,59,1.354576271186441,0.8813559322033518,1.1132026342451866,0.6683890577507625,0.016403940886699202,0.0,0.0,0.013525356712447504,0.0,0.0,0.559322033898305,0.0,0.0,0.5098784194528876,0.0,0.0,0.0,0.0
3645,51,1.2533333333333339,0.8235294117647876,1.1135468179975672,0.6692338873125285,0.015806132542038432,0.0,0.0,0.013522052978339598,0.0,0.0,0.5588235294117647,0.0,0.0,0.5099817592217268,0.0,0.0,0.0,0.0
3646,53,1.0296226415094343,0.7169811320755106,1.113102330293819,0.6711246200607938,0.010165797317437863,0.0,0.0,0.013512261657460773,0.0,0.0,0.32075471698113206,0.0,0.0,0.5079533941236068,0.0,0.0,0.0,0.0
3647,49,1.2597959183673475,0.9387755102041281,1.116012363194162,0.6736927442237572,0.013684327200178089,0.0,0.0,0.013560686751720554,0.0,0.0,0.4897959183673469,0.0,0.0,0.5085630320226996,0.0,0.0,0.0,0.0
3648,50,1.1798000000000004,0.6799999999999987,1.1158814589665649,0.6735562310030434,0.013117633978208303,0.0,0.0,0.013574146173726943,0.0,0.0,0.525,0.0,0.0,0.5084346504559271,0.0,0.0,0.0,0.0
3649,49,1.464489795918368,0.7346938775510337,1.1168777226218207,0.6734879951372745,0.02308880308880347,0.0,0.0,0.013608623843698446,0.0,0.0,0.6938775510204082,0.0,0.0,0.5092695775504001,0.0,0.0,0.0,0.0
3650,56,1.2451785714285717,0.5357142857142699,1.1173772151898729,0.6723037974683578,0.012494176670848062,0.0,0.0,0.013605649363620508,0.0,0.0,0.7232142857142857,0.0,0.0,0.510759493670886,0.0,0.0,0.0,0.0
3651,54,1.015370370370371,0.5925925925926186,1.117468110953634,0.6723020854424011,0.012208862168782295,0.0,0.0,0.01359965453685275,0.0,0.0,0.4583333333333333,0.0,0.0,0.5108827697914557,0.0,0.0,0.0,0.0
3652,59,1.0464406779661022,0.6101694915254308,1.1168933117801572,0.6717518690644613,0.011235668789808643,0.0,0.0,0.013572506338127658,0.0,0.0,0.5169491525423728,0.0,0.0,0.5111638714891897,0.0,0.0,0.0,0.0
3653,54,1.0600000000000007,0.6666666666666727,1.1167910221413402,0.6714184612273821,0.014949072864977923,0.0,0.0,0.013582276193040825,0.0,0.0,0.4722222222222222,0.0,0.0,0.5112728743301992,0.0,0.0,0.0,0.0
3654,44,1.2856818181818188,0.6363636363636445,1.1181598381385933,0.6718259989883699,0.013882208588957255,0.0,0.0,0.013571850438417216,0.0,0.0,0.6590909090909091,0.0,0.0,0.5119372787051087,0.0,0.0,0.0,0.0
3655,53,1.313018867924529,0.6981132075471671,1.1182714675836953,0.67179124102357,0.02589877186453298,0.0,0.0,0.01359439666937995,0.0,0.0,0.6509433962264151,0.0,0.0,0.5120360068777182,0.0,0.0,0.0,0.0
3656,46,1.0450000000000006,0.4347826086956407,1.1191104821591018,0.6715859698776947,0.015017182130584113,0.0,0.0,0.013608133886605506,0.0,0.0,0.532608695652174,0.0,0.0,0.5125341150308299,0.0,0.0,0.0,0.0
3657,43,1.3700000000000006,0.6046511627906912,1.1217869415807555,0.6725288053365712,0.020092087312414103,0.0,0.0,0.01365990540552189,0.0,0.0,0.6976744186046512,0.0,0.0,0.5139731150192035,0.0,0.0,0.0,0.0
3658,49,1.0797959183673476,0.4897959183673582,1.121387598464956,0.671379519289036,0.0165498905223649,0.0,0.0,0.013667782673986429,0.0,0.0,0.5714285714285714,0.0,0.0,0.5143657846899616,0.0,0.0,0.0,0.0
3659,37,1.3578378378378386,0.5945945945945782,1.1227787324370762,0.6705751541494019,0.023389199255120494,0.0,0.0,0.01370989839445471,0.0,0.0,0.6621621621621622,0.0,0.0,0.51564237339533,0.0,0.0,0.0,0.0
3660,41,0.8995121951219516,0.24390243902438458,1.121449949443882,0.6693629929221472,0.008578739241684107,0.0,0.0,0.013692376636219031,0.0,0.0,0.6097560975609756,0.0,0.0,0.5152426693629929,0.0,0.0,0.0,0.0
3661,55,1.253272727272728,0.6909090909090767,1.1229524098211572,0.6701020511266075,0.016287807183365113,0.0,0.0,0.01373716373560639,0.0,0.0,0.6454545454545455,0.0,0.0,0.5165959381630797,0.0,0.0,0.0,0.0
3662,57,1.2001754385964916,0.6842105263157452,1.1246542150429069,0.6710752145381153,0.014570820021300177,0.0,0.0,0.013772933355258588,0.0,0.0,0.6052631578947368,0.0,0.0,0.5176930843008581,0.0,0.0,0.0,0.0
3663,57,1.2554385964912287,0.7017543859648803,1.1269482810767208,0.6719427361629227,0.014506385566593291,0.0,0.0,0.013813429359129216,0.0,0.0,0.6052631578947368,0.0,0.0,0.5188275027724569,0.0,0.0,0.0,0.0
3664,62,0.8454838709677424,0.48387096774193417,1.1245040241448687,0.6703219315895405,0.009849680571213545,0.0,0.0,0.013791245467209131,0.0,0.0,0.3790322580645161,0.0,0.0,0.5175804828973843,0.0,0.0,0.0,0.0
3665,40,1.3012500000000005,0.9000000000000176,1.1253547348294246,0.6718325450337157,0.014006996770721593,0.0,0.0,0.013784281507431098,0.0,0.0,0.5625,0.0,0.0,0.5175606319814834,0.0,0.0,0.0,0.0
3666,45,1.1535555555555561,0.6222222222222201,1.1260356818869057,0.6720088700735846,0.02176519916142574,0.0,0.0,0.013830919931856967,0.0,0.0,0.5555555555555556,0.0,0.0,0.5182189295433928,0.0,0.0,0.0,0.0
3667,49,0.9287755102040823,0.6938775510203874,1.1242252243169668,0.672144369392079,0.01613257710031877,0.0,0.0,0.013842144397260728,0.0,0.0,0.33163265306122447,0.0,0.0,0.5168363746345398,0.0,0.0,0.0,0.0
3668,44,1.1284090909090914,0.8409090909090959,1.1236975383373682,0.6717110573042808,0.01467632279042258,0.0,0.0,0.013827359278768452,0.0,0.0,0.4602272727272727,0.0,0.0,0.5166717110573043,0.0,0.0,0.0,0.0
3669,60,0.8413333333333336,0.46666666666665196,1.1224493498639243,0.670496925713137,0.009613406970100854,0.0,0.0,0.013793854352083489,0.0,0.0,0.4875,0.0,0.0,0.5167825824009676,0.0,0.0,0.0,0.0
3670,44,1.221136363636364,0.9090909090909541,1.122760358907147,0.671841919548345,0.014412553648069194,0.0,0.0,0.013796159454132666,0.0,0.0,0.4659090909090909,0.0,0.0,0.5164835164835165,0.0,0.0,0.0,0.0
3671,48,1.2670833333333338,0.7083333333333418,1.122763727959697,0.6718387909319934,0.01815522388059799,0.0,0.0,0.013807898809590276,0.0,0.0,0.609375,0.0,0.0,0.516801007556675,0.0,0.0,0.0,0.0
3672,45,1.2457777777777783,0.7111111111110807,1.1248280036315943,0.674266115202263,0.01678945792153406,0.0,0.0,0.013823788666408059,0.0,0.0,0.5888888888888889,0.0,0.0,0.5167204680722284,0.0,0.0,0.0,0.0
3673,48,1.397291666666667,0.708333333333338,1.1249312992523735,0.6730652657102473,0.016988348530900536,0.0,0.0,0.013821565205302005,0.0,0.0,0.6666666666666666,0.0,0.0,0.5170994140230349,0.0,0.0,0.0,0.0
3674,61,1.02344262295082,0.7540983606557534,1.1236974705230267,0.6733850650005068,0.01537306082245776,0.0,0.0,0.013819987977715472,0.0,0.0,0.4262295081967213,0.0,0.0,0.5160989620074574,0.0,0.0,0.0,0.0
3675,41,1.3470731707317078,0.8292682926829492,1.1253183974164893,0.6743364618024048,0.01610673665791743,0.0,0.0,0.013843869457097637,0.0,0.0,0.6463414634146342,0.0,0.0,0.5169290543949945,0.0,0.0,0.0,0.0
3676,57,1.2322807017543866,0.7719298245613425,1.1254912245309656,0.6752067782933253,0.012398940864959617,0.0,0.0,0.013834981370464352,0.0,0.0,0.5526315789473685,0.0,0.0,0.5166179140609239,0.0,0.0,0.0,0.0
3677,52,1.0605769230769235,0.5769230769230717,1.1246686140209503,0.6755640612409373,0.015379252649191108,0.0,0.0,0.013828206757247191,0.0,0.0,0.5528846153846154,0.0,0.0,0.5164685737308622,0.0,0.0,0.0,0.0
3678,40,1.2262500000000003,0.39999999999997593,1.1249218198325424,0.6749722586502599,0.013674379704488634,0.0,0.0,0.013806814664405092,0.0,0.0,0.775,0.0,0.0,0.5166448098456572,0.0,0.0,0.0,0.0
3679,52,1.3505769230769238,0.8461538461538473,1.126609861853382,0.6762125642835561,0.015303987796905477,0.0,0.0,0.013823168792862687,0.0,0.0,0.5865384615384616,0.0,0.0,0.517117071695069,0.0,0.0,0.0,0.0
3680,40,1.2222500000000005,0.7499999999999902,1.1278197234278782,0.6769960633895252,0.0197535353535358,0.0,0.0,0.013845180652724056,0.0,0.0,0.55,0.0,0.0,0.5177147471484809,0.0,0.0,0.0,0.0
3681,52,1.2069230769230777,0.826923076923083,1.128374394184167,0.678109854604203,0.022390296111309393,0.0,0.0,0.013877820165111986,0.0,0.0,0.5480769230769231,0.0,0.0,0.5177958400646203,0.0,0.0,0.0,0.0
3682,47,1.022340425531915,0.5106382978723287,1.1279064362938256,0.6773769829241209,0.012292146328985048,0.0,0.0,0.01386959741366679,0.0,0.0,0.6170212765957447,0.0,0.0,0.5180105082348186,0.0,0.0,0.0,0.0
3683,54,1.0350000000000004,0.6296296296296598,1.1269271937796619,0.6771685347874409,0.010587232430384693,0.0,0.0,0.013844884631750879,0.0,0.0,0.48148148148148145,0.0,0.0,0.5172170049479956,0.0,0.0,0.0,0.0
3684,39,1.3305128205128212,0.8717948717948767,1.1263238268608404,0.6767799352750836,0.01847276610893501,0.0,0.0,0.013835169394671281,0.0,0.0,0.5897435897435898,0.0,0.0,0.5172936893203883,0.0,0.0,0.0,0.0
3685,54,1.1685185185185192,0.6666666666666802,1.1280127427184459,0.6777912621359253,0.014579482439926843,0.0,0.0,0.013874633349007051,0.0,0.0,0.5,0.0,0.0,0.5179004854368932,0.0,0.0,0.0,0.0
3686,57,1.0728070175438602,0.7894736842105244,1.127715700141442,0.6792281268943251,0.012936323249418211,0.0,0.0,0.013864673813809198,0.0,0.0,0.3991228070175439,0.0,0.0,0.5168720953728025,0.0,0.0,0.0,0.0
3687,49,1.1955102040816332,0.5306122448979552,1.1283636363636356,0.6790909090909121,0.022600308641975476,0.0,0.0,0.013892232845502658,0.0,0.0,0.6122448979591837,0.0,0.0,0.5174747474747474,0.0,0.0,0.0,0.0
3688,47,1.1680851063829791,0.7234042553191162,1.1289707070707062,0.6789898989899017,0.015421348314607257,0.0,0.0,0.013914831368350374,0.0,0.0,0.5,0.0,0.0,0.5178787878787878,0.0,0.0,0.0,0.0
3689,45,0.8275555555555559,0.5111111111111112,1.127238172260412,0.6782248281439573,0.013362038033728282,0.0,0.0,0.013908570430704457,0.0,0.0,0.4888888888888889,0.0,0.0,0.5179437929640113,0.0,0.0,0.0,0.0
3690,45,1.0680000000000005,0.5777777777777773,1.1273066018631017,0.678108545970031,0.011849112426035185,0.0,0.0,0.013900839922737683,0.0,0.0,0.4888888888888889,0.0,0.0,0.5178209801539084,0.0,0.0,0.0,0.0
3691,37,1.424594594594595,0.8108108108107818,1.1285130752077832,0.6789985809852045,0.015090180360721303,0.0,0.0,0.013883788731270412,0.0,0.0,0.7162162162162162,0.0,0.0,0.5184978714778026,0.0,0.0,0.0,0.0
3692,50,1.0846000000000005,0.7200000000000136,1.1282846715328458,0.679339010543393,0.013611947791165434,0.0,0.0,0.013884051317621436,0.0,0.0,0.48,0.0,0.0,0.518146796431468,0.0,0.0,0.0,0.0
3693,44,1.1681818181818189,0.6363636363636023,1.1283669743381672,0.6788720965615199,0.017990899544978137,0.0,0.0,0.013902914538449232,0.0,0.0,0.5227272727272727,0.0,0.0,0.5180038543462826,0.0,0.0,0.0,0.0
3694,57,1.059649122807018,0.5263157894736701,1.1303074269480509,0.6796875000000026,0.013774230330672781,0.0,0.0,0.013942152938909129,0.0,0.0,0.5350877192982456,0.0,0.0,0.5186941964285714,0.0,0.0,0.0,0.0
3695,51,1.1486274509803927,0.5882352941176507,1.1319740444083939,0.6792051100070998,0.018369394794606055,0.0,0.0,0.013972941853770956,0.0,0.0,0.6372549019607843,0.0,0.0,0.5204045422285308,0.0,0.0,0.0,0.0
3696,54,1.3255555555555563,0.5185185185185228,1.133349214394322,0.6788646730866726,0.015174899300402079,0.0,0.0,0.013971682964166409,0.0,0.0,0.7129629629629629,0.0,0.0,0.5212113532691333,0.0,0.0,0.0,0.0
3697,40,1.3792500000000008,0.7499999999999961,1.1341018875583506,0.6794195250659658,0.022685032894736976,0.0,0.0,0.014003345634072923,0.0,0.0,0.58125,0.0,0.0,0.5211589202354374,0.0,0.0,0.0,0.0
3698,44,1.0754545454545459,0.5681818181818192,1.1337049446644318,0.679053711036656,0.019457236842105204,0.0,0.0,0.01401953669408006,0.0,0.0,0.5170454545454546,0.0,0.0,0.5211442786069652,0.0,0.0,0.0,0.0
3699,48,1.1804166666666671,0.7916666666666741,1.135754286294003,0.6799228974332989,0.014431991849209826,0.0,0.0,0.014045899886956677,0.0,0.0,0.4635416666666667,0.0,0.0,0.5222684386730242,0.0,0.0,0.0,0.0
3700,59,0.9537288135593227,0.6779661016948896,1.135537558210163,0.680097185665117,0.016462843768285013,0.0,0.0,0.014063133928280456,0.0,0.0,0.4152542372881356,0.0,0.0,0.5217655395829115,0.0,0.0,0.0,0.0
3701,44,1.2856818181818186,0.9090909090908922,1.136098550136874,0.6813342796309464,0.027262650602409216,0.0,0.0,0.014101401162307878,0.0,0.0,0.5113636363636364,0.0,0.0,0.5217479468721484,0.0,0.0,0.0,0.0
3702,36,1.078055555555556,0.4999999999999915,1.1368355844419609,0.6822382451508097,0.019424424424424387,0.0,0.0,0.014136224958833052,0.0,0.0,0.5902777777777778,0.0,0.0,0.5217578958058292,0.0,0.0,0.0,0.0
3703,52,1.0075000000000003,0.5769230769230839,1.1357666090141407,0.6816563231254477,0.015260704922808772,0.0,0.0,0.014147962740003881,0.0,0.0,0.5192307692307693,0.0,0.0,0.5218231763149863,0.0,0.0,0.0,0.0
3704,42,1.2278571428571434,0.7619047619047377,1.1379688295813373,0.682285830701846,0.017381193124368668,0.0,0.0,0.014166203819943827,0.0,0.0,0.4642857142857143,0.0,0.0,0.522562901089946,0.0,0.0,0.0,0.0
3705,48,1.291458333333334,0.6249999999999991,1.1384578583061877,0.6824104234527709,0.02028468586387442,0.0,0.0,0.014197051476039196,0.0,0.0,0.5885416666666666,0.0,0.0,0.5220124185667753,0.0,0.0,0.0,0.0
3706,45,0.8568888888888893,0.4888888888888965,1.137673282442747,0.6815267175572541,0.01182822085889585,0.0,0.0,0.014196334337108476,0.0,0.0,0.4777777777777778,0.0,0.0,0.5219847328244275,0.0,0.0,0.0,0.0
3707,54,1.3179629629629634,0.8888888888888928,1.1391482649842257,0.6815915335300724,0.017270080077651094,0.0,0.0,0.014235387771036697,0.0,0.0,0.5138888888888888,0.0,0.0,0.5231250636002849,0.0,0.0,0.0,0.0
3708,45,0.9973333333333337,0.6444444444444415,1.1393789452250038,0.6824475666870313,0.011863600317209087,0.0,0.0,0.014255244617173934,0.0,0.0,0.4,0.0,0.0,0.5227550397067807,0.0,0.0,0.0,0.0
3709,49,1.4095918367346942,0.816326530612265,1.1421685153149472,0.6831179403683751,0.01529112242638895,0.0,0.0,0.01428699262744149,0.0,0.0,0.6224489795918368,0.0,0.0,0.5244479495268138,0.0,0.0,0.0,0.0
3710,55,1.2198181818181824,0.7454545454545309,1.1422609845402754,0.6832790886899941,0.020529375764993297,0.0,0.0,0.014327608180636461,0.0,0.0,0.5909090909090909,0.0,0.0,0.5249186330349878,0.0,0.0,0.0,0.0
3711,44,0.9481818181818185,0.5454545454545288,1.1417255420950816,0.6827852998065785,0.014471037114117976,0.0,0.0,0.014334830489843806,0.0,0.0,0.5113636363636364,0.0,0.0,0.525297770538532,0.0,0.0,0.0,0.0
3712,49,0.872040816326531,0.40816326530613073,1.1400711960943843,0.6807363710333628,0.012285796434732847,0.0,0.0,0.014332431896788813,0.0,0.0,0.4897959183673469,0.0,0.0,0.5254271765663141,0.0,0.0,0.0,0.0
3713,44,1.1722727272727278,0.5909090909090798,1.1404446479446468,0.6801994301994324,0.028002171552659865,0.0,0.0,0.014375758337544637,0.0,0.0,0.6363636363636364,0.0,0.0,0.5260734635734636,0.0,0.0,0.0,0.0
3714,43,0.8697674418604656,0.27906976744186074,1.1398350641417214,0.6798004479739385,0.014841269841269475,0.0,0.0,0.014396509488189536,0.0,0.0,0.5465116279069767,0.0,0.0,0.5256821421299125,0.0,0.0,0.0,0.0
3715,67,1.2289552238805974,0.6567164179104709,1.1402754904950685,0.6801870488970239,0.015489089541008604,0.0,0.0,0.014390609384201197,0.0,0.0,0.5932835820895522,0.0,0.0,0.525668394835824,0.0,0.0,0.0,0.0
3716,58,1.2455172413793107,0.7586206896552276,1.1406600324939062,0.6808489033306283,0.017146926180869534,0.0,0.0,0.014387619179359604,0.0,0.0,0.5689655172413793,0.0,0.0,0.5256904955320877,0.0,0.0,0.0,0.0
3717,48,1.4877083333333339,0.9583333333333287,1.1430546525802507,0.6823445753758659,0.02104627173592582,0.0,0.0,0.014443286358099513,0.0,0.0,0.6041666666666666,0.0,0.0,0.5261580658268996,0.0,0.0,0.0,0.0
3718,59,1.110338983050848,0.6779661016949083,1.1417975248529102,0.682187056198014,0.015245520130323115,0.0,0.0,0.014445342799428235,0.0,0.0,0.5635593220338984,0.0,0.0,0.5258926759991884,0.0,0.0,0.0,0.0
3719,42,1.2516666666666671,0.7142857142857428,1.141127819548871,0.6824832351148162,0.019520980319346827,0.0,0.0,0.014450677694372424,0.0,0.0,0.5595238095238095,0.0,0.0,0.5255283478967689,0.0,0.0,0.0,0.0
3720,46,0.8800000000000006,0.5217391304347876,1.139677878264403,0.6806218880195123,0.012259236826165903,0.0,0.0,0.014453333505158065,0.0,0.0,0.42934782608695654,0.0,0.0,0.5252514988314195,0.0,0.0,0.0,0.0
3721,41,1.0543902439024395,0.29268292682926883,1.1392155067155056,0.679080179080181,0.014865887207702875,0.0,0.0,0.014452484926248118,0.0,0.0,0.6829268292682927,0.0,0.0,0.5257936507936508,0.0,0.0,0.0,0.0
3722,47,1.1219148936170218,0.553191489361697,1.1399582782130853,0.6780299175740326,0.012011389521640476,0.0,0.0,0.01445597666886052,0.0,0.0,0.5957446808510638,0.0,0.0,0.5270174010379567,0.0,0.0,0.0,0.0
3723,60,1.0765000000000005,0.49999999999999467,1.1391603208447547,0.6763123159711664,0.014372496662216442,0.0,0.0,0.01446684753035967,0.0,0.0,0.5916666666666667,0.0,0.0,0.5275154838054625,0.0,0.0,0.0,0.0
3724,29,1.0389655172413796,0.4827586206896591,1.1391081767394606,0.6763839512442882,0.019914077990747157,0.0,0.0,0.01448105502519938,0.0,0.0,0.646551724137931,0.0,0.0,0.5273996952767902,0.0,0.0,0.0,0.0
3725,50,1.1812000000000002,0.900000000000036,1.137962793534613,0.6758157974992391,0.016180821917808487,0.0,0.0,0.014481610370121318,0.0,0.0,0.48,0.0,0.0,0.5273711497407746,0.0,0.0,0.0,0.0
3726,59,1.007118644067797,0.5084745762711723,1.1371700030484695,0.6757443349253139,0.01742011140428053,0.0,0.0,0.014482389572473584,0.0,0.0,0.5508474576271186,0.0,0.0,0.5271821969312062,0.0,0.0,0.0,0.0
3727,48,1.3035416666666673,0.5833333333333273,1.1376256358087473,0.6767039674465938,0.021060249074386063,0.0,0.0,0.0144901497364453,0.0,0.0,0.7604166666666666,0.0,0.0,0.5273652085452696,0.0,0.0,0.0,0.0
3728,45,0.8488888888888891,0.6444444444444183,1.1370168836452388,0.6762611879576905,0.008471944998891113,0.0,0.0,0.014458888624464641,0.0,0.0,0.3333333333333333,0.0,0.0,0.5270545158665582,0.0,0.0,0.0,0.0
3729,49,1.1275510204081638,0.7346938775510216,1.138045602605862,0.676710097719871,0.019909909909909852,0.0,0.0,0.014495610537821045,0.0,0.0,0.5102040816326531,0.0,0.0,0.5275855048859935,0.0,0.0,0.0,0.0
3730,43,1.497209302325582,0.883720930232546,1.140002038943826,0.6781527168926506,0.01704076230809929,0.0,0.0,0.014508159500128542,0.0,0.0,0.6744186046511628,0.0,0.0,0.5283922927923336,0.0,0.0,0.0,0.0
3731,47,0.7674468085106387,0.5106382978723262,1.1379023047113999,0.6771364470732212,0.008689472416285066,0.0,0.0,0.01447458576938004,0.0,0.0,0.30851063829787234,0.0,0.0,0.5275851519477871,0.0,0.0,0.0,0.0
3732,40,1.1517500000000005,0.5499999999999978,1.1384038422235834,0.6764765992233808,0.025453038674032997,0.0,0.0,0.014518837285679374,0.0,0.0,0.6,0.0,0.0,0.5281524627018189,0.0,0.0,0.0,0.0
3733,55,1.1198181818181825,0.8363636363636736,1.1387281820965591,0.6772481371848531,0.017542010823127924,0.0,0.0,0.01453615366774649,0.0,0.0,0.43636363636363634,0.0,0.0,0.5280187812595692,0.0,0.0,0.0,0.0
3734,59,0.7496610169491529,0.40677966101695967,1.1367489292270028,0.6758107281256379,0.009303744215398117,0.0,0.0,0.014514875619817586,0.0,0.0,0.4152542372881356,0.0,0.0,0.5273811951866204,0.0,0.0,0.0,0.0
3735,49,1.0742857142857147,0.6938775510204243,1.1378722103332302,0.6769591358402126,0.012190829087539986,0.0,0.0,0.014513717655591857,0.0,0.0,0.5255102040816326,0.0,0.0,0.5280750025476408,0.0,0.0,0.0,0.0
3736,55,1.2320000000000007,0.8363636363636484,1.1374709953185418,0.676470588235295,0.019709133216986672,0.0,0.0,0.014521440867898881,0.0,0.0,0.45454545454545453,0.0,0.0,0.5277325463057195,0.0,0.0,0.0,0.0
3737,52,0.8763461538461542,0.596153846153835,1.1358345206594738,0.6764705882352947,0.011293680297398016,0.0,0.0,0.014532798935371015,0.0,0.0,0.4326923076923077,0.0,0.0,0.5271473641359659,0.0,0.0,0.0,0.0
3738,47,1.1717021276595752,0.6808510638297923,1.135125331159567,0.6754636233951504,0.01739968404423322,0.0,0.0,0.014543256583885973,0.0,0.0,0.574468085106383,0.0,0.0,0.5272569798247402,0.0,0.0,0.0,0.0
3739,57,1.18561403508772,0.7192982456140129,1.1344721825962902,0.6756674138985131,0.017959075205952735,0.0,0.0,0.014565921867375322,0.0,0.0,0.5350877192982456,0.0,0.0,0.5268748726309354,0.0,0.0,0.0,0.0
3740,41,1.054146341463415,0.756097560975606,1.1337213098031207,0.6750994593491796,0.013351869014519107,0.0,0.0,0.014587562494011561,0.0,0.0,0.4268292682926829,0.0,0.0,0.5267520146893808,0.0,0.0,0.0,0.0
3741,55,1.1741818181818187,0.6181818181818535,1.134155883851247,0.6744778400407552,0.015663351928208193,0.0,0.0,0.014612552228755151,0.0,0.0,0.5636363636363636,0.0,0.0,0.5274325012735609,0.0,0.0,0.0,0.0
3742,57,0.9864912280701759,0.6315789473684227,1.134282223579718,0.6749134595805348,0.01184038744998947,0.0,0.0,0.014620553172949321,0.0,0.0,0.40350877192982454,0.0,0.0,0.5268529830991652,0.0,0.0,0.0,0.0
3743,49,0.9436734693877555,0.3673469387755153,1.1333770992366403,0.6734860050890599,0.014387056627255423,0.0,0.0,0.014646080960040924,0.0,0.0,0.5102040816326531,0.0,0.0,0.5266921119592876,0.0,0.0,0.0,0.0
3744,62,1.2474193548387102,0.6129032258064359,1.1354719089708412,0.673371939449356,0.015117279124316239,0.0,0.0,0.014663774090406445,0.0,0.0,0.6008064516129032,0.0,0.0,0.5280148328761557,0.0,0.0,0.0,0.0
3745,37,0.920540540540541,0.5405405405405538,1.1349277868185508,0.6731082180634675,0.014592973436161158,0.0,0.0,0.014674079139434365,0.0,0.0,0.4864864864864865,0.0,0.0,0.5277919039869813,0.0,0.0,0.0,0.0
3746,38,1.157105263157895,0.6842105263157912,1.135843772278235,0.6742030756696213,0.01915069686411179,0.0,0.0,0.014722204255015922,0.0,0.0,0.5460526315789473,0.0,0.0,0.5280578470312659,0.0,0.0,0.0,0.0
3747,41,1.0946341463414637,0.5609756097561076,1.1375293157948394,0.6751300091771196,0.0128817451205511,0.0,0.0,0.014762805260525255,0.0,0.0,0.524390243902439,0.0,0.0,0.5285765269705313,0.0,0.0,0.0,0.0
3748,56,1.2126785714285722,0.8214285714286066,1.1389648497198155,0.6768211920529816,0.018094857447376135,0.0,0.0,0.014793434691644201,0.0,0.0,0.49107142857142855,0.0,0.0,0.5286551197147223,0.0,0.0,0.0,0.0
3749,57,0.9543859649122812,0.6140350877192777,1.1382960325534068,0.6767039674465934,0.010840972499003431,0.0,0.0,0.014773267389479016,0.0,0.0,0.37719298245614036,0.0,0.0,0.5278992878942014,0.0,0.0,0.0,0.0
3750,45,1.2720000000000005,0.7555555555555543,1.1385187067913776,0.676901179341197,0.02067919075144498,0.0,0.0,0.01478970654269801,0.0,0.0,0.6444444444444445,0.0,0.0,0.5282381049206994,0.0,0.0,0.0,0.0
3751,50,1.1632000000000007,0.8600000000000344,1.1397751780264485,0.6794506612411002,0.014870877013552017,0.0,0.0,0.014808437803580623,0.0,0.0,0.435,0.0,0.0,0.5273397761953205,0.0,0.0,0.0,0.0
3752,45,1.292444444444445,0.8444444444444504,1.1400834350834337,0.680199430199432,0.020250696378830448,0.0,0.0,0.014819006858826785,0.0,0.0,0.5722222222222222,0.0,0.0,0.5271672771672772,0.0,0.0,0.0,0.0
3753,58,1.1153448275862077,0.6896551724138262,1.140781901372648,0.6803253685815983,0.021921382582175707,0.0,0.0,0.014851158684208202,0.0,0.0,0.44396551724137934,0.0,0.0,0.5277071682765633,0.0,0.0,0.0,0.0
3754,37,1.3708108108108115,0.8108108108108169,1.1404288479168778,0.680044820209842,0.017146720757267867,0.0,0.0,0.014888287212439925,0.0,0.0,0.581081081081081,0.0,0.0,0.5274014464704084,0.0,0.0,0.0,0.0
3755,46,1.3041304347826093,0.8260869565217276,1.1426115753005897,0.6800489097208087,0.021288147622427124,0.0,0.0,0.014942448017994601,0.0,0.0,0.6141304347826086,0.0,0.0,0.5293967801100469,0.0,0.0,0.0,0.0
3756,48,1.0537500000000006,0.37500000000000494,1.1419198204631225,0.677751708660616,0.024028503562945367,0.0,0.0,0.014958842017489584,0.0,0.0,0.6666666666666666,0.0,0.0,0.5306538814648577,0.0,0.0,0.0,0.0
3757,41,1.180243902439025,0.5853658536585603,1.1429052674561035,0.6776235198040035,0.018274169184290097,0.0,0.0,0.015004228185311221,0.0,0.0,0.6097560975609756,0.0,0.0,0.5311351572070233,0.0,0.0,0.0,0.0
3758,45,1.1611111111111116,0.5777777777777732,1.1427440767973847,0.6775939542483679,0.02112818439142687,0.0,0.0,0.015024820376206383,0.0,0.0,0.6444444444444445,0.0,0.0,0.5313521241830066,0.0,0.0,0.0,0.0
3759,56,1.1655357142857152,0.7142857142857127,1.1427326530612236,0.6770408163265326,0.022200680272108905,0.0,0.0,0.015063157823943723,0.0,0.0,0.48214285714285715,0.0,0.0,0.5312244897959184,0.0,0.0,0.0,0.0
3760,39,1.5374358974358977,0.9487179487179228,1.1443777437468086,0.6773864216436973,0.017682099675611393,0.0,0.0,0.015082684995061877,0.0,0.0,0.6987179487179487,0.0,0.0,0.5320826952526799,0.0,0.0,0.0,0.0
3761,49,1.1797959183673477,0.571428571428561,1.1448397959183663,0.6788775510204097,0.015611666216580987,0.0,0.0,0.015100154643129792,0.0,0.0,0.576530612244898,0.0,0.0,0.5314795918367347,0.0,0.0,0.0,0.0
3762,54,1.1496296296296302,0.8518518518518238,1.1454274637829003,0.6803713527851472,0.016078736078735546,0.0,0.0,0.015075238700096643,0.0,0.0,0.4351851851851852,0.0,0.0,0.5311926137522954,0.0,0.0,0.0,0.0
3763,58,0.9353448275862074,0.41379310344828046,1.1444131455399054,0.6788120024494808,0.014536441586281014,0.0,0.0,0.015063974764763196,0.0,0.0,0.5431034482758621,0.0,0.0,0.5314605021432945,0.0,0.0,0.0,0.0
3764,42,1.1759523809523813,0.5476190476190436,1.1449668198060226,0.678713629402758,0.01678219503907527,0.0,0.0,0.015091647008637972,0.0,0.0,0.5952380952380952,0.0,0.0,0.5317764165390505,0.0,0.0,0.0,0.0
3765,44,1.4768181818181823,0.8181818181818361,1.147961184882532,0.680490296220635,0.01749125168236844,0.0,0.0,0.015141729641900177,0.0,0.0,0.6761363636363636,0.0,0.0,0.5327885597548518,0.0,0.0,0.0,0.0
3766,37,0.8935135135135139,0.8108108108108181,1.1474992332072376,0.6805030160515302,0.013314538864277277,0.0,0.0,0.015143900714578808,0.0,0.0,0.28378378378378377,0.0,0.0,0.5328698497086187,0.0,0.0,0.0,0.0
3767,43,1.1686046511627914,0.5581395348837189,1.1480752710165667,0.6807118020045018,0.022686230248306887,0.0,0.0,0.015175070766385869,0.0,0.0,0.5581395348837209,0.0,0.0,0.5330333401513602,0.0,0.0,0.0,0.0
3768,65,1.0063076923076928,0.553846153846149,1.1464266012871578,0.6788231688630114,0.01540508714083839,0.0,0.0,0.015154347244841018,0.0,0.0,0.5,0.0,0.0,0.5327919092859332,0.0,0.0,0.0,0.0
3769,50,1.1214000000000004,0.6400000000000041,1.1457040743388125,0.6785459001327498,0.01680251723104502,0.0,0.0,0.015164131175192289,0.0,0.0,0.5,0.0,0.0,0.5321147758603084,0.0,0.0,0.0,0.0
3770,56,1.126428571428572,0.7142857142857025,1.1472300469483556,0.6788120024494814,0.01889754343918445,0.0,0.0,0.015214082882843958,0.0,0.0,0.5267857142857143,0.0,0.0,0.5330679730557256,0.0,0.0,0.0,0.0
3771,55,1.0894545454545461,0.5818181818181763,1.145580826109127,0.6775114737378906,0.019607329842931245,0.0,0.0,0.015230874996779659,0.0,0.0,0.5454545454545454,0.0,0.0,0.5324324324324324,0.0,0.0,0.0,0.0
3772,50,1.3096000000000005,0.9600000000000007,1.1476299164458923,0.6795394334624024,0.015324128247132784,0.0,0.0,0.015257558783008602,0.0,0.0,0.545,0.0,0.0,0.5330904829834929,0.0,0.0,0.0,0.0
3773,45,1.2462222222222228,0.9777777777777886,1.1487808610487642,0.6816976127320971,0.019205479452054922,0.0,0.0,0.015299284651598936,0.0,0.0,0.4777777777777778,0.0,0.0,0.5330289736788411,0.0,0.0,0.0,0.0
3774,51,1.034117647058824,0.47058823529412586,1.1479294525435813,0.6812111326332978,0.012030109489051317,0.0,0.0,0.015294291826547688,0.0,0.0,0.5196078431372549,0.0,0.0,0.531985931287593,0.0,0.0,0.0,0.0
3775,49,0.9130612244897964,0.4081632653061277,1.1462575186053612,0.680191660719749,0.012768264840183082,0.0,0.0,0.015286321811576959,0.0,0.0,0.4387755102040816,0.0,0.0,0.5309409725762055,0.0,0.0,0.0,0.0
3776,53,1.296981132075472,0.7547169811321089,1.1459230926152582,0.6813545491636088,0.015499436302142143,0.0,0.0,0.015267596025266183,0.0,0.0,0.5660377358490566,0.0,0.0,0.5298857609139127,0.0,0.0,0.0,0.0
3777,60,1.1486666666666672,0.7666666666666376,1.146171492659053,0.6818923327895614,0.01552951780081053,0.0,0.0,0.015289894101741844,0.0,0.0,0.45,0.0,0.0,0.5292618270799347,0.0,0.0,0.0,0.0
3778,52,1.0351923076923082,0.6538461538461677,1.1456560301763676,0.682026710164137,0.018112382234185383,0.0,0.0,0.015311127733293088,0.0,0.0,0.5048076923076923,0.0,0.0,0.5289784891426241,0.0,0.0,0.0,0.0
3779,57,1.3008771929824567,0.7719298245614074,1.1474544158093096,0.681878374248754,0.015367875647668588,0.0,0.0,0.015322096237132559,0.0,0.0,0.5394736842105263,0.0,0.0,0.5300244473871855,0.0,0.0,0.0,0.0
3780,52,1.4132692307692312,0.692307692307678,1.1490338016697201,0.6823457544288349,0.01843702960361271,0.0,0.0,0.015356076202035348,0.0,0.0,0.6778846153846154,0.0,0.0,0.5309509264915496,0.0,0.0,0.0,0.0
3781,42,1.0650000000000004,0.5714285714285444,1.1493438614365756,0.681609780947531,0.013529945553538774,0.0,0.0,0.015366857376379323,0.0,0.0,0.5119047619047619,0.0,0.0,0.5316352521650535,0.0,0.0,0.0,0.0
3782,58,1.0189655172413798,0.37931034482758813,1.1480415309446248,0.679254885993487,0.018034787915777062,0.0,0.0,0.015389389056116755,0.0,0.0,0.6120689655172413,0.0,0.0,0.5318607491856677,0.0,0.0,0.0,0.0
3783,44,1.1147727272727277,0.40909090909091467,1.1495958053349613,0.6779678273264118,0.01574133504492957,0.0,0.0,0.015393433817394666,0.0,0.0,0.6931818181818182,0.0,0.0,0.5340562003665241,0.0,0.0,0.0,0.0
3784,56,1.3705357142857149,0.785714285714301,1.150934798087681,0.6783643576441886,0.018204459203036684,0.0,0.0,0.015407043085864078,0.0,0.0,0.6160714285714286,0.0,0.0,0.5348896348286034,0.0,0.0,0.0,0.0
3785,56,1.2367857142857148,0.839285714285712,1.15174341770865,0.6780522517027565,0.01924958310172306,0.0,0.0,0.015442775029748319,0.0,0.0,0.44642857142857145,0.0,0.0,0.534970011182271,0.0,0.0,0.0,0.0
3786,60,0.9416666666666671,0.43333333333332885,1.1501393125889765,0.6762253406548724,0.013854830799411388,0.0,0.0,0.015472408684434887,0.0,0.0,0.4791666666666667,0.0,0.0,0.5347010372178157,0.0,0.0,0.0,0.0
3787,60,0.8903333333333339,0.46666666666667445,1.1489783690464093,0.6753325886056682,0.01359633494527805,0.0,0.0,0.015477012225400516,0.0,0.0,0.425,0.0,0.0,0.533944348532548,0.0,0.0,0.0,0.0
3788,47,1.2568085106382985,0.5106382978723473,1.1498811820859138,0.6739108357875511,0.016069096844395562,0.0,0.0,0.015472748515636283,0.0,0.0,0.7127659574468085,0.0,0.0,0.5357469279983751,0.0,0.0,0.0,0.0
3789,49,1.1171428571428577,0.4897959183673471,1.1510789099044125,0.673988204189548,0.01564894225271603,0.0,0.0,0.015507790398349522,0.0,0.0,0.6122448979591837,0.0,0.0,0.5364043115720968,0.0,0.0,0.0,0.0
3790,41,1.15219512195122,0.6341463414634403,1.1516571661237778,0.6734527687296432,0.020557006092255286,0.0,0.0,0.015550998303859417,0.0,0.0,0.5609756097560976,0.0,0.0,0.536950325732899,0.0,0.0,0.0,0.0
3791,49,1.3485714285714292,0.7346938775510319,1.1520343985344996,0.6735192346834944,0.01799564270152427,0.0,0.0,0.015572337097601882,0.0,0.0,0.6224489795918368,0.0,0.0,0.5368919193975168,0.0,0.0,0.0,0.0
3792,52,1.2736538461538467,0.7307692307692834,1.1523420301671417,0.6734610680799037,0.015514171937222352,0.0,0.0,0.015583586127623405,0.0,0.0,0.6153846153846154,0.0,0.0,0.537224826742764,0.0,0.0,0.0,0.0
3793,47,1.2140425531914898,0.5744680851063692,1.15116508809451,0.6720643650066213,0.015568894952250995,0.0,0.0,0.015576843837292865,0.0,0.0,0.6382978723404256,0.0,0.0,0.5371982890314696,0.0,0.0,0.0,0.0
3794,59,1.1486440677966108,0.6949152542372858,1.150870229007633,0.6713486005089071,0.019955830388692926,0.0,0.0,0.01560512235211969,0.0,0.0,0.5423728813559322,0.0,0.0,0.5376844783715012,0.0,0.0,0.0,0.0
3795,49,1.1187755102040822,0.6938775510204215,1.1498088265202353,0.6707341875127124,0.015023294053165506,0.0,0.0,0.015589843566884675,0.0,0.0,0.5255102040816326,0.0,0.0,0.5373703477730324,0.0,0.0,0.0,0.0
3796,49,0.9997959183673474,0.4897959183673499,1.150208248679398,0.6701544087769212,0.017971386647102062,0.0,0.0,0.015597311608736935,0.0,0.0,0.5153061224489796,0.0,0.0,0.5380180820804551,0.0,0.0,0.0,0.0
3797,52,1.3155769230769236,0.6923076923077095,1.1496453972769756,0.6684616947774857,0.019506700883944933,0.0,0.0,0.015609648759760574,0.0,0.0,0.7019230769230769,0.0,0.0,0.5385338345864662,0.0,0.0,0.0,0.0
3798,53,1.0362264150943403,0.7169811320754803,1.147241239207719,0.6678517013712557,0.019776737486496193,0.0,0.0,0.015620888908558886,0.0,0.0,0.4528301886792453,0.0,0.0,0.5371762315896395,0.0,0.0,0.0,0.0
3799,48,1.0843750000000003,0.6874999999999741,1.1472292089249487,0.6673427991886421,0.011325065274152063,0.0,0.0,0.015602317241379386,0.0,0.0,0.46875,0.0,0.0,0.5373985801217038,0.0,0.0,0.0,0.0
3800,42,1.061428571428572,0.7619047619047439,1.1471794871794867,0.6684909293604957,0.017990314769975736,0.0,0.0,0.01563674390718988,0.0,0.0,0.38095238095238093,0.0,0.0,0.5367132867132867,0.0,0.0,0.0,0.0
3801,52,1.0463461538461545,0.6923076923076977,1.1479643508203359,0.6692323273242871,0.015292299044406788,0.0,0.0,0.01568975397469161,0.0,0.0,0.47115384615384615,0.0,0.0,0.5371176828033218,0.0,0.0,0.0,0.0
3802,38,1.3260526315789478,0.8947368421052168,1.1492003648525384,0.6703151920543234,0.015702711124961306,0.0,0.0,0.015699793284587524,0.0,0.0,0.6052631578947368,0.0,0.0,0.5376507550420594,0.0,0.0,0.0,0.0
3803,55,1.318363636363637,0.7636363636363468,1.1494053287407555,0.670752709958465,0.020878203282464886,0.0,0.0,0.01573078293566566,0.0,0.0,0.5590909090909091,0.0,0.0,0.5371542903454564,0.0,0.0,0.0,0.0
3804,60,1.204333333333334,0.6333333333333229,1.1484872417982985,0.6694005670311869,0.014521704180064307,0.0,0.0,0.015728338704399165,0.0,0.0,0.5833333333333334,0.0,0.0,0.5371354799513973,0.0,0.0,0.0,0.0
3805,59,0.9252542372881362,0.4576271186440734,1.1458103046867092,0.6680838141512301,0.01577289800635558,0.0,0.0,0.01572695481341418,0.0,0.0,0.5169491525423728,0.0,0.0,0.5363144042919323,0.0,0.0,0.0,0.0
3806,46,0.9363043478260874,0.6956521739130455,1.1441666666666663,0.6678817334953424,0.0140613777342475,0.0,0.0,0.01572814304246405,0.0,0.0,0.40217391304347827,0.0,0.0,0.5355660186310247,0.0,0.0,0.0,0.0
3807,62,1.036129032258065,0.5161290322580827,1.1446683544303795,0.6682531645569625,0.013025141930251736,0.0,0.0,0.015721148363156974,0.0,0.0,0.46774193548387094,0.0,0.0,0.5355696202531646,0.0,0.0,0.0,0.0
3808,59,1.388644067796611,0.779661016949124,1.1462433006370711,0.6693295580948532,0.02192400321113209,0.0,0.0,0.015732429885398927,0.0,0.0,0.6694915254237288,0.0,0.0,0.5363029628880575,0.0,0.0,0.0,0.0
3809,60,1.248833333333334,0.6500000000000031,1.1460938919737502,0.6683493185259972,0.019173490276356446,0.0,0.0,0.01574846428313797,0.0,0.0,0.575,0.0,0.0,0.5360928823826351,0.0,0.0,0.0,0.0
3810,51,1.0731372549019613,0.3137254901960774,1.1466875252321351,0.6669358094469119,0.01596092155147298,0.0,0.0,0.015752499504328006,0.0,0.0,0.6176470588235294,0.0,0.0,0.537141703673799,0.0,0.0,0.0,0.0
3811,47,1.1785106382978727,0.5957446808510576,1.1466956082786468,0.6649167087329634,0.016800121322414804,0.0,0.0,0.01573339982407664,0.0,0.0,0.648936170212766,0.0,0.0,0.5382130237253913,0.0,0.0,0.0,0.0
3812,49,1.1136734693877557,0.5510204081632486,1.1467047061199753,0.6636033124621289,0.014536494405967352,0.0,0.0,0.015729674467315883,0.0,0.0,0.5612244897959183,0.0,0.0,0.538982023833569,0.0,0.0,0.0,0.0
3813,52,1.1167307692307697,0.5384615384615346,1.145863879632434,0.6627284661213777,0.019026867627786256,0.0,0.0,0.01573232494783622,0.0,0.0,0.5961538461538461,0.0,0.0,0.5392305362011511,0.0,0.0,0.0,0.0
3814,49,1.4334693877551026,0.8163265306122933,1.1471089568817525,0.6625265071190555,0.019592747559275602,0.0,0.0,0.015753875084768637,0.0,0.0,0.6938775510204082,0.0,0.0,0.5400383722104413,0.0,0.0,0.0,0.0
3815,40,1.2347500000000007,0.8000000000000071,1.1475277833905835,0.6640735502121647,0.013928369994360031,0.0,0.0,0.015739751977129533,0.0,0.0,0.475,0.0,0.0,0.5395281875126288,0.0,0.0,0.0,0.0
3816,48,0.8297916666666673,0.625000000000006,1.145872004852896,0.6645435244161363,0.01413915512957069,0.0,0.0,0.015739820823722113,0.0,0.0,0.3385416666666667,0.0,0.0,0.537711050449904,0.0,0.0,0.0,0.0
3817,55,0.9770909090909096,0.7090909090909062,1.145833417567977,0.6655210755079354,0.015371853546911278,0.0,0.0,0.015745556524782975,0.0,0.0,0.4090909090909091,0.0,0.0,0.536920044475892,0.0,0.0,0.0,0.0
3818,49,1.001428571428572,0.32653061224488883,1.1443956710832401,0.6632952361687069,0.011195528177047196,0.0,0.0,0.01570834172110045,0.0,0.0,0.6122448979591837,0.0,0.0,0.5370183068676039,0.0,0.0,0.0,0.0
3819,41,1.1765853658536591,0.6829268292682931,1.1449437974683538,0.6635949367088608,0.019819227608875084,0.0,0.0,0.015738020734735764,0.0,0.0,0.5487804878048781,0.0,0.0,0.5372658227848102,0.0,0.0,0.0,0.0
3820,49,1.1373469387755106,0.6734693877551019,1.1451325374342367,0.6632942128692839,0.013262732032364458,0.0,0.0,0.015722046583471375,0.0,0.0,0.6224489795918368,0.0,0.0,0.5382436260623229,0.0,0.0,0.0,0.0
3821,58,1.1794827586206902,0.5862068965517472,1.1454696188454148,0.6624203821656053,0.016937360732854744,0.0,0.0,0.015756109229066253,0.0,0.0,0.646551724137931,0.0,0.0,0.5392275806288546,0.0,0.0,0.0,0.0
3822,51,1.1733333333333338,0.7058823529411985,1.1458606391585757,0.662419093851133,0.024534645346453592,0.0,0.0,0.01580861290750164,0.0,0.0,0.4950980392156863,0.0,0.0,0.5392141990291263,0.0,0.0,0.0,0.0
3823,40,1.0285000000000004,0.5500000000000183,1.1454843276036397,0.6618806875631955,0.014166666666666865,0.0,0.0,0.01579421089173241,0.0,0.0,0.54375,0.0,0.0,0.5394843276036401,0.0,0.0,0.0,0.0
3824,39,1.4266666666666672,0.8717948717949082,1.1458617548831085,0.6626859629592152,0.02018867924528393,0.0,0.0,0.01584153234833227,0.0,0.0,0.5576923076923077,0.0,0.0,0.5388371622305435,0.0,0.0,0.0,0.0
3825,43,1.466976744186047,0.6511627906976597,1.1457484544441061,0.6622073578595322,0.02338895068594711,0.0,0.0,0.01585539113592606,0.0,0.0,0.6976744186046512,0.0,0.0,0.5384362014796797,0.0,0.0,0.0,0.0
3826,39,1.1253846153846159,0.46153846153847045,1.14623554473524,0.6624061675796312,0.014812689841376942,0.0,0.0,0.01585308844801057,0.0,0.0,0.6153846153846154,0.0,0.0,0.5386741732602962,0.0,0.0,0.0,0.0
3827,46,1.0521739130434786,0.739130434782615,1.146544087769199,0.6625355546525808,0.013645334085142456,0.0,0.0,0.015867716774545532,0.0,0.0,0.4673913043478261,0.0,0.0,0.5391863063795205,0.0,0.0,0.0,0.0
3828,38,1.1986842105263162,0.7368421052632047,1.1450676569335634,0.6606979346830817,0.014419119974675588,0.0,0.0,0.015829211315028204,0.0,0.0,0.5,0.0,0.0,0.5385339302065317,0.0,0.0,0.0,0.0
3829,51,1.1323529411764712,0.6862745098039299,1.1451885737521597,0.659449019009862,0.017085798816568232,0.0,0.0,0.01585116936147705,0.0,0.0,0.49019607843137253,0.0,0.0,0.5392650198231168,0.0,0.0,0.0,0.0
3830,47,0.9357446808510643,0.48936170212765173,1.1456245553409894,0.6588067893078577,0.013658385093168038,0.0,0.0,0.015866210228200523,0.0,0.0,0.4521276595744681,0.0,0.0,0.5400955381644476,0.0,0.0,0.0,0.0
3831,49,1.0934693877551025,0.5714285714285898,1.1454587062652557,0.6582587469487399,0.01627582017010846,0.0,0.0,0.015873920856971754,0.0,0.0,0.5408163265306123,0.0,0.0,0.5400223759153784,0.0,0.0,0.0,0.0
3832,52,1.0119230769230771,0.6153846153846264,1.145153947769535,0.6580632049588468,0.009973464746019147,0.0,0.0,0.01584482853161881,0.0,0.0,0.47596153846153844,0.0,0.0,0.539934965958744,0.0,0.0,0.0,0.0
3833,51,1.2511764705882358,0.5098039215686182,1.145125990652306,0.6563706563706576,0.01492282507015881,0.0,0.0,0.015805251901973887,0.0,0.0,0.7107843137254902,0.0,0.0,0.541023166023166,0.0,0.0,0.0,0.0
3834,44,1.264545454545455,0.7727272727272632,1.1473219546886104,0.6569135426191215,0.015029713668286811,0.0,0.0,0.015830265802805256,0.0,0.0,0.5511363636363636,0.0,0.0,0.5425683226658539,0.0,0.0,0.0,0.0
3835,45,1.3128888888888894,0.8222222222222388,1.1487838523176785,0.6575717618419732,0.021648955661414705,0.0,0.0,0.01584774447399982,0.0,0.0,0.6222222222222222,0.0,0.0,0.5434881833857389,0.0,0.0,0.0,0.0
3836,51,1.3005882352941183,0.6274509803921644,1.1485126229341978,0.6568995234715618,0.016357583230579363,0.0,0.0,0.01585218335600378,0.0,0.0,0.6617647058823529,0.0,0.0,0.5434958937442969,0.0,0.0,0.0,0.0
3837,43,0.8769767441860469,0.3488372093023244,1.1478183292781825,0.6555150040551514,0.007476209357652621,0.0,0.0,0.015787691767087914,0.0,0.0,0.6046511627906976,0.0,0.0,0.5439983779399837,0.0,0.0,0.0,0.0
3838,58,1.1336206896551728,0.5517241379310343,1.146425536220153,0.653986240388508,0.01430591818973042,0.0,0.0,0.015767658354669974,0.0,0.0,0.603448275862069,0.0,0.0,0.54416228247673,0.0,0.0,0.0,0.0
3839,65,0.9987692307692312,0.7384615384615169,1.1442816759212513,0.6523977788995469,0.01226757369614472,0.0,0.0,0.01572476244518103,0.0,0.0,0.4076923076923077,0.0,0.0,0.5435638566380616,0.0,0.0,0.0,0.0
3840,40,0.9387500000000004,0.5749999999999913,1.1435557577595785,0.6524112829845325,0.009657921810699861,0.0,0.0,0.01569394686964948,0.0,0.0,0.3875,0.0,0.0,0.5425639470225457,0.0,0.0,0.0,0.0
3841,41,1.0826829268292686,0.6341463414634215,1.1424706358849728,0.651782098015392,0.010808375943511172,0.0,0.0,0.015661426776877912,0.0,0.0,0.5487804878048781,0.0,0.0,0.5422742000810045,0.0,0.0,0.0,0.0
3842,57,1.0907017543859654,0.631578947368423,1.1411899220884338,0.6513204492563001,0.016202762574927292,0.0,0.0,0.01565354614850802,0.0,0.0,0.4956140350877193,0.0,0.0,0.5414853789335222,0.0,0.0,0.0,0.0
3843,52,1.5355769230769238,0.8269230769230762,1.1441050820004042,0.652156306944727,0.02424104432301095,0.0,0.0,0.01568933874568256,0.0,0.0,0.7259615384615384,0.0,0.0,0.5433539177971249,0.0,0.0,0.0,0.0
3844,50,1.3114000000000008,0.8800000000000249,1.143694396595399,0.6519404194953913,0.01672704081632703,0.0,0.0,0.01569015368875252,0.0,0.0,0.53,0.0,0.0,0.5431907994730976,0.0,0.0,0.0,0.0
3845,56,1.1444642857142864,0.5000000000000148,1.1431324691107951,0.6501924245493227,0.016629475869227174,0.0,0.0,0.015694535210640962,0.0,0.0,0.6339285714285714,0.0,0.0,0.5436246708527446,0.0,0.0,0.0,0.0
3846,48,0.9281250000000002,0.5208333333333143,1.142696321815786,0.6492045799979744,0.012801724137931748,0.0,0.0,0.01572187570577365,0.0,0.0,0.5104166666666666,0.0,0.0,0.5446600466105989,0.0,0.0,0.0,0.0
3847,53,0.8816981132075475,0.4716981132075502,1.1407140686721353,0.6468145447179183,0.008865490419275101,0.0,0.0,0.015684345832787914,0.0,0.0,0.4339622641509434,0.0,0.0,0.5443380937911476,0.0,0.0,0.0,0.0
3848,45,1.0462222222222228,0.7555555555555745,1.1400851236319407,0.6471422780705318,0.012392734930244707,0.0,0.0,0.015683004349280726,0.0,0.0,0.4222222222222222,0.0,0.0,0.5438792055127686,0.0,0.0,0.0,0.0
3849,50,1.2420000000000007,0.759999999999957,1.1389907792076193,0.6472793596109034,0.018699186991869798,0.0,0.0,0.01566488705678729,0.0,0.0,0.51,0.0,0.0,0.5429628128483129,0.0,0.0,0.0,0.0
3850,54,1.276296296296297,0.7592592592592536,1.139139556096077,0.6485253876558232,0.01673627974745021,0.0,0.0,0.015695759031433745,0.0,0.0,0.6018518518518519,0.0,0.0,0.5422620857403466,0.0,0.0,0.0,0.0
3851,40,0.8930000000000003,0.22500000000000134,1.1388186339186026,0.6471125545519137,0.014933110367892584,0.0,0.0,0.01571513604132152,0.0,0.0,0.5875,0.0,0.0,0.5429057139957374,0.0,0.0,0.0,0.0
3852,51,1.030588235294118,0.6274509803921229,1.1388115794819695,0.6472320975114276,0.015454278153485018,0.0,0.0,0.01574846505983144,0.0,0.0,0.43137254901960786,0.0,0.0,0.5424834941594718,0.0,0.0,0.0,0.0
3853,52,1.1169230769230774,0.6153846153846007,1.1391283145382496,0.6469572284872502,0.012923898531375108,0.0,0.0,0.015734946995573873,0.0,0.0,0.5384615384615384,0.0,0.0,0.5428477090317992,0.0,0.0,0.0,0.0
3854,49,1.2467346938775519,0.6938775510204269,1.139008935824532,0.6472380178716494,0.02096431022649255,0.0,0.0,0.015766979046162567,0.0,0.0,0.5,0.0,0.0,0.5421151502843217,0.0,0.0,0.0,0.0
3855,39,1.1851282051282057,0.5128205128205356,1.1382540166768345,0.6464307504575965,0.012404723564144226,0.0,0.0,0.015711183785756422,0.0,0.0,0.6923076923076923,0.0,0.0,0.5421242627618467,0.0,0.0,0.0,0.0
3856,44,1.327045454545455,0.6818181818181799,1.1395351912123668,0.6475793327908874,0.014019207683074101,0.0,0.0,0.015704419812061304,0.0,0.0,0.6477272727272727,0.0,0.0,0.5426413751017087,0.0,0.0,0.0,0.0
3857,46,0.8997826086956525,0.4565217391304365,1.1374062023385858,0.6468734112862232,0.01195897139555036,0.0,0.0,0.015668244268180156,0.0,0.0,0.5434782608695652,0.0,0.0,0.5419674631418404,0.0,0.0,0.0,0.0
3858,58,1.2281034482758626,0.5172413793103583,1.1382273466070694,0.6468915075172701,0.013033851784080366,0.0,0.0,0.015644207583972024,0.0,0.0,0.6896551724137931,0.0,0.0,0.5426909792767168,0.0,0.0,0.0,0.0
3859,56,1.0162500000000005,0.7142857142857129,1.1367109398763044,0.6474703437088114,0.012760089686098342,0.0,0.0,0.015603152534399988,0.0,0.0,0.5,0.0,0.0,0.5420004055561188,0.0,0.0,0.0,0.0
3860,55,1.1878181818181823,0.6545454545454251,1.137980155917788,0.6491849751948977,0.019374258600237112,0.0,0.0,0.015662954323124423,0.0,0.0,0.5590909090909091,0.0,0.0,0.5418143160878809,0.0,0.0,0.0,0.0
3861,43,1.1832558139534886,0.6511627906976827,1.1375347187024827,0.6489609731373549,0.011034482758620744,0.0,0.0,0.015629546578271165,0.0,0.0,0.5465116279069767,0.0,0.0,0.5412569690826153,0.0,0.0,0.0,0.0
3862,41,1.2292682926829275,0.5853658536585349,1.1375540664026793,0.6484922327139819,0.016231884057971144,0.0,0.0,0.01563909575024954,0.0,0.0,0.6219512195121951,0.0,0.0,0.5412224591329069,0.0,0.0,0.0,0.0
3863,43,0.7825581395348842,0.3255813953488428,1.1353187595322816,0.646771733604475,0.01170027816411577,0.0,0.0,0.015631059806422192,0.0,0.0,0.4941860465116279,0.0,0.0,0.5406456532791052,0.0,0.0,0.0,0.0
3864,46,1.2628260869565224,0.6086956521738961,1.1377462063346564,0.6476219574294746,0.021317431192660784,0.0,0.0,0.015696060786156787,0.0,0.0,0.5652173913043478,0.0,0.0,0.5417812404521846,0.0,0.0,0.0,0.0
3865,37,0.9497297297297301,0.5405405405404988,1.1363712306438458,0.6461898940505305,0.01072649572649494,0.0,0.0,0.015681996791794207,0.0,0.0,0.41216216216216217,0.0,0.0,0.5412082314588427,0.0,0.0,0.0,0.0
3866,53,1.0641509433962268,0.49056603773581325,1.135902890879478,0.6454600977198702,0.013463833850560615,0.0,0.0,0.015648621170795338,0.0,0.0,0.5566037735849056,0.0,0.0,0.5412255700325733,0.0,0.0,0.0,0.0
3867,41,1.1685365853658543,0.682926829268298,1.1370731458842698,0.6453748981255101,0.02031806615776122,0.0,0.0,0.015662155752818405,0.0,0.0,0.4634146341463415,0.0,0.0,0.5419468215158925,0.0,0.0,0.0,0.0
3868,51,1.115882352941177,0.6862745098039177,1.1370019342359756,0.6447113916318851,0.013703346978088383,0.0,0.0,0.015655427719186127,0.0,0.0,0.5,0.0,0.0,0.5420950829685433,0.0,0.0,0.0,0.0
3869,51,0.9000000000000004,0.705882352941182,1.1375779498675351,0.6461177909109443,0.010892263882295963,0.0,0.0,0.015671788032988257,0.0,0.0,0.35294117647058826,0.0,0.0,0.5414458936213572,0.0,0.0,0.0,0.0
3870,52,1.145384615384616,0.7884615384614987,1.1372449602932182,0.6456933414783144,0.013217931646692771,0.0,0.0,0.01566286617317743,0.0,0.0,0.5192307692307693,0.0,0.0,0.5416666666666666,0.0,0.0,0.0,0.0
3871,51,1.1845098039215691,0.725490196078439,1.1368559796437647,0.6458015267175575,0.014455611390285015,0.0,0.0,0.01564410587381755,0.0,0.0,0.5196078431372549,0.0,0.0,0.5412213740458015,0.0,0.0,0.0,0.0
3872,48,1.0016666666666671,0.9166666666666538,1.135696988196987,0.6468253968253971,0.012945611200861655,0.0,0.0,0.015624722652679264,0.0,0.0,0.2708333333333333,0.0,0.0,0.5396825396825397,0.0,0.0,0.0,0.0
3873,39,1.1297435897435903,0.717948717948706,1.13439454119564,0.6468072105102355,0.015193103448276218,0.0,0.0,0.015615420526027298,0.0,0.0,0.44871794871794873,0.0,0.0,0.5387004786638151,0.0,0.0,0.0,0.0
3874,44,1.1831818181818188,0.6363636363636386,1.1353040195878379,0.6460926341562947,0.015177842565597281,0.0,0.0,0.015614695556759161,0.0,0.0,0.5340909090909091,0.0,0.0,0.5393797184248112,0.0,0.0,0.0,0.0
3875,50,1.2750000000000008,0.9199999999999662,1.1351309754357342,0.6467230659463865,0.020684620376378533,0.0,0.0,0.015634262723368778,0.0,0.0,0.46,0.0,0.0,0.5385281826521252,0.0,0.0,0.0,0.0
3876,44,1.1818181818181825,0.49999999999999845,1.1347754643804846,0.6453357828128191,0.021784666945957615,0.0,0.0,0.015680816525704015,0.0,0.0,0.6761363636363636,0.0,0.0,0.5390640947132068,0.0,0.0,0.0,0.0
3877,49,1.1102040816326535,0.48979591836734043,1.135046452271566,0.6449208779989793,0.017953795379537823,0.0,0.0,0.015692063622005467,0.0,0.0,0.5816326530612245,0.0,0.0,0.5392036753445636,0.0,0.0,0.0,0.0
3878,59,1.4055932203389836,0.6779661016949006,1.1363012023639687,0.6461177909109438,0.017954102619615393,0.0,0.0,0.015716989721350372,0.0,0.0,0.7033898305084746,0.0,0.0,0.5392296718972895,0.0,0.0,0.0,0.0
3879,44,1.0281818181818188,0.7499999999999803,1.1346797878849673,0.6455231490923926,0.017860244769047583,0.0,0.0,0.01572734224486307,0.0,0.0,0.32954545454545453,0.0,0.0,0.538037935957577,0.0,0.0,0.0,0.0
3880,52,0.9821153846153852,0.6153846153846071,1.1335149724994897,0.6449378692198006,0.009666855953057187,0.0,0.0,0.015668235529318692,0.0,0.0,0.40384615384615385,0.0,0.0,0.53727846811978,0.0,0.0,0.0,0.0
3881,46,1.2010869565217397,0.7391304347825924,1.1334427231960855,0.6444150020383205,0.018337205443079447,0.0,0.0,0.015653034310075722,0.0,0.0,0.5108695652173914,0.0,0.0,0.5370974317162658,0.0,0.0,0.0,0.0
3882,41,1.2246341463414638,0.48780487804877565,1.134356516418518,0.6444013869059761,0.010753908759905709,0.0,0.0,0.01563934532253734,0.0,0.0,0.7195121951219512,0.0,0.0,0.5374770548643688,0.0,0.0,0.0,0.0
3883,54,0.8022222222222227,0.518518518518512,1.133074648174586,0.6437895166224761,0.01011440579033456,0.0,0.0,0.01564357871468699,0.0,0.0,0.3287037037037037,0.0,0.0,0.5366357332245564,0.0,0.0,0.0,0.0
3884,43,0.8660465116279077,0.5581395348837115,1.131119266055045,0.6425076452599389,0.012649456521739167,0.0,0.0,0.015619983389405833,0.0,0.0,0.313953488372093,0.0,0.0,0.5354485219164118,0.0,0.0,0.0,0.0
3885,54,1.2283333333333337,0.8148148148148529,1.1314485219164108,0.6433231396534149,0.016002412545235975,0.0,0.0,0.01562855618150766,0.0,0.0,0.49537037037037035,0.0,0.0,0.5354230377166157,0.0,0.0,0.0,0.0
3886,33,0.8878787878787883,0.3636363636363616,1.130968730839974,0.641528714490088,0.01164084227254667,0.0,0.0,0.015632354374382956,0.0,0.0,0.38636363636363635,0.0,0.0,0.5357142857142857,0.0,0.0,0.0,0.0
3887,50,0.9630000000000004,0.6400000000000027,1.1297874731787052,0.6420762235618679,0.01050392670157066,0.0,0.0,0.015573804664579322,0.0,0.0,0.345,0.0,0.0,0.5343567998365178,0.0,0.0,0.0,0.0
3888,43,1.1409302325581399,0.6976744186046604,1.1296524583461094,0.6419298783604214,0.01795754026354212,0.0,0.0,0.015583753195677716,0.0,0.0,0.5232558139534884,0.0,0.0,0.5344730655218236,0.0,0.0,0.0,0.0
3889,47,1.1861702127659581,0.5531914893617317,1.1313132345426662,0.6421052631578952,0.013362895493768191,0.0,0.0,0.015579427651411735,0.0,0.0,0.5851063829787234,0.0,0.0,0.534925907000511,0.0,0.0,0.0,0.0
3890,46,1.2208695652173918,0.869565217391302,1.1320253423257705,0.6434702636419379,0.015166081555495602,0.0,0.0,0.015598576724918446,0.0,0.0,0.46195652173913043,0.0,0.0,0.5347946045370938,0.0,0.0,0.0,0.0
3891,49,1.1514285714285721,0.5714285714285796,1.1310175546029793,0.6424780567462753,0.019873194786896496,0.0,0.0,0.015618183073798628,0.0,0.0,0.5612244897959183,0.0,0.0,0.5342416819759135,0.0,0.0,0.0,0.0
3892,47,1.3346808510638302,0.7234042553191529,1.132231750893312,0.6424706482899443,0.018658536585366006,0.0,0.0,0.015643876504583758,0.0,0.0,0.6702127659574468,0.0,0.0,0.5351710056151098,0.0,0.0,0.0,0.0
3893,41,1.3414634146341473,0.8780487804877988,1.1329462826797374,0.6434844771241837,0.02337441563960888,0.0,0.0,0.01566008811244288,0.0,0.0,0.6402439024390244,0.0,0.0,0.5356668709150327,0.0,0.0,0.0,0.0
3894,61,0.848524590163935,0.3934426229508232,1.1316016741527142,0.642609228256432,0.011421006178287714,0.0,0.0,0.015644645478152874,0.0,0.0,0.4098360655737705,0.0,0.0,0.534886688444263,0.0,0.0,0.0,0.0
3895,54,1.1340740740740745,0.7777777777778405,1.13152668639657,0.6436371058271262,0.011205855443733738,0.0,0.0,0.015598295528082432,0.0,0.0,0.4444444444444444,0.0,0.0,0.5338554954587202,0.0,0.0,0.0,0.0
3896,62,1.1011290322580651,0.5483870967741982,1.130266136433159,0.6437238707045998,0.012827884254039468,0.0,0.0,0.01558037841507589,0.0,0.0,0.5564516129032258,0.0,0.0,0.5330121341898644,0.0,0.0,0.0,0.0
3897,58,1.2829310344827594,0.689655172413808,1.1301536895674291,0.6435623409669222,0.014802068828326926,0.0,0.0,0.015550700524903512,0.0,0.0,0.6551724137931034,0.0,0.0,0.5335368956743003,0.0,0.0,0.0,0.0
3898,44,1.0902272727272733,0.6363636363636417,1.1302198473282434,0.6438676844783726,0.018687183482664665,0.0,0.0,0.015548671116581328,0.0,0.0,0.4715909090909091,0.0,0.0,0.5333333333333333,0.0,0.0,0.0,0.0
3899,48,1.0639583333333338,0.5833333333333571,1.1296508905852405,0.6428498727735381,0.016966777408637387,0.0,0.0,0.015560802237628906,0.0,0.0,0.4895833333333333,0.0,0.0,0.5334605597964377,0.0,0.0,0.0,0.0
3900,49,1.1138775510204086,0.6530612244897966,1.1306296484971972,0.6426897605705567,0.017337992376111132,0.0,0.0,0.015564324635160633,0.0,0.0,0.47959183673469385,0.0,0.0,0.5339021905247071,0.0,0.0,0.0,0.0
3901,52,1.0269230769230773,0.8461538461539048,1.1293861345821021,0.6425735518680664,0.011220844715277118,0.0,0.0,0.01550152374910749,0.0,0.0,0.3076923076923077,0.0,0.0,0.5328056601852794,0.0,0.0,0.0,0.0
3902,57,1.077368421052632,0.42105263157894807,1.1292726533929287,0.6418122714343779,0.013812415654520467,0.0,0.0,0.01548015156304614,0.0,0.0,0.6140350877192983,0.0,0.0,0.5330658268996343,0.0,0.0,0.0,0.0
3903,62,1.2017741935483879,0.7741935483871754,1.1303714227724773,0.6429876192409195,0.014535700351151157,0.0,0.0,0.015474472430224645,0.0,0.0,0.4959677419354839,0.0,0.0,0.5329054191191395,0.0,0.0,0.0,0.0
3904,43,1.1879069767441868,0.7906976744185863,1.130207001522069,0.643125317097922,0.0164138817480719,0.0,0.0,0.015470675250536492,0.0,0.0,0.43023255813953487,0.0,0.0,0.5327498731608321,0.0,0.0,0.0,0.0
3905,45,1.3122222222222226,0.7111111111110989,1.1302527405602911,0.6435241575314677,0.01575506937033116,0.0,0.0,0.015451739894844496,0.0,0.0,0.6444444444444445,0.0,0.0,0.5329882257409663,0.0,0.0,0.0,0.0
3906,57,1.1566666666666672,0.5614035087719458,1.131652473641524,0.6437550689375527,0.018087791495198822,0.0,0.0,0.01548144881225799,0.0,0.0,0.543859649122807,0.0,0.0,0.5333029197080292,0.0,0.0,0.0,0.0
3907,53,1.272075471698114,0.7169811320754693,1.131387001926391,0.6428064483422915,0.020719114935464394,0.0,0.0,0.015494879645636764,0.0,0.0,0.6037735849056604,0.0,0.0,0.533787894149853,0.0,0.0,0.0,0.0
3908,60,0.9928333333333337,0.6666666666666878,1.1311561044745893,0.6429439157724258,0.0119044764188649,0.0,0.0,0.015489016975655197,0.0,0.0,0.36666666666666664,0.0,0.0,0.5333822636161166,0.0,0.0,0.0,0.0
3909,57,1.3610526315789477,0.7894736842105092,1.1311015577584456,0.6429293951041898,0.014939341421143953,0.0,0.0,0.015486301730322326,0.0,0.0,0.6052631578947368,0.0,0.0,0.5333552498482703,0.0,0.0,0.0,0.0
3910,48,1.1300000000000006,0.6458333333333409,1.1306022876809387,0.6423727097884423,0.016511415525114644,0.0,0.0,0.015468141297558864,0.0,0.0,0.5520833333333334,0.0,0.0,0.5331258224516652,0.0,0.0,0.0,0.0
3911,47,1.5797872340425538,1.1063829787233825,1.133550900627403,0.6450111313499313,0.021147821133579884,0.0,0.0,0.015499711501341485,0.0,0.0,0.6595744680851063,0.0,0.0,0.5338241246711192,0.0,0.0,0.0,0.0
3912,34,0.9770588235294123,0.2941176470588296,1.1343103273538053,0.6449782101956035,0.015393883225208562,0.0,0.0,0.015514890065942411,0.0,0.0,0.6029411764705882,0.0,0.0,0.5342809364548495,0.0,0.0,0.0,0.0
3913,45,1.1531111111111114,0.9111111111110726,1.1342267936765298,0.6464329144710195,0.01215791940018709,0.0,0.0,0.015463317182753003,0.0,0.0,0.4,0.0,0.0,0.5332134171057965,0.0,0.0,0.0,0.0
3914,52,1.3761538461538467,0.769230769230719,1.1366518173534468,0.6486787486078787,0.01404789948959513,0.0,0.0,0.01545554917695388,0.0,0.0,0.6634615384615384,0.0,0.0,0.5338412473423104,0.0,0.0,0.0,0.0
3915,47,1.224893617021277,1.0000000000000053,1.1364451658719685,0.6502992796997072,0.014406906906907086,0.0,0.0,0.015449523975025753,0.0,0.0,0.40425531914893614,0.0,0.0,0.5328193162219742,0.0,0.0,0.0,0.0
3916,52,0.9469230769230775,0.44230769230769457,1.134802558115927,0.6485635976043054,0.0145551285840974,0.0,0.0,0.015435472089937403,0.0,0.0,0.47115384615384615,0.0,0.0,0.5322809867018576,0.0,0.0,0.0,0.0
3917,39,0.8753846153846155,0.46153846153847244,1.1320534444218648,0.646311725259095,0.010712268591151358,0.0,0.0,0.01538838806625683,0.0,0.0,0.46794871794871795,0.0,0.0,0.5316754724649462,0.0,0.0,0.0,0.0
3918,56,1.3289285714285721,0.7857142857143113,1.1333041975810547,0.6469153369244857,0.01970868644067778,0.0,0.0,0.015411784218600984,0.0,0.0,0.6607142857142857,0.0,0.0,0.5322187214147779,0.0,0.0,0.0,0.0
3919,47,1.2459574468085113,0.6808510638298211,1.1333370581064603,0.646789922795613,0.018799357945425352,0.0,0.0,0.015411074520811344,0.0,0.0,0.6063829787234043,0.0,0.0,0.5324563185696871,0.0,0.0,0.0,0.0
3920,53,1.1584905660377363,0.4528301886792486,1.1346553649375692,0.6463303217947431,0.015473790322580097,0.0,0.0,0.015425780915762941,0.0,0.0,0.6792452830188679,0.0,0.0,0.5337275403512334,0.0,0.0,0.0,0.0
3921,56,0.9358928571428574,0.6428571428571467,1.1338607338333666,0.6477802554226652,0.015515097690942415,0.0,0.0,0.015428442573662056,0.0,0.0,0.35714285714285715,0.0,0.0,0.5321052098114738,0.0,0.0,0.0,0.0
3922,57,1.0073684210526321,0.7017543859649176,1.1331875253138917,0.6485419198055907,0.015377611140867772,0.0,0.0,0.015448888201741546,0.0,0.0,0.42105263157894735,0.0,0.0,0.5311614013770758,0.0,0.0,0.0,0.0
3923,40,1.2805000000000004,0.7500000000000154,1.1341304788961033,0.6498579545454561,0.016427196921103147,0.0,0.0,0.015459797299166288,0.0,0.0,0.6625,0.0,0.0,0.5313260957792207,0.0,0.0,0.0,0.0
3924,55,1.089454545454546,0.7999999999999854,1.1341611009917019,0.6511839708561035,0.014138744690891696,0.0,0.0,0.015442797284505497,0.0,0.0,0.35454545454545455,0.0,0.0,0.5300040477636107,0.0,0.0,0.0,0.0
3925,54,1.1001851851851858,0.6296296296296527,1.1337376087396314,0.649807809022862,0.015495565988523056,0.0,0.0,0.015439365241168394,0.0,0.0,0.5370370370370371,0.0,0.0,0.5302953671859195,0.0,0.0,0.0,0.0
3926,52,1.068461538461539,0.8461538461538313,1.134150217633363,0.6516853932584283,0.012468581687612244,0.0,0.0,0.015411862611590237,0.0,0.0,0.33653846153846156,0.0,0.0,0.5291527482538718,0.0,0.0,0.0,0.0
3927,44,1.050454545454546,0.6818181818182292,1.1329539240506328,0.6521518987341788,0.01311577752553879,0.0,0.0,0.015377675271427233,0.0,0.0,0.5340909090909091,0.0,0.0,0.5280506329113924,0.0,0.0,0.0,0.0
3928,48,0.9806250000000006,0.7916666666666671,1.1335077951002224,0.6528649524195198,0.013111420612813354,0.0,0.0,0.015409331373585217,0.0,0.0,0.3541666666666667,0.0,0.0,0.52809273132213,0.0,0.0,0.0,0.0
3929,56,1.1708928571428578,0.7857142857142881,1.1337491148204346,0.6532119372787067,0.013654727197001892,0.0,0.0,0.015380628037290815,0.0,0.0,0.48214285714285715,0.0,0.0,0.5279210925644916,0.0,0.0,0.0,0.0
3930,47,1.2289361702127666,0.9361702127659712,1.1326210941450092,0.6535544544443338,0.021845688350983467,0.0,0.0,0.015395502785501907,0.0,0.0,0.48936170212765956,0.0,0.0,0.5271008190919203,0.0,0.0,0.0,0.0
3931,47,1.3331914893617027,0.914893617021351,1.1353099403377485,0.6554757811710002,0.01850014762326554,0.0,0.0,0.015448274723324143,0.0,0.0,0.5478723404255319,0.0,0.0,0.5282384467590252,0.0,0.0,0.0,0.0
3932,49,1.018367346938776,0.5306122448979296,1.1346645787027676,0.6552838957365146,0.014917787742900297,0.0,0.0,0.01542097357089502,0.0,0.0,0.4897959183673469,0.0,0.0,0.5277581329561527,0.0,0.0,0.0,0.0
3933,60,1.0305000000000004,0.600000000000014,1.1341159244673324,0.6539432495203494,0.01258754071661325,0.0,0.0,0.01539169426975053,0.0,0.0,0.49583333333333335,0.0,0.0,0.5280723013228314,0.0,0.0,0.0,0.0
3934,53,1.0409433962264156,0.5283018867924434,1.1359088612710917,0.6547438617762977,0.022930174563591463,0.0,0.0,0.015456422778311678,0.0,0.0,0.49528301886792453,0.0,0.0,0.5285692634131555,0.0,0.0,0.0,0.0
3935,44,1.2529545454545459,0.9090909090909055,1.1367347351395063,0.6556813586736775,0.01283884489986038,0.0,0.0,0.015460356350807142,0.0,0.0,0.5056818181818182,0.0,0.0,0.5284826122118884,0.0,0.0,0.0,0.0
3936,48,1.2514583333333338,0.8541666666666939,1.1367617602427917,0.6556398583712715,0.01737131289762906,0.0,0.0,0.015449358412950255,0.0,0.0,0.5,0.0,0.0,0.5287556904400607,0.0,0.0,0.0,0.0
3937,54,1.2544444444444451,0.7222222222222344,1.138774147870941,0.6563163750379306,0.016884346959122172,0.0,0.0,0.015480328991329739,0.0,0.0,0.5833333333333334,0.0,0.0,0.5295590168908668,0.0,0.0,0.0,0.0
3938,53,1.1932075471698118,0.6415094339622635,1.1389093298291715,0.6561204892348146,0.017302325581395085,0.0,0.0,0.015481132282867363,0.0,0.0,0.6320754716981132,0.0,0.0,0.5298948751642576,0.0,0.0,0.0,0.0
3939,43,1.272790697674419,0.7906976744186053,1.139222593379896,0.6563417349934226,0.016206692330471652,0.0,0.0,0.015471682031514208,0.0,0.0,0.5232558139534884,0.0,0.0,0.529836015791072,0.0,0.0,0.0,0.0
3940,53,0.9937735849056609,0.7735849056604039,1.1387958750379128,0.6565564654736653,0.015351209559894972,0.0,0.0,0.015480544575955324,0.0,0.0,0.3443396226415094,0.0,0.0,0.5292690324537458,0.0,0.0,0.0,0.0
3941,55,0.7223636363636367,0.4181818181818255,1.1362834900414511,0.6554443433424347,0.012537077942568088,0.0,0.0,0.015466670703412058,0.0,0.0,0.36363636363636365,0.0,0.0,0.5281569103225154,0.0,0.0,0.0,0.0
3942,45,1.2313333333333338,0.8222222222222456,1.1375807267942093,0.6563417349934227,0.020401325478645392,0.0,0.0,0.015508932206313615,0.0,0.0,0.5222222222222223,0.0,0.0,0.528849073792894,0.0,0.0,0.0,0.0
3943,53,0.9181132075471704,0.490566037735827,1.1373651725184655,0.6568855610644563,0.013509161576902283,0.0,0.0,0.01550397027363648,0.0,0.0,0.45754716981132076,0.0,0.0,0.528559141960943,0.0,0.0,0.0,0.0
3944,45,1.146444444444445,0.8444444444444792,1.1367149807419414,0.6580174336103817,0.025080213903744188,0.0,0.0,0.015533995240694013,0.0,0.0,0.43333333333333335,0.0,0.0,0.5276707885667951,0.0,0.0,0.0,0.0
3945,54,1.0261111111111116,0.7037037037036629,1.136919963573813,0.6587068703834891,0.0154646943901765,0.0,0.0,0.01553668886882384,0.0,0.0,0.37037037037037035,0.0,0.0,0.5269654963067895,0.0,0.0,0.0,0.0
3946,69,1.0773913043478267,0.6666666666666304,1.1364282832358275,0.6586645148275186,0.013225404732253337,0.0,0.0,0.01550738581307259,0.0,0.0,0.5108695652173914,0.0,0.0,0.5267803106717773,0.0,0.0,0.0,0.0
3947,55,1.1349090909090915,0.7636363636363717,1.136592465753424,0.6596494762288497,0.01680667743672627,0.0,0.0,0.015526612710145611,0.0,0.0,0.43636363636363634,0.0,0.0,0.5262892828364223,0.0,0.0,0.0,0.0
3948,43,1.3032558139534887,0.7441860465116498,1.1368855269793239,0.659102370146245,0.013854140914709606,0.0,0.0,0.015504050615501001,0.0,0.0,0.5697674418604651,0.0,0.0,0.5266767523953606,0.0,0.0,0.0,0.0
3949,48,0.8852083333333338,0.37500000000000083,1.136716131637391,0.6579850595598647,0.014571330589849201,0.0,0.0,0.015532576129598265,0.0,0.0,0.5364583333333334,0.0,0.0,0.5275842923480719,0.0,0.0,0.0,0.0
3950,43,1.0093023255813958,0.5813953488371844,1.135548263327948,0.657209208400648,0.01454911163258486,0.0,0.0,0.015508885588481496,0.0,0.0,0.46511627906976744,0.0,0.0,0.5267821082390953,0.0,0.0,0.0,0.0
3951,46,0.9906521739130439,0.9130434782608632,1.134735353535353,0.6573737373737392,0.013647798742138303,0.0,0.0,0.015503753151778044,0.0,0.0,0.2717391304347826,0.0,0.0,0.526060606060606,0.0,0.0,0.0,0.0
3952,58,1.214137931034483,0.7931034482758079,1.1344840108947845,0.6573186724503192,0.01631603336422539,0.0,0.0,0.015489804210540815,0.0,0.0,0.45689655172413796,0.0,0.0,0.5254463835367699,0.0,0.0,0.0,0.0
3953,63,1.3957142857142866,0.7936507936507962,1.1362552934059285,0.657995563621699,0.016571805503202995,0.0,0.0,0.015471629209626707,0.0,0.0,0.6349206349206349,0.0,0.0,0.5266182698124622,0.0,0.0,0.0,0.0
3954,50,1.3516000000000006,0.8400000000000085,1.1364656127278217,0.6583425636894583,0.018586358635863078,0.0,0.0,0.0154803667147646,0.0,0.0,0.59,0.0,0.0,0.5267344678280133,0.0,0.0,0.0,0.0
3955,48,1.1300000000000006,0.6666666666666593,1.135657907983489,0.6576059599315425,0.013645283018868333,0.0,0.0,0.015447964668424113,0.0,0.0,0.5208333333333334,0.0,0.0,0.5263012181616833,0.0,0.0,0.0,0.0
3956,41,1.2695121951219517,0.7317073170731723,1.1366068909933502,0.6592786620995377,0.014109514773651927,0.0,0.0,0.015416536282008012,0.0,0.0,0.6219512195121951,0.0,0.0,0.5260175297199274,0.0,0.0,0.0,0.0
3957,54,1.1881481481481486,0.8518518518518532,1.1367069121642013,0.6606298420364232,0.01679581151832506,0.0,0.0,0.015413400893065445,0.0,0.0,0.6064814814814815,0.0,0.0,0.5261092665258075,0.0,0.0,0.0,0.0
3958,41,1.1514634146341467,0.8780487804878271,1.1366572722697528,0.6619023653749382,0.014134730538922299,0.0,0.0,0.015388322922458062,0.0,0.0,0.4146341463414634,0.0,0.0,0.5251132360342224,0.0,0.0,0.0,0.0
3959,48,0.9389583333333338,0.7499999999999768,1.135538430542963,0.6620328397300302,0.01214824797843654,0.0,0.0,0.015344696155008459,0.0,0.0,0.3541666666666667,0.0,0.0,0.5245290621537222,0.0,0.0,0.0,0.0
3960,53,1.0900000000000005,0.45283018867924857,1.133718941756362,0.659792777386582,0.017426847662141344,0.0,0.0,0.015343302357115047,0.0,0.0,0.5094339622641509,0.0,0.0,0.523765214767126,0.0,0.0,0.0,0.0
3961,39,1.283589743589744,0.8717948717948634,1.1340801530560862,0.6610613231295955,0.015599875350576603,0.0,0.0,0.015343070207942806,0.0,0.0,0.5,0.0,0.0,0.5234115396234015,0.0,0.0,0.0,0.0
3962,53,1.155471698113208,0.6415094339622729,1.1341097683786496,0.659919436052368,0.014965786901271011,0.0,0.0,0.015337099385928244,0.0,0.0,0.5943396226415094,0.0,0.0,0.524269889224572,0.0,0.0,0.0,0.0
3963,54,1.3437037037037043,0.9259259259259807,1.1364114446907103,0.6628047551883958,0.014887156339762196,0.0,0.0,0.01533818044358266,0.0,0.0,0.6018518518518519,0.0,0.0,0.5245819061051783,0.0,0.0,0.0,0.0
3964,64,1.1471875000000005,0.7499999999999949,1.1363138319260144,0.663852030558908,0.016465575241085044,0.0,0.0,0.015339235239918753,0.0,0.0,0.515625,0.0,0.0,0.524225975070366,0.0,0.0,0.0,0.0
3965,45,1.1531111111111116,0.6222222222221957,1.1348839079304442,0.6629812041411212,0.012180751173709406,0.0,0.0,0.015310149942642681,0.0,0.0,0.5666666666666667,0.0,0.0,0.5237461051361946,0.0,0.0,0.0,0.0
3966,43,1.195581395348838,0.5116279069767524,1.1360431943746852,0.6617780010045218,0.02010559249120032,0.0,0.0,0.015333493321185115,0.0,0.0,0.6046511627906976,0.0,0.0,0.5249874434957308,0.0,0.0,0.0,0.0
3967,57,1.065964912280702,0.5614035087719164,1.135502056374761,0.6616511184672499,0.016421621621621477,0.0,0.0,0.015316903933611275,0.0,0.0,0.543859649122807,0.0,0.0,0.5249523522921056,0.0,0.0,0.0,0.0
3968,47,1.3170212765957452,0.7234042553191345,1.1372032961511398,0.6626469701537547,0.014762699737658704,0.0,0.0,0.01531325271858273,0.0,0.0,0.5851063829787234,0.0,0.0,0.5253994573409707,0.0,0.0,0.0,0.0
3969,54,1.2483333333333337,0.8148148148148608,1.1378854846810642,0.6635861376192884,0.018228772309356742,0.0,0.0,0.015321113574238984,0.0,0.0,0.5277777777777778,0.0,0.0,0.5255399296835761,0.0,0.0,0.0,0.0
3970,62,1.1575806451612909,0.6129032258064575,1.1380724826824609,0.6629856440116472,0.020845193145512503,0.0,0.0,0.0153306899414974,0.0,0.0,0.5483870967741935,0.0,0.0,0.5256751330187732,0.0,0.0,0.0,0.0
3971,52,1.2001923076923082,0.6538461538461368,1.1386653946575611,0.6633862221329601,0.01520711500974717,0.0,0.0,0.01531235567223319,0.0,0.0,0.5865384615384616,0.0,0.0,0.5258837115886724,0.0,0.0,0.0,0.0
3972,53,1.1079245283018873,0.6037735849056562,1.1376438108623625,0.6615801626342753,0.01372604020570346,0.0,0.0,0.01530312340058909,0.0,0.0,0.5566037735849056,0.0,0.0,0.5259512097178998,0.0,0.0,0.0,0.0
3973,45,0.9200000000000005,0.44444444444444736,1.1361700632466611,0.6591707659873524,0.01347217702570763,0.0,0.0,0.015280142035481899,0.0,0.0,0.5222222222222223,0.0,0.0,0.52615199277181,0.0,0.0,0.0,0.0
3974,46,1.1497826086956526,0.5217391304347805,1.1367557251908391,0.6595018079550037,0.012433004231312356,0.0,0.0,0.015283027021187563,0.0,0.0,0.6086956521739131,0.0,0.0,0.5265668943350743,0.0,0.0,0.0,0.0
3975,39,1.2879487179487183,0.8461538461538621,1.1384506334204698,0.6614719485220206,0.019356454720617398,0.0,0.0,0.015309232701613426,0.0,0.0,0.5384615384615384,0.0,0.0,0.527046048662779,0.0,0.0,0.0,0.0
3976,53,1.1711320754716985,0.7358490566037477,1.137780012065151,0.6613714055901884,0.01604705274043398,0.0,0.0,0.015311952847829824,0.0,0.0,0.5094339622641509,0.0,0.0,0.5267444198672834,0.0,0.0,0.0,0.0
3977,47,1.4587234042553194,0.9361702127659575,1.1392328601630919,0.6620356387798264,0.017378960709759247,0.0,0.0,0.015321686360368372,0.0,0.0,0.5425531914893617,0.0,0.0,0.5272827947246552,0.0,0.0,0.0,0.0
3978,53,1.3067924528301893,0.6792452830188715,1.1406714314475532,0.662170324139321,0.020139575457981514,0.0,0.0,0.015332883192517775,0.0,0.0,0.6698113207547169,0.0,0.0,0.528160861687135,0.0,0.0,0.0,0.0
3979,50,1.1018000000000006,0.7800000000000082,1.139555757026291,0.6621335750982186,0.018996551724137847,0.0,0.0,0.015347068184500707,0.0,0.0,0.45,0.0,0.0,0.527702226251637,0.0,0.0,0.0,0.0
3980,48,0.8068750000000003,0.5000000000000232,1.1365121435049876,0.661191172024591,0.0098424396442184,0.0,0.0,0.015300969266754618,0.0,0.0,0.4375,0.0,0.0,0.5264788874332359,0.0,0.0,0.0,0.0
3981,57,1.2528070175438601,0.8771929824561744,1.1374813845844227,0.6628094183940451,0.014037743267152009,0.0,0.0,0.015300196390794708,0.0,0.0,0.4824561403508772,0.0,0.0,0.526287985510163,0.0,0.0,0.0,0.0
3982,40,1.0262500000000006,0.5750000000000125,1.137725806451612,0.6641129032258085,0.01263076923077006,0.0,0.0,0.015276324231259662,0.0,0.0,0.5125,0.0,0.0,0.5257308467741936,0.0,0.0,0.0,0.0
3983,51,1.4264705882352946,0.9803921568627442,1.1393109700815949,0.6668681374030443,0.016809149722735676,0.0,0.0,0.01528333094600405,0.0,0.0,0.5784313725490197,0.0,0.0,0.5252593935730835,0.0,0.0,0.0,0.0
3984,37,1.2878378378378383,0.918918918918933,1.1385587404117874,0.6671376665320974,0.023300733496333093,0.0,0.0,0.015288860698762787,0.0,0.0,0.4527027027027027,0.0,0.0,0.5244751715785224,0.0,0.0,0.0,0.0
3985,42,1.1283333333333339,1.0000000000000226,1.137959369314735,0.6675763088740674,0.01347455217514977,0.0,0.0,0.015260895731166828,0.0,0.0,0.25,0.0,0.0,0.5237517687487366,0.0,0.0,0.0,0.0
3986,60,1.293333333333334,0.8500000000000678,1.1400919749343026,0.6701030927835079,0.017696693272521137,0.0,0.0,0.015283135949967053,0.0,0.0,0.49166666666666664,0.0,0.0,0.5238275722660198,0.0,0.0,0.0,0.0
3987,41,1.3673170731707323,0.9756097560975854,1.1425529113924038,0.6726075949367116,0.020201801801802366,0.0,0.0,0.015310651509867483,0.0,0.0,0.5975609756097561,0.0,0.0,0.5247341772151899,0.0,0.0,0.0,0.0
3988,45,1.3380000000000003,0.8444444444444416,1.1428998278132267,0.6741618555656871,0.014153737658673782,0.0,0.0,0.015300197831313263,0.0,0.0,0.6222222222222222,0.0,0.0,0.524283399169452,0.0,0.0,0.0,0.0
3989,50,1.0562000000000005,0.379999999999994,1.1425886165687653,0.673587198703669,0.015446036852881205,0.0,0.0,0.015299219709852532,0.0,0.0,0.635,0.0,0.0,0.5244075349402472,0.0,0.0,0.0,0.0
3990,50,0.9930000000000005,0.6400000000000154,1.1417919660022249,0.6735808964889232,0.013127974616604922,0.0,0.0,0.015271754576385008,0.0,0.0,0.425,0.0,0.0,0.5237529090357179,0.0,0.0,0.0,0.0
3991,59,1.182203389830509,0.7118644067796209,1.141008794096835,0.6735065197614499,0.016847826086956473,0.0,0.0,0.01526705167913228,0.0,0.0,0.5,0.0,0.0,0.5231224097846963,0.0,0.0,0.0,0.0
3992,47,1.0174468085106387,0.7234042553191651,1.1397239077669892,0.6734425566343064,0.011916272115624285,0.0,0.0,0.015247431384062584,0.0,0.0,0.4095744680851064,0.0,0.0,0.5220974919093851,0.0,0.0,0.0,0.0
3993,46,0.8669565217391308,0.3913043478260814,1.1381015474865974,0.6726003843430791,0.008357082984074067,0.0,0.0,0.015201419576045578,0.0,0.0,0.5543478260869565,0.0,0.0,0.5216951552543744,0.0,0.0,0.0,0.0
3994,43,0.898837209302326,0.418604651162784,1.1369962516462353,0.6713605511093124,0.01244766505636129,0.0,0.0,0.015168042922979246,0.0,0.0,0.48255813953488375,0.0,0.0,0.5214010738526998,0.0,0.0,0.0,0.0
3995,55,1.1714545454545462,0.5818181818181715,1.1372785258681775,0.6707502278019662,0.01957763597690771,0.0,0.0,0.015188379224740848,0.0,0.0,0.5545454545454546,0.0,0.0,0.5215652526070669,0.0,0.0,0.0,0.0
3996,48,1.2031250000000007,0.9583333333333063,1.138280680437423,0.6730457675172155,0.018878718535468686,0.0,0.0,0.015193382934295669,0.0,0.0,0.3541666666666667,0.0,0.0,0.5207827055488052,0.0,0.0,0.0,0.0
3997,54,1.027592592592593,0.6666666666666532,1.1367422555173101,0.6729094958493641,0.011062599681021653,0.0,0.0,0.01514503367888932,0.0,0.0,0.4212962962962963,0.0,0.0,0.5192852804211379,0.0,0.0,0.0,0.0
3998,47,1.2357446808510644,0.5957446808510577,1.1377532414910847,0.6723055105348479,0.01704225352112728,0.0,0.0,0.015136413559824605,0.0,0.0,0.6595744680851063,0.0,0.0,0.5203099675850892,0.0,0.0,0.0,0.0
3999,50,1.1148000000000005,0.6600000000000087,1.1378964958476796,0.6721693336034049,0.01453834115806011,0.0,0.0,0.0151569508541273,0.0,0.0,0.41,0.0,0.0,0.5200020255215718,0.0,0.0,0.0,0.0
4000,50,1.3648000000000005,0.4200000000000063,1.139369560817647,0.6705120420967436,0.0180576872188407,0.0,0.0,0.015162257737845207,0.0,0.0,0.84,0.0,0.0,0.5222121028131957,0.0,0.0,0.0,0.0
4001,43,1.1295348837209307,0.6046511627907039,1.1398166717309821,0.6701104021067579,0.016200800533688817,0.0,0.0,0.015165830215734321,0.0,0.0,0.5581395348837209,0.0,0.0,0.5226374962017624,0.0,0.0,0.0,0.0
4002,60,1.0880000000000005,0.5499999999999993,1.138787266296108,0.6685194542698355,0.0167771781033151,0.0,0.0,0.015171952293370514,0.0,0.0,0.5,0.0,0.0,0.5221829206670036,0.0,0.0,0.0,0.0
4003,57,1.1707017543859652,0.59649122807017,1.1379731231686356,0.6675760331413582,0.013324680511181141,0.0,0.0,0.015132893780374955,0.0,0.0,0.5614035087719298,0.0,0.0,0.5222036980903304,0.0,0.0,0.0,0.0
4004,44,1.300454545454546,0.5909090909091069,1.1382936949701432,0.6674425665418505,0.01619128466327134,0.0,0.0,0.015142023616079232,0.0,0.0,0.7954545454545454,0.0,0.0,0.5230492865094626,0.0,0.0,0.0,0.0
4005,43,1.2939534883720936,0.930232558139559,1.1402463253928012,0.6698428788646755,0.01492489270386244,0.0,0.0,0.015137995817329875,0.0,0.0,0.4941860465116279,0.0,0.0,0.5229599594526102,0.0,0.0,0.0,0.0
4006,46,1.4000000000000004,0.7173913043478425,1.1424085149518484,0.6699442473390801,0.022517482517481376,0.0,0.0,0.01517084576833149,0.0,0.0,0.7391304347826086,0.0,0.0,0.5245311708058794,0.0,0.0,0.0,0.0
4007,42,1.0292857142857148,0.6190476190476277,1.1425952260030459,0.6706957846622676,0.015362473347547789,0.0,0.0,0.015185860181304002,0.0,0.0,0.4642857142857143,0.0,0.0,0.5246317927882174,0.0,0.0,0.0,0.0
4008,56,1.3094642857142862,0.821428571428554,1.1420697012802261,0.6709002235318051,0.01543789473684214,0.0,0.0,0.015153527161149637,0.0,0.0,0.5580357142857143,0.0,0.0,0.5239534647429385,0.0,0.0,0.0,0.0
4009,51,0.8741176470588242,0.5098039215686062,1.1400284755415424,0.6701922099054232,0.01167015706806254,0.0,0.0,0.015114403980206872,0.0,0.0,0.38235294117647056,0.0,0.0,0.5229075561883454,0.0,0.0,0.0,0.0
4010,54,1.1200000000000003,0.481481481481497,1.1402653517690104,0.6710044733631584,0.013185088293002502,0.0,0.0,0.015098582713629578,0.0,0.0,0.6620370370370371,0.0,0.0,0.5231801545343636,0.0,0.0,0.0,0.0
4011,54,1.1220370370370374,0.6666666666666851,1.1399827288428312,0.6713400386061188,0.019320790816326816,0.0,0.0,0.01510885767106931,0.0,0.0,0.5462962962962963,0.0,0.0,0.5227064919231942,0.0,0.0,0.0,0.0
4012,47,0.8774468085106388,0.595744680851038,1.1388598719642298,0.6715780916573547,0.012724467756864751,0.0,0.0,0.015101340153121897,0.0,0.0,0.3723404255319149,0.0,0.0,0.5217965653896962,0.0,0.0,0.0,0.0
4013,42,1.0764285714285717,0.8571428571428845,1.1387102024209121,0.673074966941311,0.010941432720232527,0.0,0.0,0.015062093499490102,0.0,0.0,0.36904761904761907,0.0,0.0,0.5207506866036009,0.0,0.0,0.0,0.0
4014,47,1.2957446808510642,0.8510638297872817,1.1379916573405215,0.67321192389867,0.01625300240192254,0.0,0.0,0.015046247222207312,0.0,0.0,0.5425531914893617,0.0,0.0,0.5199918608200224,0.0,0.0,0.0,0.0
4015,51,1.0409803921568634,0.7843137254901938,1.1370955284552833,0.6732723577235801,0.021338424437299525,0.0,0.0,0.015072675789195794,0.0,0.0,0.4215686274509804,0.0,0.0,0.5196646341463415,0.0,0.0,0.0,0.0
4016,54,1.0322222222222226,0.6666666666666714,1.1380184846638215,0.6734714604915728,0.01376976284585032,0.0,0.0,0.01506911934198444,0.0,0.0,0.4074074074074074,0.0,0.0,0.5199319520617509,0.0,0.0,0.0,0.0
4017,55,1.0590909090909095,0.7272727272727176,1.1384765386959157,0.6735730245785116,0.014475646123259644,0.0,0.0,0.015064487560089643,0.0,0.0,0.43636363636363634,0.0,0.0,0.5200842981921593,0.0,0.0,0.0,0.0
4018,45,0.8031111111111113,0.6222222222222116,1.1376254826254812,0.6750660434870985,0.01122708915812349,0.0,0.0,0.015070686051097506,0.0,0.0,0.3277777777777778,0.0,0.0,0.5187461897988214,0.0,0.0,0.0,0.0
4019,57,1.0773684210526322,0.49122807017545195,1.1371150334753488,0.6739703793873022,0.013338401390096007,0.0,0.0,0.015044470361815781,0.0,0.0,0.5789473684210527,0.0,0.0,0.5189693649827551,0.0,0.0,0.0,0.0
4020,49,1.2365306122448987,0.6122448979591937,1.1376080340839916,0.6736660580239426,0.02788311090658092,0.0,0.0,0.015092090424372307,0.0,0.0,0.5918367346938775,0.0,0.0,0.5188172043010753,0.0,0.0,0.0,0.0
4021,48,1.588333333333334,0.9166666666666311,1.1395582859463838,0.6753655564581664,0.021820263308528553,0.0,0.0,0.01511371273041191,0.0,0.0,0.6875,0.0,0.0,0.5188870836718116,0.0,0.0,0.0,0.0
4022,42,1.3223809523809527,0.8571428571428673,1.1401636345157016,0.6759833316393966,0.014736004245157615,0.0,0.0,0.015080909150793393,0.0,0.0,0.6309523809523809,0.0,0.0,0.5194887691838601,0.0,0.0,0.0,0.0
4023,54,1.1801851851851854,0.7777777777777239,1.1408362935146645,0.6770526743123941,0.015543902439022818,0.0,0.0,0.0150870204213112,0.0,0.0,0.4074074074074074,0.0,0.0,0.518776007307419,0.0,0.0,0.0,0.0
4024,45,1.0457777777777781,0.6444444444444292,1.139271731412921,0.6761334820975775,0.0129677597134197,0.0,0.0,0.015057860812303618,0.0,0.0,0.45555555555555555,0.0,0.0,0.5183335023836089,0.0,0.0,0.0,0.0
4025,50,1.0012000000000003,0.48000000000000204,1.1371437259274264,0.6752483275897037,0.011251966734096704,0.0,0.0,0.015005162636422013,0.0,0.0,0.53,0.0,0.0,0.5176109872288668,0.0,0.0,0.0,0.0
4026,37,1.3167567567567573,0.8108108108108144,1.1378639497161382,0.6766017842660195,0.02012391573729787,0.0,0.0,0.015022512574651545,0.0,0.0,0.5945945945945946,0.0,0.0,0.5175131792376317,0.0,0.0,0.0,0.0
4027,62,1.031935483870968,0.6774193548386357,1.1375981781376507,0.6763157894736854,0.011414808206957202,0.0,0.0,0.015002042189226855,0.0,0.0,0.4717741935483871,0.0,0.0,0.5174595141700404,0.0,0.0,0.0,0.0
4028,56,1.0787500000000005,0.517857142857144,1.137030713275408,0.6751869064457476,0.013002582866982021,0.0,0.0,0.014992120508923207,0.0,0.0,0.6071428571428571,0.0,0.0,0.518033946251768,0.0,0.0,0.0,0.0
4029,38,0.8789473684210531,0.4736842105263123,1.1360627212948902,0.6743550834597886,0.013649366571312016,0.0,0.0,0.01497829943314438,0.0,0.0,0.3815789473684211,0.0,0.0,0.517653009610521,0.0,0.0,0.0,0.0
4030,68,1.1855882352941183,0.7058823529411775,1.1373531193216222,0.6754492226933182,0.01912239089184007,0.0,0.0,0.015007232805769192,0.0,0.0,0.5,0.0,0.0,0.517842721582879,0.0,0.0,0.0,0.0
4031,60,1.0940000000000005,0.5666666666666527,1.1373076535242501,0.675305031763639,0.010003047851264917,0.0,0.0,0.014958144124262617,0.0,0.0,0.5791666666666667,0.0,0.0,0.5181002319249773,0.0,0.0,0.0,0.0
4032,38,0.928947368421053,0.8421052631579258,1.1371665151974137,0.6762597192769876,0.010276564774382024,0.0,0.0,0.014971728653571322,0.0,0.0,0.20394736842105263,0.0,0.0,0.5171160254468343,0.0,0.0,0.0,0.0
4033,51,1.0327450980392163,0.7254901960784111,1.1360416035544774,0.6773704937897614,0.014390710382513034,0.0,0.0,0.014969177403237811,0.0,0.0,0.4264705882352941,0.0,0.0,0.515651822679996,0.0,0.0,0.0,0.0
4034,46,1.107826086956522,0.5652173913043367,1.1353397274103978,0.6764260474507832,0.010694648478489648,0.0,0.0,0.014941816742003306,0.0,0.0,0.5489130434782609,0.0,0.0,0.5156486622917719,0.0,0.0,0.0,0.0
4035,48,1.2233333333333338,0.6666666666666409,1.1349596285829622,0.6757165926524026,0.014280155642023,0.0,0.0,0.01491393293147925,0.0,0.0,0.6041666666666666,0.0,0.0,0.51559345983044,0.0,0.0,0.0,0.0
4036,49,1.0053061224489803,0.5714285714285635,1.1334655764183312,0.6754492226933175,0.01795843966460063,0.0,0.0,0.014917250459350643,0.0,0.0,0.47959183673469385,0.0,0.0,0.5146628306077125,0.0,0.0,0.0,0.0
4037,55,1.1861818181818187,0.6181818181817883,1.1348699334543246,0.6765476910667476,0.016693961105424395,0.0,0.0,0.014976428933533997,0.0,0.0,0.6272727272727273,0.0,0.0,0.5148971566848155,0.0,0.0,0.0,0.0
4038,43,0.9469767441860469,0.3255813953488425,1.134061395536705,0.6757548217711806,0.015205377147124097,0.0,0.0,0.014981357693503148,0.0,0.0,0.5930232558139535,0.0,0.0,0.5147177622942543,0.0,0.0,0.0,0.0
4039,46,1.0089130434782614,0.5869565217391226,1.1343686766491288,0.6749291784702554,0.016284210526316584,0.0,0.0,0.015005547399146425,0.0,0.0,0.44565217391304346,0.0,0.0,0.5151001618777823,0.0,0.0,0.0,0.0
4040,54,1.1583333333333339,0.5925925925925531,1.135289957567184,0.6748838149121036,0.011862317466338092,0.0,0.0,0.015011181139808346,0.0,0.0,0.6481481481481481,0.0,0.0,0.5163416851889271,0.0,0.0,0.0,0.0
4041,55,0.9238181818181822,0.5090909090908982,1.134334140435834,0.674132364810331,0.012057427622211554,0.0,0.0,0.015017610783649835,0.0,0.0,0.45,0.0,0.0,0.5158393866020985,0.0,0.0,0.0,0.0
4042,50,1.1212000000000004,0.5199999999999714,1.1345189298334162,0.6735991923271073,0.013398661567876708,0.0,0.0,0.015002496542222283,0.0,0.0,0.67,0.0,0.0,0.5167339727410398,0.0,0.0,0.0,0.0
4043,45,1.1166666666666674,0.6666666666666523,1.1323307738937147,0.672762174176601,0.023382968822708603,0.0,0.0,0.01498588698085685,0.0,0.0,0.43333333333333335,0.0,0.0,0.5152556071933724,0.0,0.0,0.0,0.0
4044,43,1.2300000000000004,0.790697674418621,1.1318501668183185,0.6722272773228184,0.015964382734681794,0.0,0.0,0.014981091526113245,0.0,0.0,0.5697674418604651,0.0,0.0,0.5154180568193307,0.0,0.0,0.0,0.0
4045,46,1.5158695652173917,0.95652173913048,1.1335664406436583,0.6745268697500251,0.017162195422102205,0.0,0.0,0.014984448014897811,0.0,0.0,0.6521739130434783,0.0,0.0,0.5153830583948993,0.0,0.0,0.0,0.0
4046,58,1.090172413793104,0.5517241379310203,1.134308967748457,0.6745526235972094,0.01326132550335528,0.0,0.0,0.014983620043777826,0.0,0.0,0.5775862068965517,0.0,0.0,0.5157719138610858,0.0,0.0,0.0,0.0
4047,35,0.9660000000000005,0.7142857142856922,1.135068368277118,0.6757824369492552,0.014485861182518952,0.0,0.0,0.015025300196824009,0.0,0.0,0.32142857142857145,0.0,0.0,0.5155221310645194,0.0,0.0,0.0,0.0
4048,47,1.1095744680851067,0.5744680851063507,1.1353518987341757,0.674936708860759,0.013910376100292783,0.0,0.0,0.01503310565652178,0.0,0.0,0.5585106382978723,0.0,0.0,0.5161518987341772,0.0,0.0,0.0,0.0
4049,43,1.4274418604651167,0.6976744186046554,1.1360843129306837,0.6746047831374136,0.01649556570814264,0.0,0.0,0.015024082209184211,0.0,0.0,0.7558139534883721,0.0,0.0,0.5172274017024726,0.0,0.0,0.0,0.0
4050,56,1.161964285714286,0.7142857142856885,1.1354640324214778,0.6743667679837888,0.013687421119057455,0.0,0.0,0.01500613258706801,0.0,0.0,0.45535714285714285,0.0,0.0,0.5164133738601824,0.0,0.0,0.0,0.0
4051,48,0.6575000000000003,0.06250000000000534,1.1341233043126122,0.6732132010528442,0.008146618482188847,0.0,0.0,0.014970854402976302,0.0,0.0,0.5625,0.0,0.0,0.5163494634541406,0.0,0.0,0.0,0.0
4052,53,1.1613207547169815,0.547169811320737,1.1348036437246947,0.6727732793522263,0.01534147557328027,0.0,0.0,0.014970644512186168,0.0,0.0,0.5943396226415094,0.0,0.0,0.5172064777327935,0.0,0.0,0.0,0.0
4053,40,1.0932500000000005,0.37500000000000155,1.1347294284556124,0.6718686663964326,0.013147925435959754,0.0,0.0,0.01497483801512528,0.0,0.0,0.625,0.0,0.0,0.5175314146736928,0.0,0.0,0.0,0.0
4054,48,0.9925000000000005,0.7499999999999787,1.1334813013073866,0.67213945474815,0.01182720953326685,0.0,0.0,0.014934601378879357,0.0,0.0,0.3385416666666667,0.0,0.0,0.5167477450086145,0.0,0.0,0.0,0.0
4055,65,1.1730769230769236,0.5076923076923157,1.133537855049023,0.6716870514505201,0.012475458115183653,0.0,0.0,0.014927141915860798,0.0,0.0,0.676923076923077,0.0,0.0,0.5171080562013545,0.0,0.0,0.0,0.0
4056,53,1.2245283018867932,0.5660377358490011,1.133165017168247,0.6710765501918797,0.015906862745097568,0.0,0.0,0.014937497503893924,0.0,0.0,0.6320754716981132,0.0,0.0,0.5171430014138558,0.0,0.0,0.0,0.0
4057,47,1.2812765957446812,0.7234042553191341,1.1349520347369466,0.6723215187316967,0.01266456361724481,0.0,0.0,0.014936834187416273,0.0,0.0,0.6276595744680851,0.0,0.0,0.5175451883267697,0.0,0.0,0.0,0.0
4058,50,1.0010000000000003,0.6000000000000084,1.1337291561394625,0.6728650833754413,0.011169381834412035,0.0,0.0,0.014928208335551177,0.0,0.0,0.52,0.0,0.0,0.5165487620010106,0.0,0.0,0.0,0.0
4059,41,0.9402439024390247,0.5609756097561066,1.1335921052631561,0.6721659919028332,0.013156996587030912,0.0,0.0,0.014934182278818587,0.0,0.0,0.4634146341463415,0.0,0.0,0.5164220647773279,0.0,0.0,0.0,0.0
4060,44,1.2247727272727278,0.7727272727272758,1.1336964231431739,0.672712534197993,0.014271716101695264,0.0,0.0,0.014910895390708922,0.0,0.0,0.5227272727272727,0.0,0.0,0.5162123822069106,0.0,0.0,0.0,0.0
4061,51,1.2631372549019613,0.9411764705882428,1.1341490331072168,0.6741925685937018,0.019368610944076922,0.0,0.0,0.014954550248374988,0.0,0.0,0.4215686274509804,0.0,0.0,0.5155917788802268,0.0,0.0,0.0,0.0
4062,45,1.1380000000000001,0.6222222222222156,1.1337718854366947,0.6743244610869338,0.012493291046596841,0.0,0.0,0.014935812058453762,0.0,0.0,0.5444444444444444,0.0,0.0,0.5152818540633539,0.0,0.0,0.0,0.0
4063,41,0.590487804878049,0.4878048780487352,1.1330458548436058,0.6750683267537191,0.007281203007518322,0.0,0.0,0.01491429850555355,0.0,0.0,0.25609756097560976,0.0,0.0,0.5142980058710396,0.0,0.0,0.0,0.0
4064,46,0.9871739130434787,0.9130434782608517,1.1317623241218728,0.6764854742382823,0.01372732769044713,0.0,0.0,0.014885840006923234,0.0,0.0,0.25,0.0,0.0,0.5128302459763134,0.0,0.0,0.0,0.0
4065,40,1.3972500000000003,0.9000000000000099,1.1335185185185166,0.6778992106860952,0.015814940577249883,0.0,0.0,0.014908345344997636,0.0,0.0,0.6,0.0,0.0,0.5135600080955273,0.0,0.0,0.0,0.0
4066,46,1.3023913043478266,0.9130434782608979,1.1346774683544285,0.6799999999999995,0.017672566371682005,0.0,0.0,0.014928892524721757,0.0,0.0,0.5108695652173914,0.0,0.0,0.5133164556962025,0.0,0.0,0.0,0.0
4067,47,1.1040425531914897,0.638297872340413,1.1343912559457525,0.679789494990385,0.012313716184148445,0.0,0.0,0.014897356494464472,0.0,0.0,0.5319148936170213,0.0,0.0,0.513611982592855,0.0,0.0,0.0,0.0
4068,49,0.9026530612244902,0.5306122448979488,1.1333373823261443,0.6790160947464311,0.012880023296447413,0.0,0.0,0.014894737332228283,0.0,0.0,0.3673469387755102,0.0,0.0,0.5129567770017208,0.0,0.0,0.0,0.0
4069,54,1.081481481481482,0.8148148148148332,1.134258247318355,0.6796195102206025,0.012679114198871001,0.0,0.0,0.01490359441710558,0.0,0.0,0.49074074074074076,0.0,0.0,0.5136612021857924,0.0,0.0,0.0,0.0
4070,58,1.2541379310344833,0.44827586206897224,1.1349029126213572,0.6776901294498379,0.015686866508518308,0.0,0.0,0.014918520527403131,0.0,0.0,0.6982758620689655,0.0,0.0,0.5147148058252428,0.0,0.0,0.0,0.0
4071,40,1.3557500000000005,0.7500000000000064,1.135541156221523,0.6777361547028445,0.01706956248032766,0.0,0.0,0.014930192808421616,0.0,0.0,0.6,0.0,0.0,0.5150349296345044,0.0,0.0,0.0,0.0
4072,45,1.0400000000000003,0.66666666666666,1.135756532307067,0.6765242049827827,0.011592766906118409,0.0,0.0,0.01492207282428632,0.0,0.0,0.4388888888888889,0.0,0.0,0.5158750253190196,0.0,0.0,0.0,0.0
4073,50,1.2516000000000005,0.7799999999999894,1.1363662114314597,0.6768841679312084,0.015551689860834729,0.0,0.0,0.01492439471261224,0.0,0.0,0.49,0.0,0.0,0.5160091047040971,0.0,0.0,0.0,0.0
4074,46,1.2730434782608702,0.6086956521739154,1.1367937695964376,0.6767472438555675,0.017028205873799853,0.0,0.0,0.014932852200438993,0.0,0.0,0.6847826086956522,0.0,0.0,0.5167138666936381,0.0,0.0,0.0,0.0
4075,56,1.1532142857142862,0.7321428571428504,1.1361882138886061,0.6758313959365204,0.01856280540385204,0.0,0.0,0.014926082077908307,0.0,0.0,0.5,0.0,0.0,0.5169058930556959,0.0,0.0,0.0,0.0
4076,49,1.055510204081633,0.6530612244897902,1.1355859769650414,0.6765003030915333,0.012897755610971924,0.0,0.0,0.014893611664687945,0.0,0.0,0.4897959183673469,0.0,0.0,0.5160638512830875,0.0,0.0,0.0,0.0
4077,56,1.033928571428572,0.5714285714285668,1.1351367995961616,0.6768298838970214,0.014392244593586673,0.0,0.0,0.01487867234984076,0.0,0.0,0.48214285714285715,0.0,0.0,0.515547703180212,0.0,0.0,0.0,0.0
4078,50,1.1282000000000005,0.6599999999999484,1.1334892886014531,0.6767380759902986,0.014456688877498299,0.0,0.0,0.014857675332863569,0.0,0.0,0.49,0.0,0.0,0.5142987065481003,0.0,0.0,0.0,0.0
4079,62,1.076612903225807,0.6774193548386933,1.1336009683276156,0.6764171878152102,0.013090802118062418,0.0,0.0,0.01483574247884574,0.0,0.0,0.4274193548387097,0.0,0.0,0.5145753479927375,0.0,0.0,0.0,0.0
4080,44,1.3497727272727276,0.8636363636363292,1.1353563496870565,0.6775691500100942,0.015567496723459886,0.0,0.0,0.014875552534051458,0.0,0.0,0.5454545454545454,0.0,0.0,0.5152937613567535,0.0,0.0,0.0,0.0
4081,40,1.2097500000000003,0.5999999999999932,1.1353515151515132,0.6769696969696963,0.018582949308756123,0.0,0.0,0.014874525741312502,0.0,0.0,0.6375,0.0,0.0,0.5158080808080808,0.0,0.0,0.0,0.0
4082,57,1.1094736842105268,0.8070175438596245,1.1348336022589733,0.6784993949173047,0.013319292333613557,0.0,0.0,0.014890212403338769,0.0,0.0,0.3684210526315789,0.0,0.0,0.5141185962081485,0.0,0.0,0.0,0.0
4083,56,0.9408928571428579,0.5714285714285742,1.1355495059487781,0.6787658802177852,0.016068923452271813,0.0,0.0,0.01492243563243978,0.0,0.0,0.3794642857142857,0.0,0.0,0.514367816091954,0.0,0.0,0.0,0.0
4084,54,1.128333333333334,0.7037037037037126,1.1366774096082164,0.6794239097592905,0.021097645429363557,0.0,0.0,0.014954934064070235,0.0,0.0,0.5185185185185185,0.0,0.0,0.5152583341726257,0.0,0.0,0.0,0.0
4085,39,1.1471794871794878,0.7179487179487251,1.1362194875933005,0.6788380068589865,0.016484893146646654,0.0,0.0,0.014954682498695648,0.0,0.0,0.47435897435897434,0.0,0.0,0.515205769618721,0.0,0.0,0.0,0.0
4086,47,1.013829787234043,0.46808510638297984,1.1364655519742124,0.6788879935535851,0.013487121426549837,0.0,0.0,0.014958866805346202,0.0,0.0,0.48404255319148937,0.0,0.0,0.5154865028203062,0.0,0.0,0.0,0.0
4087,38,1.0321052631578953,0.5263157894736853,1.1369402985074608,0.6784993949173047,0.01939663699307609,0.0,0.0,0.014997971251637978,0.0,0.0,0.4868421052631579,0.0,0.0,0.5162363856393707,0.0,0.0,0.0,0.0
4088,45,1.079555555555556,0.5333333333333461,1.136662633595481,0.6777576124218585,0.017449712643678294,0.0,0.0,0.014996295296156838,0.0,0.0,0.5555555555555556,0.0,0.0,0.5163843516838073,0.0,0.0,0.0,0.0
4089,50,1.1912000000000005,0.5599999999999953,1.1367029533313153,0.6777542586432812,0.016772740073217846,0.0,0.0,0.015013765999313042,0.0,0.0,0.67,0.0,0.0,0.5168329805463159,0.0,0.0,0.0,0.0
4090,43,1.133023255813954,0.6511627906976377,1.1362966323855597,0.6767493446259317,0.015032397408207084,0.0,0.0,0.015013095073161902,0.0,0.0,0.6046511627906976,0.0,0.0,0.5174682395644283,0.0,0.0,0.0,0.0
4091,57,1.1698245614035094,0.7894736842105025,1.1364144670562142,0.6779165827120682,0.0206823821339944,0.0,0.0,0.01501906000806872,0.0,0.0,0.4692982456140351,0.0,0.0,0.5169756195849284,0.0,0.0,0.0,0.0
4092,47,1.1076595744680855,0.6382978723404467,1.1353395123916967,0.6775136006447703,0.014154431756389411,0.0,0.0,0.014998542652372684,0.0,0.0,0.5425531914893617,0.0,0.0,0.5163711464839814,0.0,0.0,0.0,0.0
4093,49,1.0269387755102044,0.6938775510203777,1.1339540970404653,0.6767666599557066,0.013977777777777723,0.0,0.0,0.014967473279724483,0.0,0.0,0.4846938775510204,0.0,0.0,0.5157036440507349,0.0,0.0,0.0,0.0
4094,65,0.9753846153846157,0.4769230769230767,1.134668947474339,0.6771986315153944,0.011690945970864626,0.0,0.0,0.014965222434416323,0.0,0.0,0.5384615384615384,0.0,0.0,0.5165023143489635,0.0,0.0,0.0,0.0
4095,51,0.9819607843137259,0.7450980392156666,1.1338882737795655,0.6770005032712616,0.014150890081943965,0.0,0.0,0.014988723710278519,0.0,0.0,0.35294117647058826,0.0,0.0,0.5160543532964268,0.0,0.0,0.0,0.0
4096,49,1.0797959183673473,0.6122448979591767,1.1338258415641989,0.6774843781495651,0.014519758507134621,0.0,0.0,0.015001780239738952,0.0,0.0,0.47959183673469385,0.0,0.0,0.5156218504333804,0.0,0.0,0.0,0.0
4097,44,1.0506818181818185,0.5909090909090842,1.1325837706903494,0.6770286637060944,0.017491486946651483,0.0,0.0,0.015011926182083302,0.0,0.0,0.5568181818181818,0.0,0.0,0.514987888574889,0.0,0.0,0.0,0.0
4098,52,1.3701923076923082,1.0384615384615472,1.1340177490923744,0.6791044776119388,0.022300469483568692,0.0,0.0,0.01503044204116058,0.0,0.0,0.5096153846153846,0.0,0.0,0.5151522791448164,0.0,0.0,0.0,0.0
4099,52,0.9819230769230772,0.4807692307692203,1.13355947580645,0.6785282258064499,0.012139800285306625,0.0,0.0,0.015006439008245937,0.0,0.0,0.5480769230769231,0.0,0.0,0.5154485887096775,0.0,0.0,0.0,0.0
4100,47,0.9963829787234049,0.4042553191489348,1.1330066545674515,0.6773543053034868,0.018717026378896943,0.0,0.0,0.01500903574629388,0.0,0.0,0.5372340425531915,0.0,0.0,0.515728977616455,0.0,0.0,0.0,0.0
4101,51,1.3264705882352945,0.7058823529411652,1.1345578299889063,0.6766159120701803,0.016238598175707775,0.0,0.0,0.015039981285924339,0.0,0.0,0.6421568627450981,0.0,0.0,0.5174700010083695,0.0,0.0,0.0,0.0
4102,48,1.004791666666667,0.5416666666666564,1.134258175211948,0.6774323778764612,0.01394333622434232,0.0,0.0,0.0150422091437306,0.0,0.0,0.4791666666666667,0.0,0.0,0.5167289059345983,0.0,0.0,0.0,0.0
4103,46,0.8767391304347832,0.5217391304347826,1.1326374848362295,0.6761019005256746,0.013708361658736276,0.0,0.0,0.01504042667153514,0.0,0.0,0.45108695652173914,0.0,0.0,0.5165537808329964,0.0,0.0,0.0,0.0
4104,41,1.141219512195122,0.5853658536585199,1.1324327603640023,0.6752275025278031,0.018806270096463063,0.0,0.0,0.015047272287570286,0.0,0.0,0.5304878048780488,0.0,0.0,0.5169868554095045,0.0,0.0,0.0,0.0
4105,47,0.9021276595744685,0.7234042553191392,1.1305206227254332,0.6752931661949022,0.012938663411657109,0.0,0.0,0.015034416281051956,0.0,0.0,0.35106382978723405,0.0,0.0,0.5156186817630408,0.0,0.0,0.0,0.0
4106,51,1.0011764705882358,0.5098039215686662,1.1297026097511618,0.6750960954885671,0.01442780446453731,0.0,0.0,0.01501656519587806,0.0,0.0,0.5294117647058824,0.0,0.0,0.5155270078899454,0.0,0.0,0.0,0.0
4107,46,1.153260869565218,0.673913043478273,1.1290484866889345,0.6748658771130657,0.015332369942196052,0.0,0.0,0.014993090784935215,0.0,0.0,0.5869565217391305,0.0,0.0,0.5153861726895435,0.0,0.0,0.0,0.0
4108,56,1.2278571428571434,0.6785714285714077,1.130436455696201,0.674936708860757,0.0229123625458183,0.0,0.0,0.01504595440815924,0.0,0.0,0.6607142857142857,0.0,0.0,0.517113924050633,0.0,0.0,0.0,0.0
4109,57,1.18421052631579,0.6491228070175286,1.1294156962025304,0.6741265822784783,0.018987341772152222,0.0,0.0,0.01506562941970273,0.0,0.0,0.5745614035087719,0.0,0.0,0.5169367088607595,0.0,0.0,0.0,0.0
4110,48,1.2862500000000006,0.7083333333333423,1.1301751898734165,0.6744303797468327,0.015316298685190705,0.0,0.0,0.015060583855910413,0.0,0.0,0.6354166666666666,0.0,0.0,0.5173417721518987,0.0,0.0,0.0,0.0
4111,39,1.2810256410256413,0.8974358974359193,1.128629776021079,0.6732542819499318,0.013344017094017656,0.0,0.0,0.015023081945628593,0.0,0.0,0.5448717948717948,0.0,0.0,0.5167730819904733,0.0,0.0,0.0,0.0
4112,61,1.1860655737704924,0.8196721311475801,1.1295047503537485,0.675459874671516,0.017577745383868887,0.0,0.0,0.015036153007817233,0.0,0.0,0.430327868852459,0.0,0.0,0.5159440064685669,0.0,0.0,0.0,0.0
4113,50,1.0164000000000004,0.5200000000000022,1.1288261440549539,0.6736033942822488,0.016031545741324187,0.0,0.0,0.015056957522381465,0.0,0.0,0.585,0.0,0.0,0.51681988079604,0.0,0.0,0.0,0.0
4114,53,1.0675471698113213,0.754716981132079,1.1271989898989887,0.6735353535353518,0.02017112299465208,0.0,0.0,0.015083294699010472,0.0,0.0,0.42452830188679247,0.0,0.0,0.5155555555555555,0.0,0.0,0.0,0.0
4115,45,1.1866666666666672,0.8444444444444343,1.1270054556476041,0.6727621741765994,0.01546033584250125,0.0,0.0,0.015088712175419756,0.0,0.0,0.4777777777777778,0.0,0.0,0.5159123055162659,0.0,0.0,0.0,0.0
4116,45,1.0286666666666668,0.7777777777777333,1.1275048023455656,0.6744515215852775,0.009408536585365298,0.0,0.0,0.015053425985168144,0.0,0.0,0.4166666666666667,0.0,0.0,0.5156960873521383,0.0,0.0,0.0,0.0
4117,56,1.2276785714285718,0.44642857142856973,1.1290633831247465,0.6740008074283387,0.02054078279055939,0.0,0.0,0.015096882852585298,0.0,0.0,0.75,0.0,0.0,0.5172083165119096,0.0,0.0,0.0,0.0
4118,49,1.088163265306123,0.6938775510204213,1.1277305322694668,0.6734673265326714,0.014053769109119634,0.0,0.0,0.015068041715698444,0.0,0.0,0.45408163265306123,0.0,0.0,0.5160842339157661,0.0,0.0,0.0,0.0
4119,47,1.3557446808510645,0.7872340425531779,1.1282516917483072,0.6739723260276715,0.015128205128204737,0.0,0.0,0.01505272108156035,0.0,0.0,0.5851063829787234,0.0,0.0,0.5159832340167659,0.0,0.0,0.0,0.0
4120,53,1.0686792452830194,0.6792452830188076,1.1277709322290665,0.6751843248156725,0.010961873427520297,0.0,0.0,0.015022036506877322,0.0,0.0,0.5141509433962265,0.0,0.0,0.515099484900515,0.0,0.0,0.0,0.0
4121,67,1.1205970149253734,0.6567164179104249,1.1288064971751404,0.6752421307506024,0.011297020764369508,0.0,0.0,0.014986645771384168,0.0,0.0,0.5447761194029851,0.0,0.0,0.5161924939467313,0.0,0.0,0.0,0.0
4122,51,1.285882352941177,0.980392156862745,1.130313951140722,0.6766606097314729,0.016196591751049472,0.0,0.0,0.01499125044350276,0.0,0.0,0.47058823529411764,0.0,0.0,0.5165051483949121,0.0,0.0,0.0,0.0
4123,40,1.2995000000000005,0.8500000000000181,1.1303906723198054,0.6770644054108592,0.018079999999999836,0.0,0.0,0.014997147265392703,0.0,0.0,0.55625,0.0,0.0,0.5160761154855643,0.0,0.0,0.0,0.0
4124,53,1.1381132075471703,0.7169811320754734,1.1306593295638119,0.67659531502423,0.014594725381079011,0.0,0.0,0.014999792377439052,0.0,0.0,0.47641509433962265,0.0,0.0,0.5167609046849758,0.0,0.0,0.0,0.0
4125,49,0.9571428571428574,0.653061224489798,1.1299666632993222,0.6767350237397688,0.011701596806387342,0.0,0.0,0.014979543899260898,0.0,0.0,0.3673469387755102,0.0,0.0,0.5159106980503081,0.0,0.0,0.0,0.0
4126,47,0.9765957446808515,0.680851063829781,1.1295613503133204,0.6758641600970259,0.013273568536726746,0.0,0.0,0.014986637129336226,0.0,0.0,0.4148936170212766,0.0,0.0,0.5163735597331717,0.0,0.0,0.0,0.0
4127,51,1.0107843137254906,0.6274509803921648,1.1293010806989185,0.6755883244116726,0.012081087415045788,0.0,0.0,0.01497886039015843,0.0,0.0,0.47058823529411764,0.0,0.0,0.516058983941016,0.0,0.0,0.0,0.0
4128,57,1.1124561403508777,0.5964912280701804,1.1299243188698276,0.6745711402623584,0.014930539204143565,0.0,0.0,0.014987558942771139,0.0,0.0,0.5789473684210527,0.0,0.0,0.517204843592331,0.0,0.0,0.0,0.0
4129,45,1.1202222222222227,0.5777777777777835,1.1296484493383163,0.6735023739771666,0.017800141242938217,0.0,0.0,0.015006837521958574,0.0,0.0,0.6222222222222222,0.0,0.0,0.5178805939993939,0.0,0.0,0.0,0.0
4130,51,1.5472549019607849,0.960784313725525,1.13132788044027,0.6737352317479525,0.016686403045041532,0.0,0.0,0.014993268543623315,0.0,0.0,0.6666666666666666,0.0,0.0,0.5187821872159951,0.0,0.0,0.0,0.0
4131,45,1.0902222222222226,0.4000000000000162,1.1301828098171895,0.6713463286536683,0.012261934516370667,0.0,0.0,0.01496277338296882,0.0,0.0,0.6222222222222222,0.0,0.0,0.5191142308857691,0.0,0.0,0.0,0.0
4132,47,1.3810638297872346,1.063829787234005,1.131927467420951,0.6739064551974916,0.02165832499165785,0.0,0.0,0.01498981945247115,0.0,0.0,0.5,0.0,0.0,0.5191686028891808,0.0,0.0,0.0,0.0
4133,52,1.2032692307692314,0.7307692307692168,1.1329178040643002,0.6746537256091364,0.01534330554193206,0.0,0.0,0.015007553537707406,0.0,0.0,0.5384615384615384,0.0,0.0,0.5194115862905672,0.0,0.0,0.0,0.0
4134,52,1.1198076923076927,0.7307692307692473,1.133341759352881,0.6757330637007046,0.01436004932182513,0.0,0.0,0.014978571972648014,0.0,0.0,0.49038461538461536,0.0,0.0,0.5193882709807887,0.0,0.0,0.0,0.0
4135,56,1.108571428571429,0.7499999999999761,1.1326701676428998,0.6751161381539053,0.014545454545453975,0.0,0.0,0.014988380220047476,0.0,0.0,0.44642857142857145,0.0,0.0,0.5190365582710563,0.0,0.0,0.0,0.0
4136,49,0.9983673469387762,0.5918367346938951,1.131429869736443,0.6738362112491133,0.01530663329161479,0.0,0.0,0.014978724143785467,0.0,0.0,0.4489795918367347,0.0,0.0,0.5187821872159951,0.0,0.0,0.0,0.0
4137,51,1.112352941176471,0.5490196078431665,1.1306606060606055,0.6729292929292899,0.013918056918547786,0.0,0.0,0.014962725322318677,0.0,0.0,0.49019607843137253,0.0,0.0,0.5182828282828282,0.0,0.0,0.0,0.0
4138,52,1.1394230769230775,0.9230769230769191,1.1303717547226986,0.6744115567228982,0.014493639921722158,0.0,0.0,0.014948739392514362,0.0,0.0,0.3557692307692308,0.0,0.0,0.51681988079604,0.0,0.0,0.0,0.0
4139,48,1.2650000000000003,0.7291666666666438,1.1304058966074306,0.6741720516962812,0.017196261682242874,0.0,0.0,0.014953665241050252,0.0,0.0,0.5416666666666666,0.0,0.0,0.5169123586429726,0.0,0.0,0.0,0.0
4140,46,1.1610869565217397,0.7826086956521942,1.131280185914923,0.6741436799029978,0.016155474894132587,0.0,0.0,0.01495715089164885,0.0,0.0,0.44565217391304346,0.0,0.0,0.517505304637769,0.0,0.0,0.0,0.0
4141,52,1.1488461538461543,0.6538461538461842,1.1336456438245397,0.6754598746715151,0.013302159875306951,0.0,0.0,0.014957466471257355,0.0,0.0,0.4807692307692308,0.0,0.0,0.5181675763088741,0.0,0.0,0.0,0.0
4142,46,0.8782608695652179,0.5652173913043455,1.1320141485598783,0.6742799393633117,0.015303030303030528,0.0,0.0,0.014938963967868887,0.0,0.0,0.40217391304347827,0.0,0.0,0.5176099039919151,0.0,0.0,0.0,0.0
4143,40,0.8765000000000004,0.8250000000000209,1.1321270997773725,0.6758753288807905,0.013557617942769091,0.0,0.0,0.014941071359411947,0.0,0.0,0.2375,0.0,0.0,0.5167982189840113,0.0,0.0,0.0,0.0
4144,45,1.2704444444444452,0.5333333333333414,1.132691762801052,0.6744586116170785,0.026739943872778574,0.0,0.0,0.014946906530923997,0.0,0.0,0.6944444444444444,0.0,0.0,0.5179872495446266,0.0,0.0,0.0,0.0
4145,47,1.3842553191489368,0.7872340425532021,1.1344718987341769,0.674835443037972,0.017997233748271422,0.0,0.0,0.014959153425023356,0.0,0.0,0.648936170212766,0.0,0.0,0.5194177215189874,0.0,0.0,0.0,0.0
4146,43,1.4313953488372098,1.0232558139535113,1.1361681388973495,0.676413849121736,0.014428035630567753,0.0,0.0,0.014969159047281431,0.0,0.0,0.5465116279069767,0.0,0.0,0.5195958980607168,0.0,0.0,0.0,0.0
4147,47,0.9302127659574471,0.6595744680850751,1.1351915455746362,0.6758459506147724,0.011925804691761833,0.0,0.0,0.014945103458609192,0.0,0.0,0.39361702127659576,0.0,0.0,0.5194594045320597,0.0,0.0,0.0,0.0
4148,44,1.0890909090909098,0.8181818181817914,1.134251168461694,0.6761837024994893,0.02083478260869558,0.0,0.0,0.014969185466482147,0.0,0.0,0.3522727272727273,0.0,0.0,0.5184921763869133,0.0,0.0,0.0,0.0
4149,52,1.257692307692308,0.7307692307692399,1.1361172049563268,0.6779402803168775,0.013317043372022394,0.0,0.0,0.014959886164705435,0.0,0.0,0.5769230769230769,0.0,0.0,0.5187131830184847,0.0,0.0,0.0,0.0
4150,39,1.0951282051282054,0.6410256410256372,1.1365088396667338,0.6782158097947547,0.011395410885805621,0.0,0.0,0.014943674917703384,0.0,0.0,0.5128205128205128,0.0,0.0,0.518923999187157,0.0,0.0,0.0,0.0
4151,48,1.423333333333334,0.7708333333333545,1.1385889882161715,0.6775700934579415,0.020728155339806327,0.0,0.0,0.014974928821367348,0.0,0.0,0.6302083333333334,0.0,0.0,0.5206216984965462,0.0,0.0,0.0,0.0
4152,56,1.4478571428571436,0.8214285714285964,1.1399034749034742,0.677707782970939,0.01735073828375765,0.0,0.0,0.014982025196774685,0.0,0.0,0.6785714285714286,0.0,0.0,0.5218959561064824,0.0,0.0,0.0,0.0
4153,47,1.171914893617022,0.8723404255319166,1.1384164461632398,0.6778953796051272,0.01998548621190126,0.0,0.0,0.014989199706274894,0.0,0.0,0.3617021276595745,0.0,0.0,0.5204050478322817,0.0,0.0,0.0,0.0
4154,47,1.2480851063829792,0.7234042553191627,1.137856052122569,0.6772879975567526,0.02145574250182892,0.0,0.0,0.014995371451110462,0.0,0.0,0.6436170212765957,0.0,0.0,0.5206403339102107,0.0,0.0,0.0,0.0
4155,53,1.2079245283018876,0.49056603773585683,1.1382722832722827,0.6763329263329244,0.029515905947440853,0.0,0.0,0.015044945452198059,0.0,0.0,0.6650943396226415,0.0,0.0,0.5214183964183964,0.0,0.0,0.0,0.0
4156,49,1.0391836734693882,0.7142857142857254,1.1372315982106542,0.6762911752745,0.02340073529411816,0.0,0.0,0.015074098281124722,0.0,0.0,0.41836734693877553,0.0,0.0,0.520485969906466,0.0,0.0,0.0,0.0
4157,57,1.1607017543859655,0.49122807017544406,1.1370881187112505,0.6742555137717229,0.017360272894253043,0.0,0.0,0.015076976359956123,0.0,0.0,0.618421052631579,0.0,0.0,0.5205813598942982,0.0,0.0,0.0,0.0
4158,45,1.1364444444444448,0.5333333333333403,1.1370252971654977,0.6727623691963812,0.012807412972702404,0.0,0.0,0.015069011806936594,0.0,0.0,0.6277777777777778,0.0,0.0,0.5215127501777913,0.0,0.0,0.0,0.0
4159,57,1.331754385964913,0.7368421052631883,1.139116930572472,0.6727568006496126,0.017458601655933204,0.0,0.0,0.015097566783302863,0.0,0.0,0.6403508771929824,0.0,0.0,0.5230156313438896,0.0,0.0,0.0,0.0
4160,43,1.196976744186047,0.5581395348837345,1.1396342206868515,0.6734403576508824,0.01427343316694368,0.0,0.0,0.01508318675466766,0.0,0.0,0.622093023255814,0.0,0.0,0.5235216419426946,0.0,0.0,0.0,0.0
4161,58,1.126724137931035,0.5689655172413792,1.1389889463543246,0.6720413751140842,0.017380319148936372,0.0,0.0,0.01509256509522575,0.0,0.0,0.5818965517241379,0.0,0.0,0.5239580164283542,0.0,0.0,0.0,0.0
4162,33,1.5772727272727276,0.7575757575757356,1.1403698811096428,0.6724926328625123,0.020695825049702427,0.0,0.0,0.015112240473362588,0.0,0.0,0.8333333333333334,0.0,0.0,0.5246164007722792,0.0,0.0,0.0,0.0
4163,48,0.8935416666666671,0.5416666666666824,1.1380488052872388,0.6704626334519553,0.01067446490791437,0.0,0.0,0.015089680294871831,0.0,0.0,0.46875,0.0,0.0,0.5239196746314184,0.0,0.0,0.0,0.0
4164,51,1.083333333333334,0.5490196078431165,1.137705151700264,0.6693137853797577,0.0150915050532644,0.0,0.0,0.015081409221699775,0.0,0.0,0.5294117647058824,0.0,0.0,0.5240022398696803,0.0,0.0,0.0,0.0
4165,48,1.2031250000000007,0.7500000000000063,1.1379541984732817,0.6699236641221356,0.01581758422350048,0.0,0.0,0.015101730423495184,0.0,0.0,0.59375,0.0,0.0,0.524147582697201,0.0,0.0,0.0,0.0
4166,39,1.3430769230769235,0.8205128205128424,1.1385164443539346,0.6712147439160964,0.01617665225447837,0.0,0.0,0.015089160886345853,0.0,0.0,0.6025641025641025,0.0,0.0,0.5241065064657366,0.0,0.0,0.0,0.0
4167,43,1.0904651162790702,0.6279069767441843,1.1387274395839697,0.671663097787293,0.016315240083507248,0.0,0.0,0.015087260907275662,0.0,0.0,0.5,0.0,0.0,0.523885999796064,0.0,0.0,0.0,0.0
4168,59,1.1852542372881363,0.8135593220339149,1.1381535797942754,0.6722680517364277,0.016911729141475387,0.0,0.0,0.015099292562447983,0.0,0.0,0.5084745762711864,0.0,0.0,0.5235003564517772,0.0,0.0,0.0,0.0
4169,52,1.0592307692307699,0.4230769230769293,1.1371294692879688,0.6701640012223675,0.014108606557376918,0.0,0.0,0.015078436722487716,0.0,0.0,0.6346153846153846,0.0,0.0,0.5240653967607212,0.0,0.0,0.0,0.0
4170,55,1.184727272727273,0.8181818181817829,1.1372670744138624,0.6713557594291519,0.012763956904994515,0.0,0.0,0.015035754524234366,0.0,0.0,0.4772727272727273,0.0,0.0,0.5236493374108053,0.0,0.0,0.0,0.0
4171,52,1.203461538461539,0.5769230769230957,1.1372844036697236,0.670948012232414,0.017869788692175172,0.0,0.0,0.015048192478574364,0.0,0.0,0.6442307692307693,0.0,0.0,0.5239551478083588,0.0,0.0,0.0,0.0
4172,43,1.1020930232558144,0.604651162790699,1.1372887755102032,0.6710204081632634,0.011615196078431755,0.0,0.0,0.015036926406225537,0.0,0.0,0.6046511627906976,0.0,0.0,0.5241326530612245,0.0,0.0,0.0,0.0
4173,59,0.9645762711864411,0.6779661016949173,1.1372467902995709,0.6721010800896658,0.013287415363062813,0.0,0.0,0.01503331025546392,0.0,0.0,0.4067796610169492,0.0,0.0,0.5234359078866925,0.0,0.0,0.0,0.0
4174,47,0.7689361702127664,0.38297872340425715,1.135424350483952,0.6714212939378483,0.007613229408047034,0.0,0.0,0.015000787447150166,0.0,0.0,0.44148936170212766,0.0,0.0,0.5226439123790118,0.0,0.0,0.0,0.0
4175,41,1.2695121951219517,0.7804878048779925,1.1353784251808074,0.6711826423550961,0.012716833618372631,0.0,0.0,0.014973045586743757,0.0,0.0,0.6097560975609756,0.0,0.0,0.5229448915147193,0.0,0.0,0.0,0.0
4176,52,1.1938461538461544,0.9423076923076764,1.1354951100244486,0.6722697636511796,0.02095881161377416,0.0,0.0,0.014991304628519992,0.0,0.0,0.4326923076923077,0.0,0.0,0.5225397310513448,0.0,0.0,0.0,0.0
4177,54,1.2225925925925933,0.5925925925926082,1.1344273643489757,0.6705690725847481,0.02078061063896778,0.0,0.0,0.015003386151917703,0.0,0.0,0.6342592592592593,0.0,0.0,0.5230581288811972,0.0,0.0,0.0,0.0
4178,47,1.4342553191489367,0.7872340425532086,1.1349322603646723,0.6710807782418234,0.023341412742382352,0.0,0.0,0.01501203212158774,0.0,0.0,0.6702127659574468,0.0,0.0,0.5229703575430376,0.0,0.0,0.0,0.0
4179,52,1.448653846153847,0.7500000000000238,1.136762399429676,0.6709440879926653,0.02216240070609008,0.0,0.0,0.01502919834814232,0.0,0.0,0.6778846153846154,0.0,0.0,0.5241623383236582,0.0,0.0,0.0,0.0
4180,49,1.1542857142857148,0.9387755102040577,1.1384623217922596,0.6731160896130325,0.014432253125796787,0.0,0.0,0.015053530336101285,0.0,0.0,0.40816326530612246,0.0,0.0,0.5240071283095723,0.0,0.0,0.0,0.0
4181,52,1.142307692307693,0.7307692307692234,1.1378186449312266,0.6722363728986223,0.014541003671970771,0.0,0.0,0.015057674597963202,0.0,0.0,0.5288461538461539,0.0,0.0,0.5242740703005604,0.0,0.0,0.0,0.0
4182,42,1.1721428571428578,0.5714285714285786,1.1384200876031363,0.6722012834878247,0.013633342564386313,0.0,0.0,0.01506137284339276,0.0,0.0,0.6190476190476191,0.0,0.0,0.524727513496995,0.0,0.0,0.0,0.0
4183,49,1.328163265306123,0.7346938775510296,1.137870606214976,0.6709118695873638,0.017176035893374766,0.0,0.0,0.01506197714580102,0.0,0.0,0.6632653061224489,0.0,0.0,0.5251400916963831,0.0,0.0,0.0,0.0
4184,47,1.1682978723404263,0.8510638297871852,1.1374513994910929,0.6708396946564857,0.01928696873902303,0.0,0.0,0.015055484079565093,0.0,0.0,0.46808510638297873,0.0,0.0,0.5251399491094147,0.0,0.0,0.0,0.0
4185,51,0.8349019607843142,0.5686274509803586,1.1359212934716276,0.6689038031319879,0.013556192295446945,0.0,0.0,0.01505663093452158,0.0,0.0,0.3431372549019608,0.0,0.0,0.5253711612772015,0.0,0.0,0.0,0.0
4186,51,1.0407843137254909,0.6078431372548693,1.1344661577608128,0.6674809160305306,0.012498234047562342,0.0,0.0,0.015026376064850156,0.0,0.0,0.4803921568627451,0.0,0.0,0.5253435114503817,0.0,0.0,0.0,0.0
4187,37,1.0464864864864871,0.6756756756756601,1.1331626107321033,0.6662254352917178,0.01592760180995481,0.0,0.0,0.015009960522074272,0.0,0.0,0.4594594594594595,0.0,0.0,0.5247938091844008,0.0,0.0,0.0,0.0
4188,34,1.3300000000000003,0.8823529411764705,1.132905198776757,0.6661569826707402,0.015512864493996846,0.0,0.0,0.015016862859551786,0.0,0.0,0.5441176470588235,0.0,0.0,0.5244138634046891,0.0,0.0,0.0,0.0
4189,49,0.8757142857142861,0.6734693877551,1.1320114180854302,0.6676521561830933,0.011306982872199764,0.0,0.0,0.01499586745608154,0.0,0.0,0.30612244897959184,0.0,0.0,0.5227597104699766,0.0,0.0,0.0,0.0
4190,39,1.180769230769231,0.8205128205128437,1.1329148805878735,0.668401714635636,0.014422173504542127,0.0,0.0,0.01500293968575768,0.0,0.0,0.44871794871794873,0.0,0.0,0.5229638701775873,0.0,0.0,0.0,0.0
4191,49,0.9316326530612248,0.3061224489795842,1.1316101348590095,0.6663261136084966,0.011717145790554127,0.0,0.0,0.014975305253565581,0.0,0.0,0.5663265306122449,0.0,0.0,0.5233193706579485,0.0,0.0,0.0,0.0
4192,39,1.4974358974358981,0.9230769230769041,1.133617586912064,0.6670756646216732,0.022163187855788156,0.0,0.0,0.015017588821176434,0.0,0.0,0.6282051282051282,0.0,0.0,0.5242842535787321,0.0,0.0,0.0,0.0
4193,38,1.0978947368421057,0.7894736842105438,1.1347339336880868,0.6688497748669632,0.012952499223843138,0.0,0.0,0.015051703402461194,0.0,0.0,0.42105263157894735,0.0,0.0,0.5237413016782644,0.0,0.0,0.0,0.0
4194,51,1.0458823529411772,0.6078431372549202,1.1353077709611439,0.6696319018404873,0.016805293005671174,0.0,0.0,0.01507023213454379,0.0,0.0,0.4362745098039216,0.0,0.0,0.5234662576687117,0.0,0.0,0.0,0.0
4195,56,1.281071428571429,0.6607142857142658,1.13593906553522,0.6700746344954468,0.017150370547453123,0.0,0.0,0.015061918518347749,0.0,0.0,0.6160714285714286,0.0,0.0,0.523821695123198,0.0,0.0,0.0,0.0
4196,57,1.4343859649122812,0.8421052631578719,1.1373472931562805,0.6696629213483112,0.0203332504352141,0.0,0.0,0.015074807920121783,0.0,0.0,0.6578947368421053,0.0,0.0,0.5254341164453524,0.0,0.0,0.0,0.0
4197,49,1.0695918367346944,0.6734693877551132,1.137613694430249,0.6696985181400069,0.015905918057663424,0.0,0.0,0.01510583468131527,0.0,0.0,0.5102040816326531,0.0,0.0,0.5259325498211548,0.0,0.0,0.0,0.0
4198,62,0.7809677419354843,0.6451612903225576,1.1348867346938765,0.6698979591836701,0.010202275600505422,0.0,0.0,0.015065371517740721,0.0,0.0,0.2661290322580645,0.0,0.0,0.5236479591836735,0.0,0.0,0.0,0.0
4199,40,1.2222500000000003,0.9250000000000023,1.135346271705821,0.6709908069458597,0.01507554733271692,0.0,0.0,0.015068155536967947,0.0,0.0,0.4375,0.0,0.0,0.523876404494382,0.0,0.0,0.0,0.0
4200,52,0.9598076923076928,0.8846153846154367,1.1332424428104564,0.6734068627450949,0.01272565017848105,0.0,0.0,0.015040390678156709,0.0,0.0,0.2403846153846154,0.0,0.0,0.5207567401960784,0.0,0.0,0.0,0.0
4201,54,0.9659259259259264,0.4444444444444385,1.1323370396817287,0.6724472100377404,0.010185510642452583,0.0,0.0,0.015002088072040445,0.0,0.0,0.4675925925925926,0.0,0.0,0.52029990819137,0.0,0.0,0.0,0.0
4202,50,1.2318000000000007,0.7600000000000106,1.1331165117941375,0.6736444399060524,0.01505499877780556,0.0,0.0,0.01499304839640213,0.0,0.0,0.49,0.0,0.0,0.5202695803124681,0.0,0.0,0.0,0.0
4203,55,0.910545454545455,0.581818181818177,1.1316474313144713,0.6735777755081166,0.011980861244018901,0.0,0.0,0.01498731889694011,0.0,0.0,0.41818181818181815,0.0,0.0,0.519456643856603,0.0,0.0,0.0,0.0
4204,43,1.276744186046512,0.7906976744186239,1.1315260469867199,0.6744637385086794,0.015753228120516594,0.0,0.0,0.01498517396244786,0.0,0.0,0.6046511627906976,0.0,0.0,0.5185903983656792,0.0,0.0,0.0,0.0
4205,53,1.024716981132076,0.7547169811320995,1.130235714285713,0.6737755102040787,0.011876230045921997,0.0,0.0,0.014966267388205352,0.0,0.0,0.38207547169811323,0.0,0.0,0.5179591836734694,0.0,0.0,0.0,0.0
4206,48,1.2618750000000005,0.7499999999999702,1.1296143644154242,0.673944093042233,0.01539263024142171,0.0,0.0,0.014939392303955901,0.0,0.0,0.5625,0.0,0.0,0.5171393593144257,0.0,0.0,0.0,0.0
4207,60,1.1681666666666672,0.7666666666666803,1.1302790224032573,0.6747454175152718,0.021632716049382134,0.0,0.0,0.014967030121927807,0.0,0.0,0.48333333333333334,0.0,0.0,0.5171588594704685,0.0,0.0,0.0,0.0
4208,49,0.9197959183673472,0.6734693877550999,1.1282054417609282,0.6739019667787597,0.012073399410661422,0.0,0.0,0.01494942402395989,0.0,0.0,0.2755102040816326,0.0,0.0,0.5157189442576174,0.0,0.0,0.0,0.0
4209,66,1.0366666666666673,0.6060606060606115,1.1289092389092377,0.6742979242979213,0.012760164117865614,0.0,0.0,0.014950485843761846,0.0,0.0,0.49242424242424243,0.0,0.0,0.5162545787545788,0.0,0.0,0.0,0.0
4210,45,1.3906666666666672,0.6222222222222098,1.130157857215601,0.6751196659537599,0.021014103425118884,0.0,0.0,0.014985806925572043,0.0,0.0,0.7444444444444445,0.0,0.0,0.5164986251145738,0.0,0.0,0.0,0.0
4211,45,1.1084444444444448,0.8444444444444541,1.130102956167175,0.6759429153924534,0.010095122444849385,0.0,0.0,0.014934939317559914,0.0,0.0,0.4444444444444444,0.0,0.0,0.5160040774719674,0.0,0.0,0.0,0.0
4212,55,1.2407272727272731,0.6181818181818094,1.1319321654104693,0.6760032593196137,0.015235543648134718,0.0,0.0,0.014946385222145189,0.0,0.0,0.6363636363636364,0.0,0.0,0.5173660623344877,0.0,0.0,0.0,0.0
4213,50,0.9714000000000005,0.7599999999999862,1.1313525340932207,0.675656421738242,0.013354412977728903,0.0,0.0,0.014960864006459785,0.0,0.0,0.33,0.0,0.0,0.517046611031956,0.0,0.0,0.0,0.0
4214,54,0.8468518518518522,0.40740740740738873,1.1290043730295927,0.673344859147764,0.010510227533899758,0.0,0.0,0.01492831343608713,0.0,0.0,0.49074074074074076,0.0,0.0,0.5167802298382996,0.0,0.0,0.0,0.0
4215,45,0.9606666666666671,0.7111111111110879,1.128690342932735,0.6729418947796847,0.012041782729804674,0.0,0.0,0.014892985085047905,0.0,0.0,0.4666666666666667,0.0,0.0,0.5170448763610461,0.0,0.0,0.0,0.0
4216,62,1.2514516129032263,0.5806451612903262,1.1299938993390937,0.6723945094051816,0.015583450492066497,0.0,0.0,0.014903692836270358,0.0,0.0,0.6693548387096774,0.0,0.0,0.5186070157600406,0.0,0.0,0.0,0.0
4217,56,1.1800000000000004,0.8571428571428303,1.1306750711671398,0.6731394875965799,0.014177215189872808,0.0,0.0,0.014901463707451367,0.0,0.0,0.5,0.0,0.0,0.5189609597397316,0.0,0.0,0.0,0.0
4218,52,1.4021153846153853,0.9615384615385227,1.1336066239967475,0.6748958650817803,0.018514474352463846,0.0,0.0,0.014936342352448168,0.0,0.0,0.5288461538461539,0.0,0.0,0.5198872295032002,0.0,0.0,0.0,0.0
4219,47,1.4625531914893621,0.9574468085105674,1.1355049323705875,0.6773110952913617,0.01774851536276803,0.0,0.0,0.014960793877091531,0.0,0.0,0.6063829787234043,0.0,0.0,0.5199583036713109,0.0,0.0,0.0,0.0
4220,33,1.2033333333333336,0.6666666666666874,1.1352286849342965,0.6776000814912866,0.013135957657955064,0.0,0.0,0.014915828160425627,0.0,0.0,0.5757575757575758,0.0,0.0,0.5197871040032597,0.0,0.0,0.0,0.0
4221,35,1.2162857142857149,0.6857142857142645,1.1332996736026097,0.6764585883312895,0.020378171373863746,0.0,0.0,0.014898780702024831,0.0,0.0,0.5285714285714286,0.0,0.0,0.5189973480212158,0.0,0.0,0.0,0.0
4222,46,1.3673913043478265,0.7826086956521776,1.133587887438824,0.6761827079934707,0.0190490611750441,0.0,0.0,0.0149179916542553,0.0,0.0,0.6195652173913043,0.0,0.0,0.5189896003262643,0.0,0.0,0.0,0.0
4223,55,1.1318181818181823,0.5272727272727352,1.1333214394943407,0.6747884595779349,0.015268579838115947,0.0,0.0,0.014916466179235007,0.0,0.0,0.6090909090909091,0.0,0.0,0.5201090834947497,0.0,0.0,0.0,0.0
4224,58,1.4437931034482765,0.8965517241378597,1.1355558949297482,0.6762370189370759,0.019281602578861357,0.0,0.0,0.014951359350975335,0.0,0.0,0.5862068965517241,0.0,0.0,0.5207951537365099,0.0,0.0,0.0,0.0
4225,48,1.2391666666666672,0.5416666666666591,1.1367464358452126,0.6765784114052912,0.020819040952048114,0.0,0.0,0.01499598999985214,0.0,0.0,0.6822916666666666,0.0,0.0,0.5215376782077393,0.0,0.0,0.0,0.0
4226,62,0.8962903225806457,0.5483870967741903,1.1345556119857783,0.6752666328085281,0.009737164885229221,0.0,0.0,0.014939244992810966,0.0,0.0,0.4435483870967742,0.0,0.0,0.520771965464703,0.0,0.0,0.0,0.0
4227,50,1.1610000000000005,0.5000000000000155,1.1353371300722046,0.6743618427743276,0.01379515209125396,0.0,0.0,0.014959264510008258,0.0,0.0,0.69,0.0,0.0,0.52194142174311,0.0,0.0,0.0,0.0
4228,47,1.1468085106382984,0.7659574468085395,1.1357145765472303,0.6756921824104198,0.014293290904269404,0.0,0.0,0.014968091086298206,0.0,0.0,0.4787234042553192,0.0,0.0,0.5212489820846905,0.0,0.0,0.0,0.0
4229,51,1.122352941176471,0.6666666666666572,1.1366371861339828,0.6764257395547386,0.01616949152542352,0.0,0.0,0.014978111068244093,0.0,0.0,0.5098039215686274,0.0,0.0,0.5217291857273559,0.0,0.0,0.0,0.0
4230,35,1.1394285714285717,0.7428571428571372,1.1363076295389625,0.6764585883312897,0.01641152263374454,0.0,0.0,0.014959326449221768,0.0,0.0,0.4857142857142857,0.0,0.0,0.5217513259893921,0.0,0.0,0.0,0.0
4231,54,1.08462962962963,0.740740740740702,1.1362818942641344,0.6774852010614372,0.011885146103895251,0.0,0.0,0.014982707017855427,0.0,0.0,0.37037037037037035,0.0,0.0,0.5205654215145948,0.0,0.0,0.0,0.0
4232,45,1.3531111111111118,0.777777777777794,1.1380805711371735,0.6773074961754169,0.01647011090073056,0.0,0.0,0.015011851943530318,0.0,0.0,0.6777777777777778,0.0,0.0,0.5225140234574197,0.0,0.0,0.0,0.0
4233,60,1.0638333333333339,0.43333333333332763,1.1381740370898703,0.6755655186468275,0.018077032002265552,0.0,0.0,0.01502947353974446,0.0,0.0,0.6125,0.0,0.0,0.5235632769512941,0.0,0.0,0.0,0.0
4234,51,1.3311764705882356,0.7058823529411535,1.1393186678887857,0.676239942967712,0.015489390828198979,0.0,0.0,0.015059993780516773,0.0,0.0,0.7156862745098039,0.0,0.0,0.5244424075771463,0.0,0.0,0.0,0.0
4235,54,1.1629629629629632,0.7407407407407587,1.1390381679389296,0.6766412213740421,0.01316837911511948,0.0,0.0,0.015052173281469322,0.0,0.0,0.5787037037037037,0.0,0.0,0.5243511450381679,0.0,0.0,0.0,0.0
4236,54,1.2281481481481487,0.6851851851851823,1.1401943031536101,0.6772126144455713,0.01755426151402846,0.0,0.0,0.015054162486115115,0.0,0.0,0.5324074074074074,0.0,0.0,0.5246185147507629,0.0,0.0,0.0,0.0
4237,54,1.3257407407407413,0.6666666666666801,1.1409563536473686,0.6774849933869129,0.017826195219124,0.0,0.0,0.015060506804077672,0.0,0.0,0.6388888888888888,0.0,0.0,0.5246718893071523,0.0,0.0,0.0,0.0
4238,51,1.2596078431372553,0.9019607843137919,1.1424194368201674,0.6801870488970185,0.013558463486703988,0.0,0.0,0.015050456215254783,0.0,0.0,0.45098039215686275,0.0,0.0,0.5239910541831859,0.0,0.0,0.0,0.0
4239,42,1.092619047619048,0.5238095238095283,1.1428312824163518,0.6799552527204284,0.013641498216409144,0.0,0.0,0.015039407067174626,0.0,0.0,0.5,0.0,0.0,0.5242550594935421,0.0,0.0,0.0,0.0
4240,47,1.0061702127659577,0.4680851063829984,1.1420924078974137,0.6794219417870929,0.01069909502262438,0.0,0.0,0.015036149356600335,0.0,0.0,0.5691489361702128,0.0,0.0,0.5237889273356401,0.0,0.0,0.0,0.0
4241,49,1.0046938775510208,0.7346938775510016,1.1426293279022393,0.6806517311608935,0.011296466268930837,0.0,0.0,0.015031132282730357,0.0,0.0,0.3979591836734694,0.0,0.0,0.5235743380855398,0.0,0.0,0.0,0.0
4242,48,0.9920833333333334,0.6458333333333097,1.1420024444897119,0.6812996536972882,0.00880710190493805,0.0,0.0,0.014995258888747658,0.0,0.0,0.4947916666666667,0.0,0.0,0.5226879201466694,0.0,0.0,0.0,0.0
4243,61,1.1067213114754104,0.5245901639344239,1.1418995322351018,0.680394549522064,0.01480482456140337,0.0,0.0,0.014970071694621905,0.0,0.0,0.5942622950819673,0.0,0.0,0.5235407768964816,0.0,0.0,0.0,0.0
4244,52,1.1200000000000006,0.730769230769255,1.141398963730569,0.6801788072742028,0.01303199820989068,0.0,0.0,0.01495415835864556,0.0,0.0,0.46153846153846156,0.0,0.0,0.52301127704968,0.0,0.0,0.0,0.0
4245,43,1.387209302325582,0.9302325581395412,1.1407225609756086,0.6799796747967454,0.023048686244203802,0.0,0.0,0.014970132314048751,0.0,0.0,0.6453488372093024,0.0,0.0,0.5229420731707317,0.0,0.0,0.0,0.0
4246,41,1.0258536585365858,0.39024390243902096,1.1405415860735002,0.679527639214087,0.014962646744930367,0.0,0.0,0.014980998863408375,0.0,0.0,0.5975609756097561,0.0,0.0,0.5229308765143031,0.0,0.0,0.0,0.0
4247,50,1.1180000000000005,0.47999999999999177,1.1410479772311435,0.6783899166497234,0.01510402593893522,0.0,0.0,0.014983149074300175,0.0,0.0,0.59,0.0,0.0,0.5239886155722708,0.0,0.0,0.0,0.0
4248,57,1.1119298245614038,0.7192982456140016,1.1410296506904942,0.6791226645004038,0.008812569521690383,0.0,0.0,0.014929529933834602,0.0,0.0,0.5350877192982456,0.0,0.0,0.5238880991064175,0.0,0.0,0.0,0.0
4249,58,1.2284482758620696,0.741379310344874,1.1402950420764464,0.6794078880665091,0.01441140776699025,0.0,0.0,0.014918402457675733,0.0,0.0,0.5172413793103449,0.0,0.0,0.5228378789414986,0.0,0.0,0.0,0.0
4250,39,1.2361538461538468,0.615384615384638,1.1405514929920768,0.6789559211862667,0.011232525629077634,0.0,0.0,0.014905172539655724,0.0,0.0,0.6025641025641025,0.0,0.0,0.5235374771480804,0.0,0.0,0.0,0.0
4251,39,1.2128205128205134,0.5641025641025567,1.1431950798007513,0.6815085900172798,0.013384267119410912,0.0,0.0,0.014932802713121102,0.0,0.0,0.6217948717948718,0.0,0.0,0.523736911660059,0.0,0.0,0.0,0.0
4252,46,0.7315217391304351,0.565217391304345,1.141170905391657,0.681688708036621,0.00946287964004495,0.0,0.0,0.014904779936887496,0.0,0.0,0.22282608695652173,0.0,0.0,0.5219481180061037,0.0,0.0,0.0,0.0
4253,49,1.325918367346939,0.8979591836734515,1.1422858014025805,0.6840126029067977,0.015602785782901203,0.0,0.0,0.01491639270939641,0.0,0.0,0.5255102040816326,0.0,0.0,0.5215469051732899,0.0,0.0,0.0,0.0
4254,48,1.2268750000000006,0.7083333333333476,1.1434292102855972,0.6838093302164837,0.014733550162621772,0.0,0.0,0.014931938117839367,0.0,0.0,0.5416666666666666,0.0,0.0,0.522537859538571,0.0,0.0,0.0,0.0
4255,46,1.1826086956521744,0.7391304347826096,1.1434164969450091,0.6852342158859454,0.016999999999999488,0.0,0.0,0.014960760539359306,0.0,0.0,0.5978260869565217,0.0,0.0,0.5218686354378819,0.0,0.0,0.0,0.0
4256,59,1.3037288135593228,0.6779661016949102,1.1439415835538356,0.6858335029513523,0.018137231784956933,0.0,0.0,0.014973564003884408,0.0,0.0,0.6186440677966102,0.0,0.0,0.5218552819051496,0.0,0.0,0.0,0.0
4257,62,1.1087096774193552,0.5483870967742182,1.1430637130372918,0.6847881312874696,0.012091468777484255,0.0,0.0,0.014966372232444642,0.0,0.0,0.5564516129032258,0.0,0.0,0.5215679300884056,0.0,0.0,0.0,0.0
4258,55,0.9729090909090915,0.5090909090908932,1.1428346536664624,0.684237253707088,0.013128066732090889,0.0,0.0,0.01497904702571592,0.0,0.0,0.41363636363636364,0.0,0.0,0.5209729839528743,0.0,0.0,0.0,0.0
4259,68,1.033382352941177,0.4264705882352719,1.142922110807251,0.6829737668388519,0.015021376656689848,0.0,0.0,0.014986400231620981,0.0,0.0,0.5588235294117647,0.0,0.0,0.5214727033323204,0.0,0.0,0.0,0.0
4260,50,1.0278000000000005,0.5199999999999911,1.141974896244558,0.6817491648952307,0.012710858273559238,0.0,0.0,0.014977768808888684,0.0,0.0,0.5,0.0,0.0,0.5213584370887742,0.0,0.0,0.0,0.0
4261,52,1.2642307692307697,0.711538461538498,1.1419929149797559,0.6805668016194318,0.0148497854077251,0.0,0.0,0.014957657339968799,0.0,0.0,0.6634615384615384,0.0,0.0,0.5226214574898785,0.0,0.0,0.0,0.0
4262,56,1.0933928571428575,0.6428571428571487,1.1417359215448377,0.6806187443130105,0.011994123408422822,0.0,0.0,0.014951001419250896,0.0,0.0,0.5089285714285714,0.0,0.0,0.5224446466484683,0.0,0.0,0.0,0.0
4263,41,0.8665853658536588,0.48780487804877987,1.1428803963198857,0.6806187443130108,0.009891425389755033,0.0,0.0,0.0149606998458168,0.0,0.0,0.524390243902439,0.0,0.0,0.5235567687796987,0.0,0.0,0.0,0.0
4264,45,1.282666666666667,0.6222222222222348,1.1442406471183002,0.6792719919110203,0.015355147645650323,0.0,0.0,0.014968057499146807,0.0,0.0,0.6555555555555556,0.0,0.0,0.5254297269969667,0.0,0.0,0.0,0.0
4265,56,0.977678571428572,0.5714285714285692,1.1422774076317375,0.677771047849787,0.014946764946764963,0.0,0.0,0.014963996429397884,0.0,0.0,0.4375,0.0,0.0,0.5246315364425601,0.0,0.0,0.0,0.0
4266,48,1.300208333333334,0.7500000000000062,1.1422991522002413,0.6770286637060949,0.015924980862464723,0.0,0.0,0.014956839133928118,0.0,0.0,0.6145833333333334,0.0,0.0,0.5251312071053694,0.0,0.0,0.0,0.0
4267,44,1.1431818181818185,0.49999999999998634,1.1424846037354859,0.6764260474507813,0.014137155705452481,0.0,0.0,0.014967713690135998,0.0,0.0,0.5625,0.0,0.0,0.5252650176678445,0.0,0.0,0.0,0.0
4268,41,0.7290243902439028,0.5121951219512155,1.1419591795493573,0.6764676164494279,0.009525175270872955,0.0,0.0,0.014954601509489806,0.0,0.0,0.2682926829268293,0.0,0.0,0.5249823178741032,0.0,0.0,0.0,0.0
4269,36,1.5797222222222225,1.111111111111064,1.1438850086041086,0.6772952728008894,0.016087694483733515,0.0,0.0,0.014973796875765966,0.0,0.0,0.5833333333333334,0.0,0.0,0.5253821236967304,0.0,0.0,0.0,0.0
4270,49,1.0928571428571432,0.6122448979591836,1.1429837892603838,0.6783181357649427,0.012022900763358754,0.0,0.0,0.014951994571224756,0.0,0.0,0.5510204081632653,0.0,0.0,0.5244934143870315,0.0,0.0,0.0,0.0
4271,49,1.220816326530613,0.7346938775510409,1.1425083510476757,0.6783075210041487,0.015209763539283657,0.0,0.0,0.014944429291337666,0.0,0.0,0.576530612244898,0.0,0.0,0.5244457941087155,0.0,0.0,0.0,0.0
4272,45,1.0306666666666668,0.5111111111111069,1.1424658366231386,0.6775989472618671,0.013142533295551479,0.0,0.0,0.014953931521332923,0.0,0.0,0.5555555555555556,0.0,0.0,0.5249772244154267,0.0,0.0,0.0,0.0
4273,52,1.0428846153846156,0.6346153846154092,1.1413895354721166,0.6768545693755679,0.012766007532956205,0.0,0.0,0.014938434639786929,0.0,0.0,0.5192307692307693,0.0,0.0,0.5251239753061431,0.0,0.0,0.0,0.0
4274,45,1.0531111111111116,0.5999999999999893,1.140374493927124,0.6768218623481767,0.015376378974692488,0.0,0.0,0.014930699577134164,0.0,0.0,0.4666666666666667,0.0,0.0,0.5241143724696357,0.0,0.0,0.0,0.0
4275,56,0.9985714285714291,0.7500000000000072,1.1394979757085006,0.6769230769230754,0.013503984544795984,0.0,0.0,0.01490614676773353,0.0,0.0,0.33035714285714285,0.0,0.0,0.5231528340080972,0.0,0.0,0.0,0.0
4276,51,1.1923529411764708,0.6078431372549089,1.1401872090669891,0.6766848816029131,0.012344701583435121,0.0,0.0,0.014900111215288128,0.0,0.0,0.6519607843137255,0.0,0.0,0.5239829993928354,0.0,0.0,0.0,0.0
4277,46,1.2182608695652177,0.7173913043478243,1.141153768233386,0.6774716369529971,0.014391371340524811,0.0,0.0,0.014900193370384906,0.0,0.0,0.5760869565217391,0.0,0.0,0.5244631280388979,0.0,0.0,0.0,0.0
4278,48,1.3483333333333338,0.5833333333333196,1.1422269503546087,0.6771023302938185,0.014964161849712106,0.0,0.0,0.014902846718705539,0.0,0.0,0.7083333333333334,0.0,0.0,0.5255319148936171,0.0,0.0,0.0,0.0
4279,50,1.0114000000000005,0.4799999999999799,1.1419760600527478,0.6761006289308163,0.010976774473626934,0.0,0.0,0.014891143171960532,0.0,0.0,0.58,0.0,0.0,0.5264252383850679,0.0,0.0,0.0,0.0
4280,54,1.1007407407407415,0.814814814814835,1.1408238751520055,0.67602351033644,0.020503621938600045,0.0,0.0,0.014909274153496877,0.0,0.0,0.4166666666666667,0.0,0.0,0.5257397648966355,0.0,0.0,0.0,0.0
4281,39,0.7535897435897438,0.35897435897437563,1.1390138846660574,0.6750785446437612,0.009141524105754554,0.0,0.0,0.014872076835942825,0.0,0.0,0.3333333333333333,0.0,0.0,0.5245261984392419,0.0,0.0,0.0,0.0
4282,49,1.0030612244897965,0.7142857142857183,1.1385089765696306,0.6745105994522763,0.01150245728996121,0.0,0.0,0.014862773813480397,0.0,0.0,0.42346938775510207,0.0,0.0,0.5249264631301349,0.0,0.0,0.0,0.0
4283,45,1.238444444444445,0.5777777777777765,1.1400893582453278,0.6746547522339554,0.015119370591427149,0.0,0.0,0.014858791456022829,0.0,0.0,0.6888888888888889,0.0,0.0,0.5265028432168968,0.0,0.0,0.0,0.0
4284,47,1.0048936170212772,0.63829787234042,1.1395081800630005,0.6743217152728374,0.011959989870854035,0.0,0.0,0.014819851430127057,0.0,0.0,0.44680851063829785,0.0,0.0,0.5261660400365816,0.0,0.0,0.0,0.0
4285,51,1.1109803921568633,0.6862745098039248,1.139330153252815,0.6742109002334307,0.013375826251179999,0.0,0.0,0.014805823770151225,0.0,0.0,0.47549019607843135,0.0,0.0,0.5261087993504516,0.0,0.0,0.0,0.0
4286,63,1.255238095238096,0.7619047619047183,1.1406677474921458,0.6757523558617884,0.012783705140639371,0.0,0.0,0.014795506639889763,0.0,0.0,0.5714285714285714,0.0,0.0,0.5265984395582126,0.0,0.0,0.0,0.0
4287,56,1.0519642857142861,0.39285714285712003,1.1405825831900462,0.6747243855567906,0.011596456692913818,0.0,0.0,0.014762054367376388,0.0,0.0,0.5982142857142857,0.0,0.0,0.5271568726610701,0.0,0.0,0.0,0.0
4288,61,0.9059016393442628,0.5901639344262315,1.1394143188932635,0.674846006260728,0.009864334166368793,0.0,0.0,0.014716511114704959,0.0,0.0,0.3524590163934426,0.0,0.0,0.5259517317984449,0.0,0.0,0.0,0.0
4289,50,0.9916000000000005,0.48000000000000254,1.138406543471674,0.6744420882560829,0.01906923076923117,0.0,0.0,0.014721754653092686,0.0,0.0,0.55,0.0,0.0,0.5253458547914773,0.0,0.0,0.0,0.0
4290,37,1.2264864864864868,0.5405405405405446,1.1387592199656449,0.6740426391835901,0.013134587554269102,0.0,0.0,0.014713281418285979,0.0,0.0,0.6756756756756757,0.0,0.0,0.5255633020107103,0.0,0.0,0.0,0.0
4291,50,1.0778000000000005,0.6800000000000003,1.13827199191102,0.6734074823053582,0.009461025280898799,0.0,0.0,0.014649308298209254,0.0,0.0,0.49,0.0,0.0,0.5257077856420627,0.0,0.0,0.0,0.0
4292,46,1.3278260869565224,0.782608695652178,1.139299221357062,0.674082313681868,0.02325971058644267,0.0,0.0,0.014681143840034359,0.0,0.0,0.5978260869565217,0.0,0.0,0.5259631914248154,0.0,0.0,0.0,0.0
4293,46,1.3200000000000005,0.7826086956521854,1.1406969451749935,0.674489176613392,0.014094707520891519,0.0,0.0,0.014681151326024568,0.0,0.0,0.6413043478260869,0.0,0.0,0.5267044305077888,0.0,0.0,0.0,0.0
4294,53,1.0684905660377364,0.6981132075471057,1.1413976098845438,0.6759165485112408,0.009551357733174944,0.0,0.0,0.01466267861347928,0.0,0.0,0.45754716981132076,0.0,0.0,0.5262558233745189,0.0,0.0,0.0,0.0
4295,47,0.9940425531914896,0.5744680851063858,1.1415197568389042,0.6750759878419444,0.015070967741935466,0.0,0.0,0.01466668402348373,0.0,0.0,0.4574468085106383,0.0,0.0,0.5268237082066869,0.0,0.0,0.0,0.0
4296,45,1.3028888888888892,0.8000000000000023,1.1425623352929235,0.67595783498885,0.015212765957445935,0.0,0.0,0.014670119729307606,0.0,0.0,0.5611111111111111,0.0,0.0,0.5272146766673423,0.0,0.0,0.0,0.0
4297,48,1.2031250000000007,0.7708333333333499,1.14326646403242,0.676798378926038,0.017665952890792286,0.0,0.0,0.014673157994658131,0.0,0.0,0.4479166666666667,0.0,0.0,0.5266970618034448,0.0,0.0,0.0,0.0
4298,53,1.2909433962264156,0.7169811320754552,1.1428639448890672,0.675108904872859,0.019256965944272213,0.0,0.0,0.014662652199681773,0.0,0.0,0.6226415094339622,0.0,0.0,0.5273021983588289,0.0,0.0,0.0,0.0
4299,57,1.061228070175439,0.42105263157895245,1.1432401782098,0.6746658566221134,0.012707983193277496,0.0,0.0,0.014664349596980486,0.0,0.0,0.5833333333333334,0.0,0.0,0.527516200891049,0.0,0.0,0.0,0.0
4300,55,1.345454545454546,0.69090909090909,1.1450637393767689,0.6760420882233907,0.013104303169824735,0.0,0.0,0.014639838154506002,0.0,0.0,0.65,0.0,0.0,0.5281515580736544,0.0,0.0,0.0,0.0
4301,48,1.227083333333334,0.7916666666666553,1.1445258577067081,0.6764497520493871,0.01572343833422357,0.0,0.0,0.014636471527690549,0.0,0.0,0.5729166666666666,0.0,0.0,0.5277805890092095,0.0,0.0,0.0,0.0
4302,57,1.1078947368421057,0.5964912280701934,1.1449929221435775,0.6766430738119307,0.013384908859686538,0.0,0.0,0.014631939652833187,0.0,0.0,0.5570175438596491,0.0,0.0,0.5281850353892821,0.0,0.0,0.0,0.0
4303,43,1.022093023255814,0.465116279069764,1.1457064832608457,0.6764438151107509,0.008760215268088584,0.0,0.0,0.0145974791139656,0.0,0.0,0.563953488372093,0.0,0.0,0.5286993021138869,0.0,0.0,0.0,0.0
4304,49,1.2324489795918372,0.6938775510203878,1.1461546235472444,0.6769075290550778,0.01251606217616574,0.0,0.0,0.014571122423021431,0.0,0.0,0.5408163265306123,0.0,0.0,0.5287518948964123,0.0,0.0,0.0,0.0
4305,49,0.8991836734693882,0.3673469387755271,1.1460907345660285,0.6751540870970998,0.010911342248637691,0.0,0.0,0.014559020401876491,0.0,0.0,0.5102040816326531,0.0,0.0,0.5295038900676973,0.0,0.0,0.0,0.0
4306,49,0.81795918367347,0.44897959183673697,1.145212733703889,0.6748863062152597,0.011882597094574893,0.0,0.0,0.014548026841984274,0.0,0.0,0.32653061224489793,0.0,0.0,0.5284992420414351,0.0,0.0,0.0,0.0
4307,40,1.3035000000000003,0.5999999999999953,1.1458155526342384,0.674587925978359,0.018224397063963855,0.0,0.0,0.014558053781814878,0.0,0.0,0.74375,0.0,0.0,0.5290979876630599,0.0,0.0,0.0,0.0
4308,55,1.0392727272727278,0.67272727272732,1.1447582928802573,0.6745550161812294,0.0123642656283797,0.0,0.0,0.014512905922415702,0.0,0.0,0.5045454545454545,0.0,0.0,0.5282160194174758,0.0,0.0,0.0,0.0
4309,56,1.043035714285715,0.7857142857142614,1.1439546879741058,0.6753312430464242,0.014457920792078893,0.0,0.0,0.014492239604221694,0.0,0.0,0.39285714285714285,0.0,0.0,0.5271821583898048,0.0,0.0,0.0,0.0
4310,48,1.1679166666666672,0.5000000000000029,1.1433801962172536,0.6743198138970361,0.011625881377021804,0.0,0.0,0.01447029548352077,0.0,0.0,0.6875,0.0,0.0,0.5274350156771518,0.0,0.0,0.0,0.0
4311,58,0.9886206896551729,0.6206896551724416,1.1419321623258614,0.6731273975368461,0.016683153913297073,0.0,0.0,0.0144854345061792,0.0,0.0,0.4525862068965517,0.0,0.0,0.5269281243690692,0.0,0.0,0.0,0.0
4312,56,1.0966071428571433,0.749999999999993,1.1414038985960997,0.6726593273406721,0.0127380211574364,0.0,0.0,0.014458372674399218,0.0,0.0,0.4732142857142857,0.0,0.0,0.5272194727805272,0.0,0.0,0.0,0.0
4313,48,1.0983333333333336,0.8750000000000014,1.1418264471158688,0.6744115567229008,0.010644054108621034,0.0,0.0,0.01442789143346574,0.0,0.0,0.40625,0.0,0.0,0.5263410445499546,0.0,0.0,0.0,0.0
4314,53,1.2133962264150948,0.6037735849056634,1.1426073340741472,0.67360339428225,0.015188946622579334,0.0,0.0,0.01441147090227533,0.0,0.0,0.6650943396226415,0.0,0.0,0.5276290534397414,0.0,0.0,0.0,0.0
4315,60,1.1680000000000004,0.3666666666666564,1.1425610248133935,0.6709703449667132,0.017941628264208944,0.0,0.0,0.014424416457614343,0.0,0.0,0.675,0.0,0.0,0.5287472261448457,0.0,0.0,0.0,0.0
4316,46,1.0884782608695658,0.6521739130434735,1.142827029752898,0.6703983862834085,0.015063176895306089,0.0,0.0,0.014458615224819851,0.0,0.0,0.5,0.0,0.0,0.5291225416036308,0.0,0.0,0.0,0.0
4317,47,1.362553191489362,0.595744680851058,1.1433898647284457,0.6713103169796079,0.010993991416308397,0.0,0.0,0.014407050874363322,0.0,0.0,0.6914893617021277,0.0,0.0,0.5286442560064607,0.0,0.0,0.0,0.0
4318,54,1.2455555555555562,0.7037037037037236,1.1442195540308733,0.6713752396327307,0.015087483176312226,0.0,0.0,0.014412609489143814,0.0,0.0,0.5092592592592593,0.0,0.0,0.5289072747452326,0.0,0.0,0.0,0.0
4319,55,1.3910909090909096,0.8363636363635762,1.1445861477971555,0.6717411029337628,0.018074651547365487,0.0,0.0,0.014428479380624387,0.0,0.0,0.6045454545454545,0.0,0.0,0.5290603891521323,0.0,0.0,0.0,0.0
4320,50,1.2212000000000005,0.8200000000000213,1.145378176684145,0.6724485679709555,0.011769468003084085,0.0,0.0,0.014433711452092914,0.0,0.0,0.54,0.0,0.0,0.5291952400161355,0.0,0.0,0.0,0.0
4321,52,1.1248076923076928,0.6153846153846004,1.1454378345621636,0.6722553277446719,0.012015201314707773,0.0,0.0,0.014445268118710945,0.0,0.0,0.5528846153846154,0.0,0.0,0.5292142207857792,0.0,0.0,0.0,0.0
4322,46,1.1786956521739136,0.6956521739130492,1.1448686337914293,0.6707760711398542,0.01192172383465257,0.0,0.0,0.014421632410428176,0.0,0.0,0.5434782608695652,0.0,0.0,0.5295826596604689,0.0,0.0,0.0,0.0
4323,53,1.2592452830188687,0.8301886792452453,1.1448561913412034,0.6709052376627302,0.01583017077798798,0.0,0.0,0.014415813149668288,0.0,0.0,0.49056603773584906,0.0,0.0,0.5292663235442527,0.0,0.0,0.0,0.0
4324,51,1.0847058823529416,0.588235294117618,1.1445826183506596,0.67023316846674,0.013774900398405902,0.0,0.0,0.014411602101107824,0.0,0.0,0.553921568627451,0.0,0.0,0.5296759866760876,0.0,0.0,0.0,0.0
4325,50,1.3264000000000005,0.7999999999999565,1.1464271295922472,0.6709729511505844,0.014436221158031524,0.0,0.0,0.014425539967158058,0.0,0.0,0.615,0.0,0.0,0.5309093661687525,0.0,0.0,0.0,0.0
4326,44,1.126363636363637,0.7499999999999875,1.1471438667339713,0.6712771327612307,0.014950226244343933,0.0,0.0,0.014432809241095077,0.0,0.0,0.4431818181818182,0.0,0.0,0.531070166582534,0.0,0.0,0.0,0.0
4327,44,1.0561363636363639,0.40909090909088486,1.1474419074560502,0.6703374419074549,0.010829643439757394,0.0,0.0,0.014425916752403756,0.0,0.0,0.6420454545454546,0.0,0.0,0.531875126288139,0.0,0.0,0.0,0.0
4328,45,1.1604444444444448,0.8444444444444258,1.1477028120574533,0.6715557353833692,0.012189542483660151,0.0,0.0,0.014411026168288344,0.0,0.0,0.37777777777777777,0.0,0.0,0.5309022860610965,0.0,0.0,0.0,0.0
4329,44,1.018863636363637,0.6363636363636377,1.1472544258978234,0.671825998988365,0.019740202553941013,0.0,0.0,0.014414209561673932,0.0,0.0,0.44886363636363635,0.0,0.0,0.5301213960546283,0.0,0.0,0.0,0.0
4330,53,1.3726415094339628,0.7547169811321073,1.1463993122281768,0.6707798118741768,0.016552901023890655,0.0,0.0,0.01441249847412103,0.0,0.0,0.6226415094339622,0.0,0.0,0.5299130170931526,0.0,0.0,0.0,0.0
4331,48,1.3312500000000005,0.7916666666666754,1.1475520728008073,0.6725985844287145,0.01638881764555021,0.0,0.0,0.014433240496992296,0.0,0.0,0.5625,0.0,0.0,0.5296511627906977,0.0,0.0,0.0,0.0
4332,37,1.4651351351351354,0.9189189189189348,1.1476305668016178,0.6716599190283392,0.013637735849057529,0.0,0.0,0.014401720800499881,0.0,0.0,0.6756756756756757,0.0,0.0,0.530339068825911,0.0,0.0,0.0,0.0
4333,53,1.3100000000000007,0.7924528301886866,1.148208683331645,0.6719967614613894,0.021141900121802514,0.0,0.0,0.014424981627790427,0.0,0.0,0.6132075471698113,0.0,0.0,0.5307408157069122,0.0,0.0,0.0,0.0
4334,48,1.2860416666666674,0.7500000000000046,1.1490280449529193,0.672066416928216,0.014416160672582286,0.0,0.0,0.014425268290326747,0.0,0.0,0.4791666666666667,0.0,0.0,0.5307026425027842,0.0,0.0,0.0,0.0
4335,55,1.4620000000000004,0.7636363636363621,1.1510004050222746,0.6721344673957057,0.018691306369130016,0.0,0.0,0.014447942550284332,0.0,0.0,0.6636363636363637,0.0,0.0,0.5319208181449979,0.0,0.0,0.0,0.0
4336,45,1.1053333333333342,0.5777777777777876,1.1515498379254445,0.6721029173419762,0.013805162364696021,0.0,0.0,0.014441514160638776,0.0,0.0,0.5222222222222223,0.0,0.0,0.5322882901134521,0.0,0.0,0.0,0.0
4337,46,0.9291304347826091,0.6956521739130384,1.1507155163676888,0.6728488902401933,0.014366386554621803,0.0,0.0,0.014443944071921278,0.0,0.0,0.33695652173913043,0.0,0.0,0.531595216377825,0.0,0.0,0.0,0.0
4338,49,1.2940816326530618,0.7346938775510224,1.1514872262773708,0.6718369829683686,0.015290571497467301,0.0,0.0,0.014448151728699654,0.0,0.0,0.6020408163265306,0.0,0.0,0.5328720600162206,0.0,0.0,0.0,0.0
4339,48,1.0341666666666671,0.5833333333333267,1.1503639497161382,0.6711273317112723,0.0157138334916105,0.0,0.0,0.01444089095000044,0.0,0.0,0.4114583333333333,0.0,0.0,0.5322384428223844,0.0,0.0,0.0,0.0
4340,49,0.888775510204082,0.2857142857142998,1.1490148981453316,0.6686936252153631,0.01091205211726404,0.0,0.0,0.01441577564075659,0.0,0.0,0.5816326530612245,0.0,0.0,0.5328874024526199,0.0,0.0,0.0,0.0
4341,56,1.2217857142857151,0.8214285714285815,1.1494286293182037,0.6696383345152456,0.016554560851681846,0.0,0.0,0.014433382733638988,0.0,0.0,0.5,0.0,0.0,0.5329753824333907,0.0,0.0,0.0,0.0
4342,48,1.081458333333334,0.5833333333333125,1.1503615922212078,0.6697052567608618,0.015649683448899495,0.0,0.0,0.014435592522357103,0.0,0.0,0.53125,0.0,0.0,0.5335764205408691,0.0,0.0,0.0,0.0
4343,51,1.1221568627450984,0.7058823529411695,1.1513243626062308,0.6692634560906502,0.0160803596515879,0.0,0.0,0.014445905718220924,0.0,0.0,0.49019607843137253,0.0,0.0,0.5345507891541886,0.0,0.0,0.0,0.0
4344,37,1.19972972972973,0.5945945945946065,1.150962940461724,0.669603078169298,0.017827309236947482,0.0,0.0,0.014423237241100955,0.0,0.0,0.6216216216216216,0.0,0.0,0.5341484406642365,0.0,0.0,0.0,0.0
4345,62,1.0553225806451618,0.4677419354838784,1.1492548781720744,0.6677787887978958,0.016691326530612,0.0,0.0,0.014418126793184112,0.0,0.0,0.5645161290322581,0.0,0.0,0.533793347487615,0.0,0.0,0.0,0.0
4346,39,1.2920512820512826,0.7692307692307616,1.1485910791949012,0.6666329523616857,0.015692930551229563,0.0,0.0,0.014423272076987573,0.0,0.0,0.5256410256410257,0.0,0.0,0.533705876403358,0.0,0.0,0.0,0.0
4347,51,1.3092156862745106,0.745098039215698,1.1504569810939227,0.6670710747143856,0.030628440366972612,0.0,0.0,0.014479876212205383,0.0,0.0,0.5588235294117647,0.0,0.0,0.5345010615711253,0.0,0.0,0.0,0.0
4348,52,1.0815384615384622,0.7692307692307855,1.1503677139104949,0.6669360541468826,0.012641042930995985,0.0,0.0,0.014450946053984007,0.0,0.0,0.40384615384615385,0.0,0.0,0.5346247095666229,0.0,0.0,0.0,0.0
4349,54,1.379444444444445,0.7407407407407328,1.1510534289465701,0.667003332996666,0.015368269032391154,0.0,0.0,0.01446365613887238,0.0,0.0,0.6620370370370371,0.0,0.0,0.5350974649025351,0.0,0.0,0.0,0.0
4350,49,0.9434693877551026,0.5510204081632771,1.1502472000807176,0.6665321360104925,0.011899613899613366,0.0,0.0,0.014465608317905514,0.0,0.0,0.42857142857142855,0.0,0.0,0.5346584602966401,0.0,0.0,0.0,0.0
4351,48,1.3281250000000007,0.9999999999999961,1.149786096256684,0.6676420139239221,0.018462206776716044,0.0,0.0,0.01445692936161566,0.0,0.0,0.4583333333333333,0.0,0.0,0.533826051861568,0.0,0.0,0.0,0.0
4352,54,1.2035185185185189,0.9074074074073671,1.1483943889393473,0.6680795236653537,0.015709451293206483,0.0,0.0,0.014446340249636824,0.0,0.0,0.41203703703703703,0.0,0.0,0.5323443334342517,0.0,0.0,0.0,0.0
4353,49,1.0936734693877557,0.6530612244897861,1.1480123095550392,0.6670366259711421,0.016910697380876086,0.0,0.0,0.014436879295840489,0.0,0.0,0.47959183673469385,0.0,0.0,0.5328927454343658,0.0,0.0,0.0,0.0
4354,54,1.3518518518518523,0.7407407407407685,1.1486479128856617,0.6671708005646289,0.018737166324435815,0.0,0.0,0.014433793373445795,0.0,0.0,0.5972222222222222,0.0,0.0,0.5327182899778181,0.0,0.0,0.0,0.0
4355,59,1.2286440677966108,0.7796610169491147,1.1488069326884314,0.6687827488915749,0.014078461837250238,0.0,0.0,0.014390193106042249,0.0,0.0,0.5466101694915254,0.0,0.0,0.5320939137444579,0.0,0.0,0.0,0.0
4356,41,1.0424390243902444,0.5853658536585347,1.148908834207341,0.6682129891085102,0.01175467546754707,0.0,0.0,0.014353417267319953,0.0,0.0,0.4634146341463415,0.0,0.0,0.532371924162969,0.0,0.0,0.0,0.0
4357,64,1.1450000000000007,0.6562500000000063,1.1488158822936603,0.6691524740501852,0.01830169830169718,0.0,0.0,0.014358896200082528,0.0,0.0,0.5390625,0.0,0.0,0.531920790083644,0.0,0.0,0.0,0.0
4358,43,1.4609302325581401,0.9302325581395258,1.1502247757282524,0.6709001108759183,0.01759171100532035,0.0,0.0,0.014381252441744598,0.0,0.0,0.5872093023255814,0.0,0.0,0.5317256324967241,0.0,0.0,0.0,0.0
4359,49,1.2836734693877556,0.7755102040816643,1.1498406133360228,0.671038030868555,0.01741417497231455,0.0,0.0,0.014378192982942906,0.0,0.0,0.5204081632653061,0.0,0.0,0.5310450923030364,0.0,0.0,0.0,0.0
4360,54,0.9829629629629635,0.7037037037036905,1.148728335348649,0.6717049576783539,0.015954313195070336,0.0,0.0,0.014385286602100913,0.0,0.0,0.35185185185185186,0.0,0.0,0.5296755340588473,0.0,0.0,0.0,0.0
4361,50,1.2346000000000006,0.8600000000000034,1.1492900363049612,0.6732553448971343,0.014676652401331543,0.0,0.0,0.014372629808013558,0.0,0.0,0.47,0.0,0.0,0.5290691811214199,0.0,0.0,0.0,0.0
4362,45,1.338444444444445,0.6222222222222622,1.1487248186946004,0.6727437550362597,0.01838522588522649,0.0,0.0,0.014369155404809379,0.0,0.0,0.7,0.0,0.0,0.5288325946817083,0.0,0.0,0.0,0.0
4363,44,1.0281818181818188,0.45454545454543704,1.1494246271664648,0.6724103184199904,0.01963541666666682,0.0,0.0,0.01440322083720544,0.0,0.0,0.6590909090909091,0.0,0.0,0.5297007255139057,0.0,0.0,0.0,0.0
4364,39,1.0020512820512826,0.871794871794871,1.1491848264729614,0.6738297013720728,0.013982110912343236,0.0,0.0,0.014398547848444217,0.0,0.0,0.24358974358974358,0.0,0.0,0.5285764729620662,0.0,0.0,0.0,0.0
4365,47,1.3065957446808516,0.8510638297872472,1.1496700635657344,0.6743012814044986,0.021661375661376173,0.0,0.0,0.014418046125073605,0.0,0.0,0.5106382978723404,0.0,0.0,0.5281757643022904,0.0,0.0,0.0,0.0
4366,58,1.2196551724137934,0.5517241379310197,1.149319234642497,0.6730110775427981,0.014314042897611871,0.0,0.0,0.014410207199585747,0.0,0.0,0.603448275862069,0.0,0.0,0.5283232628398792,0.0,0.0,0.0,0.0
4367,51,1.272941176470589,0.7058823529411636,1.150208291406721,0.6733749245320975,0.018639104220500295,0.0,0.0,0.014421882944591041,0.0,0.0,0.5784313725490197,0.0,0.0,0.5287029583417187,0.0,0.0,0.0,0.0
4368,53,1.1086792452830194,0.6792452830188637,1.149778493757551,0.6725734997986289,0.0160986301369864,0.0,0.0,0.014416611750328759,0.0,0.0,0.4811320754716981,0.0,0.0,0.528569271043093,0.0,0.0,0.0,0.0
4369,44,1.1718181818181823,0.7727272727272397,1.150350665054413,0.6743248690044318,0.016811216172154947,0.0,0.0,0.014427412903445843,0.0,0.0,0.48863636363636365,0.0,0.0,0.5278365578395808,0.0,0.0,0.0,0.0
4370,43,1.3274418604651168,0.7906976744185625,1.15092816787732,0.6740314769975768,0.023146796431466814,0.0,0.0,0.01446544548956545,0.0,0.0,0.6395348837209303,0.0,0.0,0.5286016949152542,0.0,0.0,0.0,0.0
4371,59,0.9913559322033905,0.6779661016949168,1.1497035991531401,0.6745639681419476,0.012039934129271177,0.0,0.0,0.014435438750167619,0.0,0.0,0.4194915254237288,0.0,0.0,0.5273465067043048,0.0,0.0,0.0,0.0
4372,52,1.3957692307692313,0.6153846153846233,1.1511986301369859,0.6745568090249777,0.02647938708500465,0.0,0.0,0.01449188808794709,0.0,0.0,0.7788461538461539,0.0,0.0,0.5283289685737309,0.0,0.0,0.0,0.0
4373,46,1.1247826086956527,0.5869565217391173,1.1521865859808365,0.6741301059001491,0.01816713483146012,0.0,0.0,0.014511737506668926,0.0,0.0,0.5,0.0,0.0,0.5289208270297528,0.0,0.0,0.0,0.0
4374,45,1.0422222222222226,0.8666666666666547,1.1535044890547759,0.67638454554625,0.015571049136785732,0.0,0.0,0.01455748995843321,0.0,0.0,0.28888888888888886,0.0,0.0,0.5282457379199031,0.0,0.0,0.0,0.0
4375,53,1.3128301886792457,0.6792452830188845,1.1538760705289668,0.6759697732997461,0.016876061120542272,0.0,0.0,0.014579250555368019,0.0,0.0,0.7075471698113207,0.0,0.0,0.5288664987405541,0.0,0.0,0.0,0.0
4376,55,1.1318181818181823,0.6181818181818304,1.1535445205479447,0.6742546333601916,0.022802197802197843,0.0,0.0,0.014583774257178505,0.0,0.0,0.5454545454545454,0.0,0.0,0.5294621273166801,0.0,0.0,0.0,0.0
4377,39,0.8774358974358978,0.30769230769233075,1.152082114395238,0.6732573388479758,0.009884459849798036,0.0,0.0,0.014538003075481575,0.0,0.0,0.48717948717948717,0.0,0.0,0.5287249066881873,0.0,0.0,0.0,0.0
4378,43,0.7497674418604656,0.6511627906976777,1.1489978807145014,0.6726208497325645,0.0122028766086297,0.0,0.0,0.014497772888063634,0.0,0.0,0.23255813953488372,0.0,0.0,0.5267685942072863,0.0,0.0,0.0,0.0
4379,46,1.1086956521739137,0.5652173913043498,1.1472372008482272,0.6717156417247281,0.020310633213859338,0.0,0.0,0.014483168756071143,0.0,0.0,0.5380434782608695,0.0,0.0,0.5260274664243159,0.0,0.0,0.0,0.0
4380,39,1.393076923076924,0.9487179487179236,1.148171434347518,0.6714848883048601,0.03605175846051691,0.0,0.0,0.014524987788067231,0.0,0.0,0.5705128205128205,0.0,0.0,0.5267866167997574,0.0,0.0,0.0,0.0
4381,40,1.1557500000000003,0.8999999999999841,1.148232972371217,0.6720979657929339,0.015570899292691492,0.0,0.0,0.014528880556686607,0.0,0.0,0.4,0.0,0.0,0.5262625240360287,0.0,0.0,0.0,0.0
4382,46,0.974347826086957,0.7826086956521543,1.1473222053616585,0.6730399595346463,0.0118477398889766,0.0,0.0,0.01452003513093431,0.0,0.0,0.32065217391304346,0.0,0.0,0.5249114820435002,0.0,0.0,0.0,0.0
4383,45,1.268444444444445,0.5999999999999891,1.146977026616739,0.6724015787875699,0.02307194826192487,0.0,0.0,0.014534262333555089,0.0,0.0,0.6555555555555556,0.0,0.0,0.524820362311507,0.0,0.0,0.0,0.0
4384,47,1.1751063829787238,0.8936170212765823,1.1470094120028331,0.6726039874506607,0.01527378318584036,0.0,0.0,0.01452035278502344,0.0,0.0,0.4574468085106383,0.0,0.0,0.5247697601457343,0.0,0.0,0.0,0.0
4385,46,1.0121739130434788,0.8478260869565051,1.1479931146213038,0.673957067638718,0.010775283499189296,0.0,0.0,0.014503525595103973,0.0,0.0,0.33695652173913043,0.0,0.0,0.5248329283110571,0.0,0.0,0.0,0.0
4386,54,0.9892592592592597,0.5555555555555627,1.1476789148699258,0.6736511792691549,0.014720308624965442,0.0,0.0,0.014515436042268815,0.0,0.0,0.4351851851851852,0.0,0.0,0.5245723251341229,0.0,0.0,0.0,0.0
4387,43,1.1218604651162796,0.6279069767441775,1.147945371775417,0.673444613050074,0.015160276555625268,0.0,0.0,0.014513669589240732,0.0,0.0,0.5,0.0,0.0,0.5247091552857865,0.0,0.0,0.0,0.0
4388,47,1.4695744680851068,0.9361702127659474,1.1488472418670432,0.673974540311172,0.021597873671043762,0.0,0.0,0.014538911789374524,0.0,0.0,0.7340425531914894,0.0,0.0,0.5256364922206507,0.0,0.0,0.0,0.0
4389,38,1.2952631578947373,0.9210526315789509,1.1507636290077874,0.6749266713866673,0.01889443378118984,0.0,0.0,0.014569146334279954,0.0,0.0,0.5526315789473685,0.0,0.0,0.5268281581875189,0.0,0.0,0.0,0.0
4390,50,1.2582000000000007,0.7399999999999981,1.1511881188118807,0.6746817538896726,0.018367883211678433,0.0,0.0,0.014586402447610522,0.0,0.0,0.61,0.0,0.0,0.527556071933724,0.0,0.0,0.0,0.0
4391,53,1.2875471698113212,0.6792452830188872,1.1530044435467577,0.6765299939406161,0.019637410071942318,0.0,0.0,0.014623201566700581,0.0,0.0,0.6320754716981132,0.0,0.0,0.5279236517875177,0.0,0.0,0.0,0.0
4392,54,1.038518518518519,0.6666666666666736,1.1510265201169703,0.6755067056569509,0.01442015942401617,0.0,0.0,0.014596785434326862,0.0,0.0,0.48148148148148145,0.0,0.0,0.5272763940707875,0.0,0.0,0.0,0.0
4393,51,1.1649019607843143,0.882352941176493,1.1513011077542794,0.6761329305135934,0.015560502881090088,0.0,0.0,0.0146082545361614,0.0,0.0,0.43137254901960786,0.0,0.0,0.527190332326284,0.0,0.0,0.0,0.0
4394,61,1.1903278688524597,0.6885245901639621,1.152081488933601,0.6765593561368192,0.016506024096385036,0.0,0.0,0.014610008611615996,0.0,0.0,0.5491803278688525,0.0,0.0,0.5277917505030181,0.0,0.0,0.0,0.0
4395,49,1.0902040816326537,0.6938775510204,1.1510490284908885,0.6767341185945821,0.016232148283196496,0.0,0.0,0.014603254684628074,0.0,0.0,0.46938775510204084,0.0,0.0,0.5270059397966375,0.0,0.0,0.0,0.0
4396,46,0.9954347826086961,0.5869565217391408,1.1486998588994153,0.6753678693811718,0.009684856175972915,0.0,0.0,0.01454417844928783,0.0,0.0,0.45108695652173914,0.0,0.0,0.525902035879863,0.0,0.0,0.0,0.0
4397,61,1.5672131147540989,1.0819672131147697,1.1516599557076705,0.6778739681900532,0.024412665985699317,0.0,0.0,0.014587732910344786,0.0,0.0,0.6229508196721312,0.0,0.0,0.5265753976243205,0.0,0.0,0.0,0.0
4398,43,1.2318604651162794,0.5813953488372355,1.1543257690368125,0.6776601109430146,0.016646763042112246,0.0,0.0,0.014622695628065412,0.0,0.0,0.7034883720930233,0.0,0.0,0.5289712556732223,0.0,0.0,0.0,0.0
4399,57,1.1712280701754392,0.5263157894736706,1.1541492146596855,0.675795408779701,0.01862203626220377,0.0,0.0,0.014639130362599966,0.0,0.0,0.6491228070175439,0.0,0.0,0.530029198550141,0.0,0.0,0.0,0.0
4400,50,1.3632000000000004,0.6400000000000052,1.1562195367573007,0.6745216515609253,0.01842162162162187,0.0,0.0,0.014666595130151635,0.0,0.0,0.675,0.0,0.0,0.5322759315206446,0.0,0.0,0.0,0.0
4401,68,0.9400000000000004,0.5000000000000155,1.1557743362831856,0.6745776347546246,0.01104353835521842,0.0,0.0,0.014669118960948684,0.0,0.0,0.49264705882352944,0.0,0.0,0.5323561946902655,0.0,0.0,0.0,0.0
4402,43,1.086511627906977,0.6976744186046623,1.1550920801046591,0.6742477608936287,0.012399150743099408,0.0,0.0,0.0146561818068059,0.0,0.0,0.43023255813953487,0.0,0.0,0.5321274026366106,0.0,0.0,0.0,0.0
4403,55,1.0403636363636368,0.6181818181818454,1.1558106068229845,0.6744490288819555,0.013911986384634789,0.0,0.0,0.01466655344058302,0.0,0.0,0.509090909090909,0.0,0.0,0.5326305726074267,0.0,0.0,0.0,0.0
4404,49,1.2753061224489801,0.7755102040816686,1.1558764960273558,0.6744443326963684,0.01705978705978786,0.0,0.0,0.014672910559805435,0.0,0.0,0.5663265306122449,0.0,0.0,0.5324851654430253,0.0,0.0,0.0,0.0
4405,42,1.1288095238095244,0.7142857142856804,1.1564619412001607,0.6741844542891652,0.015709078860171966,0.0,0.0,0.014693271350117653,0.0,0.0,0.5,0.0,0.0,0.5331504228755538,0.0,0.0,0.0,0.0
4406,52,1.2930769230769235,0.7307692307692751,1.1566676731078902,0.6741143317230266,0.014541522491350241,0.0,0.0,0.014688857191790363,0.0,0.0,0.5673076923076923,0.0,0.0,0.5331873993558777,0.0,0.0,0.0,0.0
4407,58,1.2332758620689663,0.7241379310344681,1.157045500301993,0.6738473927924291,0.018205650292694685,0.0,0.0,0.014677772173235596,0.0,0.0,0.521551724137931,0.0,0.0,0.5334205758002819,0.0,0.0,0.0,0.0
4408,54,1.1187037037037042,0.7037037037036846,1.1580068417345808,0.6740114699667965,0.013900138057984292,0.0,0.0,0.014685865143650351,0.0,0.0,0.5185185185185185,0.0,0.0,0.5346111278800684,0.0,0.0,0.0,0.0
4409,45,1.045555555555556,0.5333333333333155,1.1583040935672513,0.6738253680177443,0.0101379013143719,0.0,0.0,0.014672095449860513,0.0,0.0,0.6555555555555556,0.0,0.0,0.5354406130268199,0.0,0.0,0.0,0.0
4410,52,1.1938461538461544,0.7692307692308049,1.1574367758186395,0.6745591939546589,0.01451484685527427,0.0,0.0,0.014647156776991984,0.0,0.0,0.5384615384615384,0.0,0.0,0.5345088161209068,0.0,0.0,0.0,0.0
4411,44,1.4465909090909095,0.9999999999999251,1.1589409512293427,0.6752317613865363,0.016758820431805713,0.0,0.0,0.01468611735021565,0.0,0.0,0.5625,0.0,0.0,0.5350413139862958,0.0,0.0,0.0,0.0
4412,58,0.9644827586206902,0.44827586206896536,1.1573516671703432,0.6742218192807482,0.015599553820412117,0.0,0.0,0.014687158836688958,0.0,0.0,0.5431034482758621,0.0,0.0,0.5345270474463584,0.0,0.0,0.0,0.0
4413,40,1.3225000000000007,0.850000000000003,1.1589553292326304,0.6744983361903789,0.01741850510372082,0.0,0.0,0.01470397236614845,0.0,0.0,0.5875,0.0,0.0,0.5357719068266613,0.0,0.0,0.0,0.0
4414,52,1.2655769230769234,0.8076923076922954,1.1612143217347448,0.6766515380736245,0.012838470542332439,0.0,0.0,0.014715071732114815,0.0,0.0,0.5721153846153846,0.0,0.0,0.5362077660110943,0.0,0.0,0.0,0.0
4415,54,0.9829629629629636,0.5925925925925953,1.1611537686416762,0.6760378879484067,0.012185491276400246,0.0,0.0,0.014713256408717587,0.0,0.0,0.42592592592592593,0.0,0.0,0.5359230149133414,0.0,0.0,0.0,0.0
4416,45,0.8144444444444449,0.6000000000000016,1.1590138286060356,0.6762894922781858,0.013459419757619929,0.0,0.0,0.014703336385230442,0.0,0.0,0.3388888888888889,0.0,0.0,0.5341929948521248,0.0,0.0,0.0,0.0
4417,46,1.1991304347826095,0.7608695652173627,1.1590815398605634,0.6756592906941485,0.014788203753350682,0.0,0.0,0.014706886118532643,0.0,0.0,0.5271739130434783,0.0,0.0,0.5343538445993735,0.0,0.0,0.0,0.0
4418,40,1.2302500000000003,0.8000000000000522,1.1580910470409707,0.6746585735963568,0.01202590420332387,0.0,0.0,0.014673604577534213,0.0,0.0,0.5,0.0,0.0,0.534243803743045,0.0,0.0,0.0,0.0
4419,49,1.1765306122448984,0.6938775510204441,1.1567351067057747,0.6734095276625864,0.013357275254866357,0.0,0.0,0.014651070136984115,0.0,0.0,0.576530612244898,0.0,0.0,0.5341104480631131,0.0,0.0,0.0,0.0
4420,49,1.2500000000000007,0.9183673469387879,1.1570413006159745,0.6746440472584058,0.017070791527313424,0.0,0.0,0.014668047508468037,0.0,0.0,0.46938775510204084,0.0,0.0,0.5336514187619913,0.0,0.0,0.0,0.0
4421,56,1.0371428571428576,0.7857142857143459,1.156155783958081,0.6752317613865373,0.009865806013249677,0.0,0.0,0.014616835931329262,0.0,0.0,0.39285714285714285,0.0,0.0,0.5328748488512697,0.0,0.0,0.0,0.0
4422,54,1.1498148148148155,0.7407407407407419,1.1551429722110345,0.6750906161900921,0.016876868714324162,0.0,0.0,0.014608787774991937,0.0,0.0,0.5,0.0,0.0,0.5322946033024567,0.0,0.0,0.0,0.0
4423,40,1.1450000000000005,0.7000000000000012,1.1552314207925778,0.6760108903902385,0.012839921502663738,0.0,0.0,0.01459732095189913,0.0,0.0,0.51875,0.0,0.0,0.531814056670364,0.0,0.0,0.0,0.0
4424,49,1.2393877551020414,0.6326530612245111,1.1539584174404514,0.6745054501412999,0.015680351148980164,0.0,0.0,0.014576731887485421,0.0,0.0,0.6122448979591837,0.0,0.0,0.531893419459023,0.0,0.0,0.0,0.0
4425,48,1.4804166666666674,0.604166666666656,1.155127169963665,0.6748082357690754,0.016830885836096463,0.0,0.0,0.014566146468361681,0.0,0.0,0.8125,0.0,0.0,0.532524222850222,0.0,0.0,0.0,0.0
4426,55,0.9665454545454548,0.5818181818182343,1.155700434299565,0.6750833249166753,0.010127643360640521,0.0,0.0,0.014571573017110017,0.0,0.0,0.40454545454545454,0.0,0.0,0.5323704676295323,0.0,0.0,0.0,0.0
4427,50,0.9012000000000004,0.5799999999999956,1.1543884456115536,0.6754873245126757,0.011112207151664744,0.0,0.0,0.01455786731880037,0.0,0.0,0.4,0.0,0.0,0.5309059690940309,0.0,0.0,0.0,0.0
4428,54,1.3472222222222228,0.7777777777777629,1.155475373435607,0.6756156641098102,0.02275570847669604,0.0,0.0,0.014592545195215993,0.0,0.0,0.6481481481481481,0.0,0.0,0.5317924909164312,0.0,0.0,0.0,0.0
4429,45,1.1497777777777785,0.5777777777777514,1.1556200767521707,0.675217127852959,0.017081545064378006,0.0,0.0,0.014595041006083892,0.0,0.0,0.5777777777777777,0.0,0.0,0.5321147242981216,0.0,0.0,0.0,0.0
4430,53,0.9743396226415099,0.6792452830188608,1.154708669354838,0.6749999999999999,0.010931414055884067,0.0,0.0,0.014567417502200048,0.0,0.0,0.4481132075471698,0.0,0.0,0.5318296370967742,0.0,0.0,0.0,0.0
4431,53,1.1773584905660381,0.679245283018894,1.1552112108075405,0.6746647847565282,0.01523437500000059,0.0,0.0,0.014587723363191423,0.0,0.0,0.5188679245283019,0.0,0.0,0.5326393789696542,0.0,0.0,0.0,0.0
4432,34,1.251176470588236,0.7058823529412104,1.1546417036737984,0.6743035930561166,0.01841558441558515,0.0,0.0,0.014590125047028087,0.0,0.0,0.6176470588235294,0.0,0.0,0.5322719014937425,0.0,0.0,0.0,0.0
4433,42,1.2116666666666671,1.0000000000000004,1.1554347826086948,0.6771486349848336,0.011160087719297745,0.0,0.0,0.014554521903267415,0.0,0.0,0.40476190476190477,0.0,0.0,0.5312436804853388,0.0,0.0,0.0,0.0
4434,44,0.9650000000000003,0.29545454545454314,1.153680056662956,0.6753010219568961,0.009696277688970129,0.0,0.0,0.014522206513570954,0.0,0.0,0.6079545454545454,0.0,0.0,0.5306334109076192,0.0,0.0,0.0,0.0
4435,56,0.9464285714285722,0.5535714285713893,1.152455235204855,0.6742539200809309,0.01187542012099426,0.0,0.0,0.014515381792605676,0.0,0.0,0.45982142857142855,0.0,0.0,0.529969650986343,0.0,0.0,0.0,0.0
4436,45,1.099555555555556,0.5777777777777637,1.1518003240178198,0.6737545565006077,0.015318885448916192,0.0,0.0,0.014504052144908117,0.0,0.0,0.5944444444444444,0.0,0.0,0.530250101255569,0.0,0.0,0.0,0.0
4437,45,0.8291111111111115,0.5333333333333025,1.1493767102462744,0.6731529340224991,0.009810675782277048,0.0,0.0,0.014464271365948854,0.0,0.0,0.3611111111111111,0.0,0.0,0.528884159318942,0.0,0.0,0.0,0.0
4438,41,0.7370731707317076,0.5365853658536555,1.1470914071218412,0.6714010347976052,0.008654066437571729,0.0,0.0,0.014443835532442391,0.0,0.0,0.2682926829268293,0.0,0.0,0.5282033072943086,0.0,0.0,0.0,0.0
4439,47,1.0189361702127662,0.702127659574459,1.1467126343540852,0.6721760292030009,0.011308146399055467,0.0,0.0,0.014430334520880697,0.0,0.0,0.4148936170212766,0.0,0.0,0.5277834110728047,0.0,0.0,0.0,0.0
4440,47,0.999787234042554,0.46808510638298445,1.1466822145609397,0.6721760292030008,0.013514524014955688,0.0,0.0,0.014447335977872684,0.0,0.0,0.526595744680851,0.0,0.0,0.5275806124518353,0.0,0.0,0.0,0.0
4441,54,1.1190740740740748,0.5740740740740561,1.1472362420188496,0.6713286713286707,0.015724694249284032,0.0,0.0,0.014471165769658475,0.0,0.0,0.5648148148148148,0.0,0.0,0.5284280936454849,0.0,0.0,0.0,0.0
4442,62,1.2485483870967748,0.854838709677391,1.1486256451776125,0.6726039874506622,0.013592625109744877,0.0,0.0,0.01450390917525213,0.0,0.0,0.5080645161290323,0.0,0.0,0.528463718247141,0.0,0.0,0.0,0.0
4443,55,1.036363636363637,0.654545454545439,1.148259240506328,0.6734177215189865,0.014203837528034209,0.0,0.0,0.01450061447291517,0.0,0.0,0.4954545454545455,0.0,0.0,0.527873417721519,0.0,0.0,0.0,0.0
4444,54,0.9581481481481485,0.48148148148148456,1.147368634200667,0.6720664169282161,0.013720498541500233,0.0,0.0,0.014505249765446832,0.0,0.0,0.46296296296296297,0.0,0.0,0.5278677736154703,0.0,0.0,0.0,0.0
4445,53,0.9758490566037739,0.47169811320753746,1.145406088803478,0.6698695256397279,0.011243478260869471,0.0,0.0,0.01445786654921254,0.0,0.0,0.5283018867924528,0.0,0.0,0.5273591584909477,0.0,0.0,0.0,0.0
4446,42,1.112380952380953,0.8571428571428421,1.1457615291262124,0.6718244336569569,0.010872701885035923,0.0,0.0,0.014436427951593452,0.0,0.0,0.4523809523809524,0.0,0.0,0.5267495954692557,0.0,0.0,0.0,0.0
4447,58,1.3465517241379317,0.7758620689655221,1.147078617623281,0.6734033953112358,0.023024764150943178,0.0,0.0,0.01447041411821088,0.0,0.0,0.6206896551724138,0.0,0.0,0.5269805982215037,0.0,0.0,0.0,0.0
4448,47,1.1378723404255324,0.6808510638297681,1.1472375075864847,0.6731741857171749,0.014055190538764478,0.0,0.0,0.014520487789264729,0.0,0.0,0.5585106382978723,0.0,0.0,0.5270837548047744,0.0,0.0,0.0,0.0
4449,57,1.299649122807018,0.7368421052631827,1.1476398583712684,0.6731411229135044,0.016353200883002468,0.0,0.0,0.014531813424777143,0.0,0.0,0.6052631578947368,0.0,0.0,0.5275923115832069,0.0,0.0,0.0,0.0
4450,52,0.7046153846153849,0.3846153846153716,1.1449636290159615,0.6718528995756706,0.007827387310404397,0.0,0.0,0.014509762499199733,0.0,0.0,0.39903846153846156,0.0,0.0,0.5266215397049909,0.0,0.0,0.0,0.0
4451,60,1.237333333333334,0.7833333333333119,1.145255570117954,0.6729509023086991,0.012967685589519395,0.0,0.0,0.014503569144107564,0.0,0.0,0.5833333333333334,0.0,0.0,0.5265903820949692,0.0,0.0,0.0,0.0
4452,63,1.3809523809523814,0.8571428571428051,1.1486654589371967,0.674617552334942,0.014167073766486356,0.0,0.0,0.01452374953233915,0.0,0.0,0.6309523809523809,0.0,0.0,0.5286584138486312,0.0,0.0,0.0,0.0
4453,47,1.1970212765957453,0.893617021276609,1.148019931548217,0.6745520434870129,0.017652965171006965,0.0,0.0,0.014530731389095155,0.0,0.0,0.44680851063829785,0.0,0.0,0.5282866921683108,0.0,0.0,0.0,0.0
4454,61,1.0642622950819678,0.7213114754097869,1.1471257665627814,0.6746757816427046,0.011868372943326846,0.0,0.0,0.014511179898311303,0.0,0.0,0.45901639344262296,0.0,0.0,0.5277973258268824,0.0,0.0,0.0,0.0
4455,52,1.2161538461538468,0.8269230769231004,1.1473224153521537,0.6751733145785173,0.013735881841876409,0.0,0.0,0.014496538136356986,0.0,0.0,0.5288461538461539,0.0,0.0,0.527479152014468,0.0,0.0,0.0,0.0
4456,45,1.0753333333333337,0.5777777777777908,1.1460680148908329,0.6747157661736578,0.011175519630485162,0.0,0.0,0.014458686366723079,0.0,0.0,0.5555555555555556,0.0,0.0,0.5270650970922628,0.0,0.0,0.0,0.0
4457,50,1.1550000000000005,0.8400000000000267,1.146346328195828,0.6763372620126911,0.014750957854406438,0.0,0.0,0.014477262752132443,0.0,0.0,0.43,0.0,0.0,0.5263926664651959,0.0,0.0,0.0,0.0
4458,48,1.0533333333333337,0.5833333333333347,1.1468578629032244,0.6768145161290307,0.01324947589098536,0.0,0.0,0.01447829877129233,0.0,0.0,0.5416666666666666,0.0,0.0,0.5270917338709677,0.0,0.0,0.0,0.0
4459,46,1.1067391304347833,0.5652173913043584,1.1474510002020597,0.6780157607597482,0.014300561797752584,0.0,0.0,0.014474254683833966,0.0,0.0,0.5652173913043478,0.0,0.0,0.527050919377652,0.0,0.0,0.0,0.0
4460,55,1.3169090909090915,0.6727272727272925,1.1489962637584559,0.6787842068060173,0.019644697586113265,0.0,0.0,0.014507650664085991,0.0,0.0,0.6181818181818182,0.0,0.0,0.5276936281934768,0.0,0.0,0.0,0.0
4461,51,0.8166666666666671,0.5490196078430893,1.1466794586952118,0.6779438497273262,0.01063856960408715,0.0,0.0,0.01448639255727546,0.0,0.0,0.31862745098039214,0.0,0.0,0.5259038578065037,0.0,0.0,0.0,0.0
4462,43,1.082558139534884,0.6744186046511536,1.146702396602284,0.6781272120537956,0.016512947853849075,0.0,0.0,0.014509982559471118,0.0,0.0,0.5348837209302325,0.0,0.0,0.5260390332692891,0.0,0.0,0.0,0.0
4463,50,1.3514000000000004,0.8000000000000016,1.1488967468175373,0.6795312184279637,0.012753869384672838,0.0,0.0,0.014519285155237486,0.0,0.0,0.62,0.0,0.0,0.5265205091937766,0.0,0.0,0.0,0.0
4464,40,1.3222500000000006,0.60000000000001,1.1489891842717057,0.679470332558373,0.01727302416721083,0.0,0.0,0.014526045274126409,0.0,0.0,0.775,0.0,0.0,0.5269382391590013,0.0,0.0,0.0,0.0
4465,41,1.3568292682926832,0.8780487804877988,1.150823041101436,0.6809070662077328,0.010901430531060836,0.0,0.0,0.014500485992943471,0.0,0.0,0.5792682926829268,0.0,0.0,0.5276624822838631,0.0,0.0,0.0,0.0
4466,40,1.0450000000000004,0.47500000000000453,1.149667679837891,0.6797365754812545,0.017511520737327202,0.0,0.0,0.014502536968163223,0.0,0.0,0.68125,0.0,0.0,0.5278622087132725,0.0,0.0,0.0,0.0
4467,49,1.1000000000000003,0.6122448979591568,1.149450126582277,0.680202531645568,0.01453613807982688,0.0,0.0,0.014504357381992832,0.0,0.0,0.5204081632653061,0.0,0.0,0.5276708860759494,0.0,0.0,0.0,0.0
4468,39,1.1938461538461544,0.6153846153845904,1.1513714169958456,0.6806441810999678,0.015136540962287903,0.0,0.0,0.014526809606935493,0.0,0.0,0.6794871794871795,0.0,0.0,0.5293477159931125,0.0,0.0,0.0,0.0
4469,52,1.198461538461539,0.6538461538461544,1.1500596622509842,0.6789361917281813,0.017589613322043562,0.0,0.0,0.014533625719784324,0.0,0.0,0.5721153846153846,0.0,0.0,0.52937607442613,0.0,0.0,0.0,0.0
4470,52,1.1167307692307697,0.6538461538461344,1.1501678123736334,0.6791346542660719,0.011517255057516891,0.0,0.0,0.014528484997075708,0.0,0.0,0.4807692307692308,0.0,0.0,0.5290133441164577,0.0,0.0,0.0,0.0
4471,60,1.1555000000000004,0.7500000000000019,1.1498505503382794,0.679289104311823,0.011900102986611996,0.0,0.0,0.014505564918529322,0.0,0.0,0.5041666666666667,0.0,0.0,0.5286276885792184,0.0,0.0,0.0,0.0
4472,63,1.0238095238095242,0.5079365079365039,1.1495907670597705,0.6789638141316382,0.010652353426919507,0.0,0.0,0.014482047101518212,0.0,0.0,0.503968253968254,0.0,0.0,0.5283489567583913,0.0,0.0,0.0,0.0
4473,43,1.125348837209303,0.8372093023255636,1.150045399515737,0.6798829701372054,0.014410363311493932,0.0,0.0,0.01449100799218952,0.0,0.0,0.3953488372093023,0.0,0.0,0.5278198143664246,0.0,0.0,0.0,0.0
4474,45,1.023555555555556,0.622222222222219,1.1499112187247762,0.6799838579499579,0.011406636948984587,0.0,0.0,0.0144717299031613,0.0,0.0,0.45555555555555555,0.0,0.0,0.5277693704600485,0.0,0.0,0.0,0.0
4475,49,1.2059183673469394,0.9387755102041386,1.1510439172135267,0.6808682483594128,0.01871713652201536,0.0,0.0,0.014493862944388218,0.0,0.0,0.42857142857142855,0.0,0.0,0.5283947501261989,0.0,0.0,0.0,0.0
4476,45,0.9491111111111115,0.6666666666666242,1.1499131225376282,0.681179917163348,0.009582678932017311,0.0,0.0,0.01447948599878386,0.0,0.0,0.36666666666666664,0.0,0.0,0.5270229316092535,0.0,0.0,0.0,0.0
4477,53,1.1175471698113213,0.7169811320754979,1.1494225721784757,0.6812033111245693,0.012159720796551247,0.0,0.0,0.014465566372726927,0.0,0.0,0.5188679245283019,0.0,0.0,0.5267514637593378,0.0,0.0,0.0,0.0
4478,58,0.9610344827586211,0.55172413793103,1.1473578055667588,0.6809197256958436,0.011017987744613775,0.0,0.0,0.014440691648357422,0.0,0.0,0.4224137931034483,0.0,0.0,0.5252622025010085,0.0,0.0,0.0,0.0
4479,50,1.2914000000000003,0.7399999999999778,1.1487696651875736,0.6822307382008859,0.012685658153241403,0.0,0.0,0.014449602963188386,0.0,0.0,0.61,0.0,0.0,0.5254134731746672,0.0,0.0,0.0,0.0
4480,51,0.8378431372549023,0.47058823529411414,1.1474316554019954,0.6804196509633798,0.008967471143756523,0.0,0.0,0.014394335148049912,0.0,0.0,0.39215686274509803,0.0,0.0,0.5253202864924846,0.0,0.0,0.0,0.0
4481,59,1.292372881355933,0.5932203389830625,1.1498389207691515,0.6811637974428656,0.01939216683621518,0.0,0.0,0.014440533402113641,0.0,0.0,0.652542372881356,0.0,0.0,0.5268297593878989,0.0,0.0,0.0,0.0
4482,55,1.0254545454545458,0.6181818181818061,1.1498742328202012,0.6806519770600645,0.009572301425662125,0.0,0.0,0.014420182148075337,0.0,0.0,0.4727272727272727,0.0,0.0,0.5270399436563035,0.0,0.0,0.0,0.0
4483,47,1.4378723404255325,0.8510638297872478,1.1508349260637742,0.6819233477517335,0.018484682713348848,0.0,0.0,0.014435680469191543,0.0,0.0,0.648936170212766,0.0,0.0,0.5268836133185796,0.0,0.0,0.0,0.0
4484,35,1.2348571428571435,0.9142857142856833,1.1518219357437791,0.6829489374559354,0.014358803986710158,0.0,0.0,0.014447738869314547,0.0,0.0,0.45714285714285713,0.0,0.0,0.5270168194178668,0.0,0.0,0.0,0.0
4485,52,1.247884615384616,0.6153846153846714,1.1525347432024151,0.6825780463242684,0.012869892899644016,0.0,0.0,0.01444342921758392,0.0,0.0,0.6538461538461539,0.0,0.0,0.5279456193353474,0.0,0.0,0.0,0.0
4486,52,0.8569230769230773,0.3846153846153802,1.1503326948281059,0.6805121484020554,0.010755491189958964,0.0,0.0,0.014437087517207788,0.0,0.0,0.5192307692307693,0.0,0.0,0.5276237523943946,0.0,0.0,0.0,0.0
4487,46,1.2728260869565222,0.5869565217391329,1.1514572610757878,0.6817035018669885,0.0173842042755349,0.0,0.0,0.014467972062731966,0.0,0.0,0.6195652173913043,0.0,0.0,0.5276516298314663,0.0,0.0,0.0,0.0
4488,63,1.4455555555555561,0.8888888888888203,1.15483805872263,0.6835838966804545,0.012948954926773806,0.0,0.0,0.014487092670763346,0.0,0.0,0.6031746031746031,0.0,0.0,0.5292099687216224,0.0,0.0,0.0,0.0
4489,51,1.133725490196079,0.705882352941204,1.1555528652138805,0.6847255851493126,0.010950757575757775,0.0,0.0,0.014448510536307763,0.0,0.0,0.5343137254901961,0.0,0.0,0.5291313559322034,0.0,0.0,0.0,0.0
4490,44,1.3609090909090913,0.7954545454545748,1.1561992136304042,0.6857546123601157,0.01599786267699679,0.0,0.0,0.014461547773519726,0.0,0.0,0.6818181818181818,0.0,0.0,0.5292620223812884,0.0,0.0,0.0,0.0
4491,43,1.59093023255814,0.9767441860465349,1.1584806295399495,0.6870460048426138,0.023158429248476435,0.0,0.0,0.014530097522273641,0.0,0.0,0.6162790697674418,0.0,0.0,0.529837570621469,0.0,0.0,0.0,0.0
4492,62,1.107580645161291,0.5806451612903336,1.1573781224818676,0.6859387590652688,0.015145566828407064,0.0,0.0,0.01450468259468376,0.0,0.0,0.5362903225806451,0.0,0.0,0.5295628525382756,0.0,0.0,0.0,0.0
4493,58,1.1479310344827591,0.6724137931034696,1.1565704225352094,0.6854124748490935,0.01471056120194448,0.0,0.0,0.014508087384386976,0.0,0.0,0.5172413793103449,0.0,0.0,0.52897384305835,0.0,0.0,0.0,0.0
4494,47,1.363191489361703,0.8085106382979086,1.1580179182605177,0.6859271189853026,0.01579245748089753,0.0,0.0,0.014551854124105751,0.0,0.0,0.6382978723404256,0.0,0.0,0.5298721562311254,0.0,0.0,0.0,0.0
4495,59,1.2101694915254244,0.67796610169493,1.1591021516187396,0.6864065956163278,0.011989924433249002,0.0,0.0,0.014530596554027574,0.0,0.0,0.6186440677966102,0.0,0.0,0.530741001407601,0.0,0.0,0.0,0.0
4496,45,1.1420000000000003,0.5333333333333355,1.1583742207922767,0.6852000804343451,0.01692687747035544,0.0,0.0,0.014536458517333364,0.0,0.0,0.6444444444444445,0.0,0.0,0.5311180374019706,0.0,0.0,0.0,0.0
4497,49,1.4097959183673474,0.9591836734694124,1.1593968030561963,0.6861365235749468,0.018894967177244086,0.0,0.0,0.014543652319981164,0.0,0.0,0.5714285714285714,0.0,0.0,0.5317181059615964,0.0,0.0,0.0,0.0
4498,48,1.397291666666667,0.7500000000000053,1.1598440957553795,0.6862804264735463,0.020713403335393274,0.0,0.0,0.014547728866931368,0.0,0.0,0.71875,0.0,0.0,0.5321363910681955,0.0,0.0,0.0,0.0
4499,48,1.1281250000000007,0.9583333333332891,1.1602567200241602,0.6891170844659212,0.011774298760599797,0.0,0.0,0.014542684196380166,0.0,0.0,0.421875,0.0,0.0,0.531309775495822,0.0,0.0,0.0,0.0
4500,37,1.1727027027027033,0.4864864864864913,1.1592758446797764,0.6883509833585472,0.013618957940992105,0.0,0.0,0.014549240400900158,0.0,0.0,0.581081081081081,0.0,0.0,0.5308371154815935,0.0,0.0,0.0,0.0
4501,61,1.0570491803278692,0.4918032786885267,1.1583199033037856,0.6866438356164379,0.012808899483511963,0.0,0.0,0.01453261048135363,0.0,0.0,0.5778688524590164,0.0,0.0,0.5309226430298146,0.0,0.0,0.0,0.0
4502,51,1.1778431372549023,0.7843137254901169,1.1587099375125967,0.68766377746422,0.013879390018482986,0.0,0.0,0.014535882263692831,0.0,0.0,0.5098039215686274,0.0,0.0,0.5306641806087482,0.0,0.0,0.0,0.0
4503,63,1.168412698412699,0.6984126984126052,1.159362301347816,0.6886944276805457,0.01407995409334238,0.0,0.0,0.014569496075871036,0.0,0.0,0.5396825396825397,0.0,0.0,0.5305773486220077,0.0,0.0,0.0,0.0
4504,49,1.2328571428571433,0.7346938775510123,1.1593643130154885,0.6888955944477958,0.019312659846547814,0.0,0.0,0.014600840602254186,0.0,0.0,0.5714285714285714,0.0,0.0,0.5307282236974452,0.0,0.0,0.0,0.0
4505,45,1.1495555555555559,0.6666666666666722,1.1606027369692078,0.6903803582209687,0.015628398791540963,0.0,0.0,0.014624042418848,0.0,0.0,0.4777777777777778,0.0,0.0,0.5305896558663715,0.0,0.0,0.0,0.0
4506,45,1.2753333333333339,0.7333333333333346,1.1628125629152393,0.6917656533118569,0.012629841549295162,0.0,0.0,0.01462427694438492,0.0,0.0,0.6,0.0,0.0,0.5319106100261728,0.0,0.0,0.0,0.0
4507,50,1.2668000000000006,0.97999999999994,1.1627695092518089,0.6935840707964586,0.017160661067460278,0.0,0.0,0.01462309047472695,0.0,0.0,0.435,0.0,0.0,0.5305711987127917,0.0,0.0,0.0,0.0
4508,43,1.016511627906977,0.6976744186046598,1.1628201772049926,0.6937172774869091,0.01242114236999183,0.0,0.0,0.014626502178942992,0.0,0.0,0.3953488372093023,0.0,0.0,0.5301298832057995,0.0,0.0,0.0,0.0
4509,50,1.0416000000000005,0.8000000000000259,1.1628853516018525,0.6937336288535144,0.01245933014354117,0.0,0.0,0.014615894031349346,0.0,0.0,0.33,0.0,0.0,0.5298962321176708,0.0,0.0,0.0,0.0
4510,57,1.083508771929825,0.7017543859648786,1.1624056366381468,0.694715651736284,0.014810551558752503,0.0,0.0,0.014635194166452193,0.0,0.0,0.4649122807017544,0.0,0.0,0.5287619526925013,0.0,0.0,0.0,0.0
4511,50,1.0832000000000006,0.8000000000000099,1.1630220610456319,0.6956784527047426,0.013012974531475686,0.0,0.0,0.014617733750645628,0.0,0.0,0.375,0.0,0.0,0.5284325576709983,0.0,0.0,0.0,0.0
4512,52,1.3282692307692312,0.7500000000000235,1.1642628237428185,0.6956565554771723,0.012720073664825434,0.0,0.0,0.014616162191226148,0.0,0.0,0.5961538461538461,0.0,0.0,0.5290990627834324,0.0,0.0,0.0,0.0
4513,55,1.2300000000000006,0.5999999999999897,1.1649456193353462,0.6942598187311159,0.011388888888889608,0.0,0.0,0.014616798835498995,0.0,0.0,0.6409090909090909,0.0,0.0,0.5303121852970796,0.0,0.0,0.0,0.0
4514,55,1.101454545454546,0.6545454545454499,1.1643354812726527,0.6945227547321768,0.012966609589041037,0.0,0.0,0.014604003283450061,0.0,0.0,0.43636363636363634,0.0,0.0,0.5290726943213854,0.0,0.0,0.0,0.0
4515,53,1.0894339622641516,0.5660377358490642,1.1639133501259433,0.6958186397984867,0.014805128205128094,0.0,0.0,0.014588530064002419,0.0,0.0,0.5849056603773585,0.0,0.0,0.5284886649874055,0.0,0.0,0.0,0.0
4516,44,1.4334090909090915,0.9545454545454434,1.1654580268064083,0.6971681951022856,0.01884374066328065,0.0,0.0,0.014604523234330933,0.0,0.0,0.625,0.0,0.0,0.5290486747959287,0.0,0.0,0.0,0.0
4517,60,1.2111666666666672,0.7333333333333457,1.1648017310789038,0.697866344605473,0.01707070707070726,0.0,0.0,0.014644419390635615,0.0,0.0,0.49583333333333335,0.0,0.0,0.5280797101449275,0.0,0.0,0.0,0.0
4518,52,1.2740384615384621,0.730769230769199,1.1649345681497874,0.6980068451781738,0.01866723020569123,0.0,0.0,0.014660003293682377,0.0,0.0,0.5961538461538461,0.0,0.0,0.5285383531306623,0.0,0.0,0.0,0.0
4519,48,0.8189583333333337,0.6041666666666475,1.1620086632416629,0.6967865417548081,0.01162673765158155,0.0,0.0,0.014628667229733926,0.0,0.0,0.3802083333333333,0.0,0.0,0.5274000201470737,0.0,0.0,0.0,0.0
4520,53,1.4352830188679253,1.0566037735849272,1.163169184290029,0.6980866062437039,0.014426322776408226,0.0,0.0,0.014646123686476213,0.0,0.0,0.5377358490566038,0.0,0.0,0.5273917421953676,0.0,0.0,0.0,0.0
4521,57,1.1724561403508778,0.7368421052631484,1.1634232511323592,0.6987418218419709,0.013922916666666457,0.0,0.0,0.014657962982924376,0.0,0.0,0.5043859649122807,0.0,0.0,0.5271263210870659,0.0,0.0,0.0,0.0
4522,37,1.4381081081081084,0.8108108108108004,1.1643763852508553,0.6991738867620371,0.013064080530321638,0.0,0.0,0.014665516191249534,0.0,0.0,0.6621621621621622,0.0,0.0,0.5275538988515011,0.0,0.0,0.0,0.0
4523,36,1.0063888888888894,0.7222222222222056,1.1632949843576537,0.6985568674941953,0.018608115048792857,0.0,0.0,0.01466903619318123,0.0,0.0,0.3472222222222222,0.0,0.0,0.527096578867696,0.0,0.0,0.0,0.0
4524,48,1.1643750000000006,0.7083333333333605,1.1637048253583675,0.6991722188572566,0.011692468619247538,0.0,0.0,0.014655512824587534,0.0,0.0,0.5729166666666666,0.0,0.0,0.5271804966686856,0.0,0.0,0.0,0.0
4525,50,1.4948000000000008,1.0799999999999543,1.1645548152634755,0.7005855037351084,0.01672784243509443,0.0,0.0,0.014668567192532444,0.0,0.0,0.52,0.0,0.0,0.5267009892994144,0.0,0.0,0.0,0.0
4526,45,1.3386666666666673,0.9777777777777604,1.1655152922176226,0.7016251135560698,0.018095524181435767,0.0,0.0,0.014681885861127536,0.0,0.0,0.4888888888888889,0.0,0.0,0.5269001715958413,0.0,0.0,0.0,0.0
4527,44,0.8856818181818185,0.4545454545454586,1.1647582517411919,0.7018269910164514,0.011612038140643542,0.0,0.0,0.014689813730382554,0.0,0.0,0.4602272727272727,0.0,0.0,0.5260926617543151,0.0,0.0,0.0,0.0
4528,41,1.3712195121951223,0.9268292682926814,1.1656326365747738,0.7021104715742691,0.01588135593220391,0.0,0.0,0.014708837081285994,0.0,0.0,0.573170731707317,0.0,0.0,0.5269615268100576,0.0,0.0,0.0,0.0
4529,49,0.7973469387755107,0.6122448979591876,1.1644630601534098,0.7019580137262803,0.009300166626993634,0.0,0.0,0.014665431147786805,0.0,0.0,0.2857142857142857,0.0,0.0,0.5261152603956399,0.0,0.0,0.0,0.0
4530,54,1.2066666666666672,0.9259259259259509,1.163579574124532,0.702896356847309,0.012028798227801594,0.0,0.0,0.014636769171397461,0.0,0.0,0.47685185185185186,0.0,0.0,0.525330507619336,0.0,0.0,0.0,0.0
4531,54,0.9379629629629634,0.5370370370370179,1.1615390821986875,0.7015632879475525,0.012627773622537874,0.0,0.0,0.014617870452168374,0.0,0.0,0.4861111111111111,0.0,0.0,0.5249369641956632,0.0,0.0,0.0,0.0
4532,46,1.1028260869565223,0.6521739130434885,1.160135026199112,0.7005239822652141,0.01318689888224598,0.0,0.0,0.014615827959173242,0.0,0.0,0.4891304347826087,0.0,0.0,0.5242089883111648,0.0,0.0,0.0,0.0
4533,43,1.1369767441860468,0.5581395348837208,1.1592334073028028,0.6994149687310857,0.014757017808632577,0.0,0.0,0.014589215600400565,0.0,0.0,0.6162790697674418,0.0,0.0,0.5241325398426467,0.0,0.0,0.0,0.0
4534,50,1.3478000000000006,0.7600000000000052,1.159570391286808,0.6994755949979813,0.01284108231707358,0.0,0.0,0.014578523294219017,0.0,0.0,0.67,0.0,0.0,0.5250857200484066,0.0,0.0,0.0,0.0
4535,59,1.0579661016949158,0.5593220338983417,1.1572893145161276,0.698286290322579,0.013593205574912996,0.0,0.0,0.014550364066133872,0.0,0.0,0.5169491525423728,0.0,0.0,0.5242691532258065,0.0,0.0,0.0,0.0
4536,49,1.4063265306122454,1.0612244897959677,1.1587545344619095,0.7006247480854481,0.01751652262328397,0.0,0.0,0.014568548754902797,0.0,0.0,0.4897959183673469,0.0,0.0,0.524108222490931,0.0,0.0,0.0,0.0
4537,55,1.118545454545455,0.8363636363636258,1.1595952884324967,0.7013993758179791,0.013824719101123439,0.0,0.0,0.014565123651542474,0.0,0.0,0.35,0.0,0.0,0.5240108728480821,0.0,0.0,0.0,0.0
4538,41,1.3387804878048786,0.9512195121951351,1.159671536523928,0.7022670025188904,0.01810356200527652,0.0,0.0,0.0145748997082421,0.0,0.0,0.5121951219512195,0.0,0.0,0.5235768261964735,0.0,0.0,0.0,0.0
4539,57,1.247192982456141,0.7368421052632008,1.1607801489832885,0.7030400644252054,0.015304628632939167,0.0,0.0,0.014574636430050176,0.0,0.0,0.6228070175438597,0.0,0.0,0.5246879404066841,0.0,0.0,0.0,0.0
4540,44,1.0770454545454549,0.7272727272727318,1.1617514351898468,0.7052069694833306,0.013828421359790047,0.0,0.0,0.014589890440136654,0.0,0.0,0.4772727272727273,0.0,0.0,0.5241967972605499,0.0,0.0,0.0,0.0
4541,36,0.9827777777777781,0.4999999999999851,1.16076193359572,0.7038046220607517,0.010085518814139268,0.0,0.0,0.014559610021860903,0.0,0.0,0.5138888888888888,0.0,0.0,0.5242960944595823,0.0,0.0,0.0,0.0
4542,52,1.3603846153846157,0.9230769230770034,1.1621930797942086,0.705538182185009,0.012654740608229147,0.0,0.0,0.014541605975770715,0.0,0.0,0.5384615384615384,0.0,0.0,0.5243367295470595,0.0,0.0,0.0,0.0
4543,48,1.4906250000000005,0.6666666666666853,1.163989909182643,0.7053481331987886,0.01466188524590148,0.0,0.0,0.014535444759049684,0.0,0.0,0.75,0.0,0.0,0.5256054490413723,0.0,0.0,0.0,0.0
4544,52,1.1457692307692313,0.653846153846167,1.1637612090680092,0.7054911838790927,0.01452816386247289,0.0,0.0,0.0145250994092037,0.0,0.0,0.5769230769230769,0.0,0.0,0.5255163727959697,0.0,0.0,0.0,0.0
4545,55,1.062363636363637,0.9090909090909386,1.1638767896753368,0.7081064730792495,0.013364592863679076,0.0,0.0,0.014508050021994557,0.0,0.0,0.3181818181818182,0.0,0.0,0.5241228070175439,0.0,0.0,0.0,0.0
4546,49,1.1665306122448984,0.7755102040816687,1.1633863819500392,0.7081990330378726,0.014939884997385876,0.0,0.0,0.01450534683805011,0.0,0.0,0.5255102040816326,0.0,0.0,0.5241236905721193,0.0,0.0,0.0,0.0
4547,48,1.2164583333333336,0.666666666666667,1.16289370277078,0.707808564231738,0.015095656670112935,0.0,0.0,0.014464160169834525,0.0,0.0,0.59375,0.0,0.0,0.5242821158690176,0.0,0.0,0.0,0.0
4548,48,1.4768750000000006,0.8333333333333224,1.1648392299163381,0.7080939421429288,0.0164668989547035,0.0,0.0,0.01448513365981076,0.0,0.0,0.6875,0.0,0.0,0.5257030541276081,0.0,0.0,0.0,0.0
4549,41,1.0017073170731712,0.829268292682952,1.162994549858699,0.7084174404521596,0.013125599232982125,0.0,0.0,0.01447441310101479,0.0,0.0,0.3170731707317073,0.0,0.0,0.524096689543803,0.0,0.0,0.0,0.0
4550,36,1.385555555555556,0.8333333333333646,1.1648913592723587,0.7096513390601311,0.014279988548525758,0.0,0.0,0.014486131062122697,0.0,0.0,0.625,0.0,0.0,0.5249368367862557,0.0,0.0,0.0,0.0
4551,59,1.1554237288135598,0.47457627118645024,1.164044013729052,0.7068443367655965,0.015507279344858982,0.0,0.0,0.014474531847429545,0.0,0.0,0.6652542372881356,0.0,0.0,0.5260952957803352,0.0,0.0,0.0,0.0
4552,44,1.126363636363637,0.522727272727267,1.1636610751818905,0.7049312853678253,0.013901823281907146,0.0,0.0,0.014465549511977555,0.0,0.0,0.5795454545454546,0.0,0.0,0.5269553354890865,0.0,0.0,0.0,0.0
4553,40,1.2640000000000007,0.45000000000000373,1.1644138768079284,0.7041569738039851,0.013731667571971657,0.0,0.0,0.01445242994138712,0.0,0.0,0.675,0.0,0.0,0.5277890158794376,0.0,0.0,0.0,0.0
4554,43,1.26093023255814,0.6511627906976835,1.1638092345078968,0.7037262049412717,0.015734184561810482,0.0,0.0,0.0144370098965876,0.0,0.0,0.6627906976744186,0.0,0.0,0.5279971648440664,0.0,0.0,0.0,0.0
4555,42,1.001666666666667,0.7142857142857428,1.1627305000507138,0.7033167664063295,0.015248278361725471,0.0,0.0,0.014442155710349538,0.0,0.0,0.39285714285714285,0.0,0.0,0.5273100720154174,0.0,0.0,0.0,0.0
4556,50,1.3116000000000005,0.7599999999999973,1.1639845966761235,0.7040940413457643,0.0171227154046989,0.0,0.0,0.014467394768098689,0.0,0.0,0.63,0.0,0.0,0.5280958654235914,0.0,0.0,0.0,0.0
4557,48,0.9841666666666672,0.6666666666666717,1.1632318311002832,0.7042224928948438,0.012664879356568742,0.0,0.0,0.014439579519266962,0.0,0.0,0.4375,0.0,0.0,0.5275832318311002,0.0,0.0,0.0,0.0
4558,41,1.1070731707317079,0.7317073170731582,1.161698477157359,0.7033502538071066,0.012847438437588845,0.0,0.0,0.014418308395022813,0.0,0.0,0.4878048780487805,0.0,0.0,0.5271573604060914,0.0,0.0,0.0,0.0
4559,72,1.4354166666666675,0.8055555555556186,1.1630892332624316,0.7037374658158617,0.019492644285173267,0.0,0.0,0.01443853064509027,0.0,0.0,0.6909722222222222,0.0,0.0,0.5283854957966171,0.0,0.0,0.0,0.0
4560,43,1.0613953488372099,0.7906976744186185,1.1636321233015603,0.7041168120056788,0.012874471086036064,0.0,0.0,0.01442522183240666,0.0,0.0,0.3430232558139535,0.0,0.0,0.5285439059014398,0.0,0.0,0.0,0.0
4561,39,1.185384615384616,0.5128205128205222,1.1633580347172863,0.7025682671809974,0.015202236106543855,0.0,0.0,0.014426865130518806,0.0,0.0,0.6538461538461539,0.0,0.0,0.5293371231347072,0.0,0.0,0.0,0.0
4562,41,1.3229268292682932,0.6829268292682837,1.1632223012084886,0.702853661013507,0.025076282940360014,0.0,0.0,0.014439556006580428,0.0,0.0,0.6341463414634146,0.0,0.0,0.5289936021123185,0.0,0.0,0.0,0.0
4563,54,1.231481481481482,0.4444444444444399,1.1641990463629894,0.7025464137161412,0.017919698194557052,0.0,0.0,0.014440743360070014,0.0,0.0,0.6990740740740741,0.0,0.0,0.5293446281830172,0.0,0.0,0.0,0.0
4564,50,1.1032000000000004,0.6200000000000183,1.1645308066477489,0.7014592622618571,0.015099917875718114,0.0,0.0,0.01444538163716809,0.0,0.0,0.535,0.0,0.0,0.5305026347790839,0.0,0.0,0.0,0.0
4565,51,1.0013725490196084,0.6274509803921368,1.1630115478119922,0.7003646677471641,0.012603652517275965,0.0,0.0,0.014410338668845503,0.0,0.0,0.45098039215686275,0.0,0.0,0.5301863857374393,0.0,0.0,0.0,0.0
4566,48,1.2202083333333338,0.6250000000000216,1.1629568038937321,0.7008720340701688,0.0123123817532051,0.0,0.0,0.014398407134750723,0.0,0.0,0.6458333333333334,0.0,0.0,0.530318393834922,0.0,0.0,0.0,0.0
4567,40,1.2812500000000007,0.9250000000000099,1.1628677291645506,0.7017561668866111,0.029268989149057758,0.0,0.0,0.014412583981278721,0.0,0.0,0.5125,0.0,0.0,0.5299969546238961,0.0,0.0,0.0,0.0
4568,51,1.2333333333333338,0.7058823529411599,1.1635242156564105,0.701898669915728,0.014834905660377564,0.0,0.0,0.014407098226072033,0.0,0.0,0.5588235294117647,0.0,0.0,0.5304091785968119,0.0,0.0,0.0,0.0
4569,47,1.1112765957446813,0.7659574468085466,1.1632379212342658,0.7018879415347147,0.01786862812179291,0.0,0.0,0.014410549426229663,0.0,0.0,0.4787234042553192,0.0,0.0,0.530349167681689,0.0,0.0,0.0,0.0
4570,39,1.2556410256410262,0.7692307692307621,1.1628868805848889,0.7017668562144609,0.015443077893409804,0.0,0.0,0.014387597035570347,0.0,0.0,0.5705128205128205,0.0,0.0,0.5300314784727863,0.0,0.0,0.0,0.0
4571,51,1.282352941176471,0.7843137254902108,1.164534552845527,0.7023373983739849,0.012930011862395065,0.0,0.0,0.014392661877913108,0.0,0.0,0.6078431372549019,0.0,0.0,0.5310975609756098,0.0,0.0,0.0,0.0
4572,38,1.3218421052631586,0.7368421052631677,1.1639191939751663,0.7029309993893762,0.020352512155591748,0.0,0.0,0.01436951719944008,0.0,0.0,0.5789473684210527,0.0,0.0,0.5299715041726033,0.0,0.0,0.0,0.0
4573,48,1.2725000000000006,0.6250000000000103,1.1646326821326805,0.7030932030932044,0.02037358238825848,0.0,0.0,0.014378542499949699,0.0,0.0,0.6458333333333334,0.0,0.0,0.5306776556776557,0.0,0.0,0.0,0.0
4574,43,1.1758139534883725,0.7906976744185872,1.16524221453287,0.7027274577651141,0.012901250318958637,0.0,0.0,0.014366771022203212,0.0,0.0,0.47674418604651164,0.0,0.0,0.5315489517606351,0.0,0.0,0.0,0.0
4575,42,1.2354761904761908,0.7619047619047725,1.1647457972491067,0.7031074885379532,0.017308205470314048,0.0,0.0,0.0143648517899551,0.0,0.0,0.5476190476190477,0.0,0.0,0.530667345899134,0.0,0.0,0.0,0.0
4576,50,1.2416000000000005,0.719999999999976,1.1653221202854211,0.7036697247706433,0.02100135317997276,0.0,0.0,0.014360560061101188,0.0,0.0,0.57,0.0,0.0,0.5307849133537207,0.0,0.0,0.0,0.0
4577,49,1.0865306122448983,0.7346938775510504,1.1660723014256602,0.7053971486761722,0.012856797874908829,0.0,0.0,0.014372194016831147,0.0,0.0,0.46938775510204084,0.0,0.0,0.5306517311608961,0.0,0.0,0.0,0.0
4578,54,1.1374074074074079,0.8148148148148008,1.1677357339029584,0.7062353778862791,0.014333722287047608,0.0,0.0,0.014379166259591276,0.0,0.0,0.42592592592592593,0.0,0.0,0.5313803275353474,0.0,0.0,0.0,0.0
4579,46,1.1534782608695655,0.6086956521739212,1.1679452751500339,0.706438815990236,0.016381599259030773,0.0,0.0,0.014368644460184212,0.0,0.0,0.6086956521739131,0.0,0.0,0.5317109144542773,0.0,0.0,0.0,0.0
4580,52,1.3032692307692315,0.846153846153835,1.167768183665175,0.7062169849654621,0.022926251691475764,0.0,0.0,0.014359425648456344,0.0,0.0,0.5288461538461539,0.0,0.0,0.5315420560747663,0.0,0.0,0.0,0.0
4581,49,1.2106122448979597,0.8571428571428474,1.16803004161169,0.7061808586217405,0.017508854781582334,0.0,0.0,0.014368256647531594,0.0,0.0,0.5867346938775511,0.0,0.0,0.5323505531310261,0.0,0.0,0.0,0.0
4582,51,1.0113725490196084,0.5882352941176657,1.1681233515926133,0.7052140393588975,0.013809906291834293,0.0,0.0,0.014377557976642004,0.0,0.0,0.39215686274509803,0.0,0.0,0.5326131061067153,0.0,0.0,0.0,0.0
4583,54,0.955370370370371,0.5370370370370549,1.1665014695449463,0.7047734873821844,0.01670660621761653,0.0,0.0,0.014359695086957572,0.0,0.0,0.39814814814814814,0.0,0.0,0.5313165095773792,0.0,0.0,0.0,0.0
4584,56,1.138214285714286,0.6785714285714615,1.1663001215066813,0.7037262049412731,0.012300270165959415,0.0,0.0,0.014342291054979011,0.0,0.0,0.4642857142857143,0.0,0.0,0.5312879708383961,0.0,0.0,0.0,0.0
4585,47,0.9536170212765962,0.723404255319149,1.166005872228408,0.703148729371268,0.013120608899298185,0.0,0.0,0.014356302223507549,0.0,0.0,0.35638297872340424,0.0,0.0,0.5313607370659107,0.0,0.0,0.0,0.0
4586,52,1.2615384615384622,0.7115384615384731,1.167475443037973,0.7040000000000015,0.025877712031558933,0.0,0.0,0.014391111299738966,0.0,0.0,0.5961538461538461,0.0,0.0,0.5322278481012658,0.0,0.0,0.0,0.0
4587,52,1.1396153846153854,0.6153846153846215,1.1675273168757574,0.7038648320518025,0.019347045380346237,0.0,0.0,0.014407007345927762,0.0,0.0,0.5769230769230769,0.0,0.0,0.5326031970862,0.0,0.0,0.0,0.0
4588,48,1.3243750000000005,0.6875000000000148,1.1668528072837618,0.7026808295397083,0.016817460317460446,0.0,0.0,0.014389685242711166,0.0,0.0,0.6979166666666666,0.0,0.0,0.5324481537683359,0.0,0.0,0.0,0.0
4589,44,0.9256818181818186,0.5909090909091029,1.16528662420382,0.7013446567586712,0.011466779279279561,0.0,0.0,0.014362125662135492,0.0,0.0,0.4090909090909091,0.0,0.0,0.5318218582549793,0.0,0.0,0.0,0.0
4590,39,1.253589743589744,0.7179487179487071,1.1651649797570833,0.7012145748987871,0.015292461682827711,0.0,0.0,0.014348732190021288,0.0,0.0,0.5,0.0,0.0,0.5313006072874494,0.0,0.0,0.0,0.0
4591,45,1.6013333333333337,1.0222222222222668,1.1664961507293339,0.7027957860615902,0.017418419144307976,0.0,0.0,0.014341659702771393,0.0,0.0,0.6555555555555556,0.0,0.0,0.5313259724473258,0.0,0.0,0.0,0.0
4592,63,1.1007936507936513,0.6349206349206364,1.166776642040278,0.7025604695881001,0.01637931034482743,0.0,0.0,0.014352019678922828,0.0,0.0,0.5119047619047619,0.0,0.0,0.5314745471106164,0.0,0.0,0.0,0.0
4593,50,1.2212000000000005,0.8399999999999842,1.1670617408906867,0.7023279352226737,0.016651213526042867,0.0,0.0,0.014356772438351716,0.0,0.0,0.58,0.0,0.0,0.5322368421052631,0.0,0.0,0.0,0.0
4594,46,1.2480434782608705,0.521739130434781,1.1672954891028877,0.7015712113532707,0.016199209932280065,0.0,0.0,0.014353126674893107,0.0,0.0,0.6521739130434783,0.0,0.0,0.5326913329954385,0.0,0.0,0.0,0.0
4595,45,0.9533333333333338,0.5333333333333306,1.1667021600243368,0.700841699624786,0.014429868819374983,0.0,0.0,0.014345700348640592,0.0,0.0,0.4,0.0,0.0,0.532400365074536,0.0,0.0,0.0,0.0
4596,40,1.2762500000000003,0.7999999999999973,1.167946220192794,0.7017757483510924,0.01404788112272975,0.0,0.0,0.01437186437884421,0.0,0.0,0.5625,0.0,0.0,0.5329020801623542,0.0,0.0,0.0,0.0
4597,49,1.3177551020408167,0.6122448979591822,1.1662176165803093,0.6989738900741659,0.0160821917808216,0.0,0.0,0.014331347841448624,0.0,0.0,0.7346938775510204,0.0,0.0,0.5333485725896576,0.0,0.0,0.0,0.0
4598,50,1.1316000000000006,0.4400000000000099,1.1657553299492374,0.6981725888324888,0.014522587268994445,0.0,0.0,0.014323087074695854,0.0,0.0,0.66,0.0,0.0,0.533248730964467,0.0,0.0,0.0,0.0
4599,45,1.2351111111111117,0.6666666666666545,1.1660408619638127,0.6990241919089262,0.018181223421654992,0.0,0.0,0.014318571876135059,0.0,0.0,0.6444444444444445,0.0,0.0,0.5330859930880261,0.0,0.0,0.0,0.0
4600,55,1.1256363636363642,0.6727272727273029,1.1648135730976317,0.6991770801584898,0.015023052657122667,0.0,0.0,0.014303254555979153,0.0,0.0,0.4909090909090909,0.0,0.0,0.5321294320837143,0.0,0.0,0.0,0.0
4601,59,1.399830508474577,0.6440677966102198,1.167778116737847,0.7002237136465342,0.017025355596783896,0.0,0.0,0.014343312346140044,0.0,0.0,0.6779661016949152,0.0,0.0,0.5332774049217002,0.0,0.0,0.0,0.0
4602,46,0.8928260869565222,0.6521739130434936,1.1668476161431318,0.700010165700927,0.011578798985058055,0.0,0.0,0.014340213836132246,0.0,0.0,0.33695652173913043,0.0,0.0,0.5328097997356918,0.0,0.0,0.0,0.0
4603,46,1.1500000000000006,0.7391304347826156,1.1674765974765962,0.7006512006512025,0.01585256218160038,0.0,0.0,0.014348727568311119,0.0,0.0,0.4891304347826087,0.0,0.0,0.5327380952380952,0.0,0.0,0.0,0.0
4604,33,0.9509090909090911,0.666666666666651,1.1662097431716252,0.7001630656339192,0.015086538461538401,0.0,0.0,0.014338207193130378,0.0,0.0,0.3181818181818182,0.0,0.0,0.5318487566245413,0.0,0.0,0.0,0.0
4605,58,1.1739655172413799,0.7931034482758754,1.1664153439153429,0.7006512006512025,0.015342496620099417,0.0,0.0,0.01433860713182326,0.0,0.0,0.4396551724137931,0.0,0.0,0.5314407814407814,0.0,0.0,0.0,0.0
4606,43,1.2923255813953494,1.069767441860461,1.1662959568184121,0.7021081576535304,0.016543614170884312,0.0,0.0,0.014346710564228975,0.0,0.0,0.4186046511627907,0.0,0.0,0.5307566962012424,0.0,0.0,0.0,0.0
4607,55,1.0041818181818185,0.7636363636363785,1.1649918500407486,0.7023227383863099,0.01060483870967759,0.0,0.0,0.014303371728115391,0.0,0.0,0.42727272727272725,0.0,0.0,0.5302312550937245,0.0,0.0,0.0,0.0
4608,52,1.4532692307692314,0.8846153846154401,1.1667739963317698,0.7032810271041393,0.018227206946454185,0.0,0.0,0.014325917270214828,0.0,0.0,0.6346153846153846,0.0,0.0,0.530848787446505,0.0,0.0,0.0,0.0
4609,40,1.3430000000000004,0.6499999999999873,1.1680487307574667,0.7038434091140813,0.016498771498771176,0.0,0.0,0.014359143067691312,0.0,0.0,0.7,0.0,0.0,0.5309664593740443,0.0,0.0,0.0,0.0
4610,55,1.1987272727272733,0.6909090909091192,1.1680839788014667,0.7034243783122729,0.01838026205742932,0.0,0.0,0.014376400167581052,0.0,0.0,0.5363636363636364,0.0,0.0,0.5309569914390542,0.0,0.0,0.0,0.0
4611,44,1.249545454545455,0.8181818181818361,1.1672003668976754,0.7026090501426853,0.014779569892472621,0.0,0.0,0.014366930607616115,0.0,0.0,0.5852272727272727,0.0,0.0,0.5310589074602527,0.0,0.0,0.0,0.0
4612,44,0.9747727272727276,0.4545454545454977,1.167536231884057,0.7030006123698743,0.012136389360498321,0.0,0.0,0.014351495930226691,0.0,0.0,0.5681818181818182,0.0,0.0,0.5311543172075934,0.0,0.0,0.0,0.0
4613,57,1.2438596491228073,0.5263157894737133,1.1673479368313795,0.7013754457463097,0.012161234991423266,0.0,0.0,0.01432388743938218,0.0,0.0,0.6578947368421053,0.0,0.0,0.5316607233825776,0.0,0.0,0.0,0.0
4614,48,1.386666666666667,0.8541666666666755,1.1679003159718673,0.701559474059732,0.01524158461186214,0.0,0.0,0.01433843054321572,0.0,0.0,0.6458333333333334,0.0,0.0,0.5320048924676384,0.0,0.0,0.0,0.0
4615,50,1.1850000000000005,0.6799999999999876,1.169005812174976,0.7020495564392811,0.021138066357473964,0.0,0.0,0.014374085511492907,0.0,0.0,0.57,0.0,0.0,0.5327827062302437,0.0,0.0,0.0,0.0
4616,48,1.296458333333334,0.7916666666666857,1.171255861365952,0.7029561671763538,0.0183894799054373,0.0,0.0,0.01439422828780386,0.0,0.0,0.6145833333333334,0.0,0.0,0.534072375127421,0.0,0.0,0.0,0.0
4617,59,1.2586440677966106,0.8474576271186638,1.1716502086938807,0.7035528860836845,0.015195416410887138,0.0,0.0,0.014397287949011423,0.0,0.0,0.5084745762711864,0.0,0.0,0.5339509314873256,0.0,0.0,0.0,0.0
4618,47,0.9836170212765963,0.5957446808510941,1.1705127161749735,0.7026449643947134,0.012220459952418003,0.0,0.0,0.014399126001456644,0.0,0.0,0.5106382978723404,0.0,0.0,0.5339776195320448,0.0,0.0,0.0,0.0
4619,40,1.1827500000000004,0.7000000000000043,1.1705325323286824,0.7026779350371684,0.015902521008403607,0.0,0.0,0.014410369228262141,0.0,0.0,0.54375,0.0,0.0,0.5338051114957744,0.0,0.0,0.0,0.0
4620,47,1.1376595744680853,0.510638297872312,1.169978612893369,0.7006823505448648,0.011068101842268923,0.0,0.0,0.01437821344000158,0.0,0.0,0.5904255319148937,0.0,0.0,0.5343975964965882,0.0,0.0,0.0,0.0
4621,51,1.1815686274509811,0.7843137254902234,1.1707968208681465,0.7006317505604267,0.014831405365492838,0.0,0.0,0.014413847087926672,0.0,0.0,0.4803921568627451,0.0,0.0,0.5349245975137559,0.0,0.0,0.0,0.0
4622,57,1.3728070175438603,0.8596491228069614,1.172085158398695,0.7013344198838773,0.017627844109033102,0.0,0.0,0.014420370862387868,0.0,0.0,0.5701754385964912,0.0,0.0,0.5353213812773759,0.0,0.0,0.0,0.0
4623,50,1.3448000000000004,0.8599999999999812,1.1730741833723406,0.7021471456192147,0.018761160714285508,0.0,0.0,0.014446932793276666,0.0,0.0,0.55,0.0,0.0,0.5354635188765645,0.0,0.0,0.0,0.0
4624,51,0.9558823529411771,0.5882352941176334,1.1716166446230534,0.7019025333197701,0.013385502471170211,0.0,0.0,0.014436098331473819,0.0,0.0,0.4019607843137255,0.0,0.0,0.5343880354054329,0.0,0.0,0.0,0.0
4625,43,1.3537209302325586,0.74418604651161,1.1709049267100966,0.7025651465798066,0.012311759729271564,0.0,0.0,0.014410848692584431,0.0,0.0,0.6976744186046512,0.0,0.0,0.5337438925081434,0.0,0.0,0.0,0.0
4626,52,1.119615384615385,0.6923076923076827,1.1717778230322766,0.7031870481621033,0.011653322658126342,0.0,0.0,0.014421758903608277,0.0,0.0,0.5384615384615384,0.0,0.0,0.5344924142144385,0.0,0.0,0.0,0.0
4627,40,0.9347500000000004,0.6000000000000097,1.1721903985322584,0.7033941494241175,0.011934248324290074,0.0,0.0,0.01442881859276997,0.0,0.0,0.3875,0.0,0.0,0.5345785342982367,0.0,0.0,0.0,0.0
4628,55,1.2501818181818187,0.6181818181818276,1.171664288626171,0.7025071341214858,0.016054167639505217,0.0,0.0,0.0144041863011776,0.0,0.0,0.5727272727272728,0.0,0.0,0.5341673461068079,0.0,0.0,0.0,0.0
4629,47,1.2210638297872345,0.6808510638297615,1.1720012227430192,0.702975341349095,0.012533304214894236,0.0,0.0,0.014383332270404142,0.0,0.0,0.5212765957446809,0.0,0.0,0.5339056449969432,0.0,0.0,0.0,0.0
4630,52,1.0369230769230775,0.6538461538461596,1.1723530011209609,0.7028431672271496,0.014636264929424617,0.0,0.0,0.014404917377982709,0.0,0.0,0.4326923076923077,0.0,0.0,0.5338326709467034,0.0,0.0,0.0,0.0
4631,39,1.5102564102564107,0.9743589743589579,1.1736707827329307,0.7040514338197792,0.025053168864313385,0.0,0.0,0.01443206858645836,0.0,0.0,0.5769230769230769,0.0,0.0,0.5340851107255843,0.0,0.0,0.0,0.0
4632,39,1.5017948717948726,0.8717948717949068,1.1747072623419004,0.7047123623011035,0.019780479567713696,0.0,0.0,0.014440387540232908,0.0,0.0,0.6153846153846154,0.0,0.0,0.5341187270501836,0.0,0.0,0.0,0.0
4633,52,1.0300000000000002,0.6730769230769048,1.173782351742408,0.7032810271041388,0.013263992075284758,0.0,0.0,0.014453195085198475,0.0,0.0,0.47115384615384615,0.0,0.0,0.5343386998165885,0.0,0.0,0.0,0.0
4634,47,1.3329787234042558,0.8510638297872436,1.1754802892940805,0.705816440867884,0.014280829724184992,0.0,0.0,0.014478381589628452,0.0,0.0,0.5053191489361702,0.0,0.0,0.5338698176632373,0.0,0.0,0.0,0.0
4635,36,1.0636111111111115,0.5555555555555797,1.1763784832091446,0.7061345309788729,0.012415693904020312,0.0,0.0,0.01448498711745111,0.0,0.0,0.6180555555555556,0.0,0.0,0.5346024293150965,0.0,0.0,0.0,0.0
4636,59,1.3096610169491532,0.7796610169491404,1.1775323616348985,0.7071654265620242,0.018066401683423734,0.0,0.0,0.014500832813478625,0.0,0.0,0.559322033898305,0.0,0.0,0.5344766078891041,0.0,0.0,0.0,0.0
4637,45,1.275555555555556,0.6444444444444523,1.1795800631943727,0.7076750586076872,0.014396789566089722,0.0,0.0,0.01452269535852904,0.0,0.0,0.6555555555555556,0.0,0.0,0.5358271328101111,0.0,0.0,0.0,0.0
4638,49,1.0693877551020414,0.6938775510203893,1.1808778898054781,0.7083206029127221,0.01361392569498575,0.0,0.0,0.014544013205592284,0.0,0.0,0.4897959183673469,0.0,0.0,0.536714533048172,0.0,0.0,0.0,0.0
4639,48,1.154166666666667,0.5833333333333318,1.1815224032586549,0.7077393075356434,0.01612339930151332,0.0,0.0,0.014568033458934057,0.0,0.0,0.6666666666666666,0.0,0.0,0.5379327902240326,0.0,0.0,0.0,0.0
4640,54,1.267222222222223,0.7777777777778103,1.182862521624096,0.7092703775312934,0.017654798761610333,0.0,0.0,0.014587645167524617,0.0,0.0,0.5925925925925926,0.0,0.0,0.5382873715274245,0.0,0.0,0.0,0.0
4641,43,0.6406976744186048,0.6279069767441652,1.1808384270578638,0.7096577017114936,0.007710607332773288,0.0,0.0,0.014551312631187774,0.0,0.0,0.20930232558139536,0.0,0.0,0.5367002852485737,0.0,0.0,0.0,0.0
4642,53,1.193207547169812,0.8679245283018574,1.1804772101560101,0.7095951871112494,0.015618671276857564,0.0,0.0,0.014563617562477803,0.0,0.0,0.5471698113207547,0.0,0.0,0.5369379014989293,0.0,0.0,0.0,0.0
4643,54,1.230185185185186,0.7407407407407509,1.1815592494391178,0.710075464001634,0.021305323925593353,0.0,0.0,0.014591909343133142,0.0,0.0,0.5370370370370371,0.0,0.0,0.5371711197226188,0.0,0.0,0.0,0.0
4644,60,1.2918333333333338,0.6833333333333843,1.1834631064003251,0.7111699959233618,0.014417782738094761,0.0,0.0,0.014594862951716341,0.0,0.0,0.5791666666666667,0.0,0.0,0.5378363228699552,0.0,0.0,0.0,0.0
4645,43,0.9744186046511633,0.7441860465116286,1.1836686390532534,0.7126096714956158,0.012370829642751718,0.0,0.0,0.014604786642816924,0.0,0.0,0.4069767441860465,0.0,0.0,0.5373138135074474,0.0,0.0,0.0,0.0
4646,43,1.1546511627906981,0.6976744186046197,1.1838467815974691,0.7119249209425714,0.014746064746063742,0.0,0.0,0.014625596574117565,0.0,0.0,0.4941860465116279,0.0,0.0,0.5374885239212486,0.0,0.0,0.0,0.0
4647,45,1.193555555555556,0.7111111111110994,1.1829274770173637,0.7115423901940781,0.010362724290950948,0.0,0.0,0.014561990745397812,0.0,0.0,0.6,0.0,0.0,0.5372829417773238,0.0,0.0,0.0,0.0
4648,38,1.2052631578947373,0.8421052631579041,1.183230753501686,0.7121971168592194,0.012203570476951506,0.0,0.0,0.01455328534709539,0.0,0.0,0.4934210526315789,0.0,0.0,0.5370105306205909,0.0,0.0,0.0,0.0
4649,41,0.9224390243902444,0.4146341463414425,1.1814562211981559,0.7108038914490552,0.013507142857143068,0.0,0.0,0.014539318309560923,0.0,0.0,0.4817073170731707,0.0,0.0,0.5363799283154121,0.0,0.0,0.0,0.0
4650,53,0.9132075471698117,0.5660377358490634,1.1825394224861756,0.711755068605368,0.010630353613002463,0.0,0.0,0.014556486885059896,0.0,0.0,0.3867924528301887,0.0,0.0,0.5362994061028057,0.0,0.0,0.0,0.0
4651,47,1.0331914893617025,0.5744680851064012,1.1814826207320814,0.71065313236953,0.01333333333333293,0.0,0.0,0.014562352218600798,0.0,0.0,0.5,0.0,0.0,0.5358351276530299,0.0,0.0,0.0,0.0
4652,46,1.1569565217391309,0.6739130434782616,1.1800760065735407,0.7095316351684501,0.011577115510115456,0.0,0.0,0.014548049175491238,0.0,0.0,0.5652173913043478,0.0,0.0,0.5353584634346754,0.0,0.0,0.0,0.0
4653,45,1.1537777777777785,0.6222222222222331,1.1798726114649674,0.7082391617012563,0.016917562724013725,0.0,0.0,0.014544726927338901,0.0,0.0,0.5333333333333333,0.0,0.0,0.5357766591329362,0.0,0.0,0.0,0.0
4654,47,1.4304255319148944,0.8936170212765654,1.1818096707818921,0.70905349794239,0.01571896188917427,0.0,0.0,0.014569664853785715,0.0,0.0,0.6595744680851063,0.0,0.0,0.5368569958847736,0.0,0.0,0.0,0.0
4655,56,1.0282142857142862,0.5357142857142718,1.1807414644179342,0.7074249280131664,0.013904853900024971,0.0,0.0,0.014571042769449032,0.0,0.0,0.5714285714285714,0.0,0.0,0.5370989304812834,0.0,0.0,0.0,0.0
4656,50,1.1934000000000007,0.4599999999999928,1.1812940692774172,0.7067530064754886,0.015256967527486589,0.0,0.0,0.014593117897276344,0.0,0.0,0.605,0.0,0.0,0.5373625244115531,0.0,0.0,0.0,0.0
4657,53,1.2530188679245289,0.7735849056604411,1.181819769831483,0.7064323879983592,0.013300620869217936,0.0,0.0,0.014584151209442207,0.0,0.0,0.5283018867924528,0.0,0.0,0.5378647759967119,0.0,0.0,0.0,0.0
4658,50,0.9714000000000005,0.4799999999999843,1.1813725087322777,0.7058763098417946,0.011542300380228217,0.0,0.0,0.014574383412334274,0.0,0.0,0.49,0.0,0.0,0.5376001643723033,0.0,0.0,0.0,0.0
4659,38,1.1939473684210529,0.605263157894728,1.1817746247172518,0.7061484680238566,0.014865661861074832,0.0,0.0,0.014576747088186343,0.0,0.0,0.6710526315789473,0.0,0.0,0.537990952087189,0.0,0.0,0.0,0.0
4660,48,1.5100000000000007,0.8749999999999766,1.1826309291079322,0.707171519703676,0.015268590688855669,0.0,0.0,0.014557241138236901,0.0,0.0,0.6302083333333334,0.0,0.0,0.5379925918304352,0.0,0.0,0.0,0.0
4661,56,1.168035714285715,0.6071428571428257,1.1844662690250916,0.707424928013166,0.013074155506695396,0.0,0.0,0.014567260263577242,0.0,0.0,0.6339285714285714,0.0,0.0,0.539695598519128,0.0,0.0,0.0,0.0
4662,52,1.2838461538461545,0.6153846153846197,1.18544744683037,0.7070790095551246,0.017778961384820727,0.0,0.0,0.01457556632423608,0.0,0.0,0.6634615384615384,0.0,0.0,0.5403780951402445,0.0,0.0,0.0,0.0
4663,45,1.1162222222222227,0.6222222222222112,1.18427425986842,0.7062088815789501,0.01271645569620191,0.0,0.0,0.014578486753525459,0.0,0.0,0.4888888888888889,0.0,0.0,0.5397306743421053,0.0,0.0,0.0,0.0
4664,47,1.2891489361702135,0.8510638297872203,1.1842136620441697,0.7073446327683643,0.020807005494504743,0.0,0.0,0.014591000103784574,0.0,0.0,0.48936170212765956,0.0,0.0,0.5385208012326657,0.0,0.0,0.0,0.0
4665,40,1.3302500000000004,0.9749999999999938,1.1840867063899723,0.7077254982535471,0.011887846291332098,0.0,0.0,0.014599522971711418,0.0,0.0,0.5375,0.0,0.0,0.5383449763714814,0.0,0.0,0.0,0.0
4666,49,0.8910204081632658,0.5714285714285906,1.1831838242841004,0.7079954839371885,0.010449976065103304,0.0,0.0,0.01456882802409314,0.0,0.0,0.33163265306122447,0.0,0.0,0.5367186698142256,0.0,0.0,0.0,0.0
4667,54,1.3750000000000004,0.7777777777778202,1.1846645465736552,0.7088633565859697,0.015433381833298516,0.0,0.0,0.014574230310526067,0.0,0.0,0.6296296296296297,0.0,0.0,0.5373153467377924,0.0,0.0,0.0,0.0
4668,51,0.945882352941177,0.43137254901959315,1.1833801229508187,0.7077868852459048,0.012785581765173179,0.0,0.0,0.014563539798905997,0.0,0.0,0.5784313725490197,0.0,0.0,0.5369620901639345,0.0,0.0,0.0,0.0
4669,44,1.2290909090909097,0.6818181818181875,1.1835059474979481,0.7079573420836783,0.020484848484848883,0.0,0.0,0.01456973915590177,0.0,0.0,0.6022727272727273,0.0,0.0,0.5370693191140279,0.0,0.0,0.0,0.0
4670,46,1.1260869565217395,0.5652173913043673,1.1835912169095004,0.7075723373691806,0.01334363730036104,0.0,0.0,0.014583178992640939,0.0,0.0,0.5489130434782609,0.0,0.0,0.5374256105068747,0.0,0.0,0.0,0.0
4671,47,1.171702127659575,0.6382978723404158,1.1837069762663095,0.7069762663104935,0.016074138937536744,0.0,0.0,0.014609478328022216,0.0,0.0,0.5957446808510638,0.0,0.0,0.5379122572690845,0.0,0.0,0.0,0.0
4672,45,1.4528888888888891,0.8888888888889129,1.1859907359752953,0.7091096242923349,0.012141132776230051,0.0,0.0,0.014623018063810308,0.0,0.0,0.6777777777777778,0.0,0.0,0.538780236747298,0.0,0.0,0.0,0.0
4673,42,1.2511904761904766,0.8571428571428454,1.1865410747374914,0.7091826230183276,0.011973114604693125,0.0,0.0,0.014609181707564381,0.0,0.0,0.4880952380952381,0.0,0.0,0.5391960057648755,0.0,0.0,0.0,0.0
4674,49,1.0491836734693882,0.5714285714285908,1.1866032105371467,0.7088907182547886,0.012603579308654394,0.0,0.0,0.014615203276041471,0.0,0.0,0.4489795918367347,0.0,0.0,0.5391284214859025,0.0,0.0,0.0,0.0
4675,40,1.2952500000000007,0.9000000000000101,1.186953342259758,0.7085178700175128,0.02019095869056932,0.0,0.0,0.014616925203891368,0.0,0.0,0.53125,0.0,0.0,0.5396539293439078,0.0,0.0,0.0,0.0
4676,46,1.1391304347826094,0.4782608695652467,1.18782904222451,0.7076210092687986,0.012890528905288938,0.0,0.0,0.014636493075031272,0.0,0.0,0.5760869565217391,0.0,0.0,0.5406282183316169,0.0,0.0,0.0,0.0
4677,51,1.1678431372549025,0.6666666666666736,1.1881077461887095,0.7073547589616844,0.015240532241554788,0.0,0.0,0.014654820819383635,0.0,0.0,0.5490196078431373,0.0,0.0,0.5407911001236094,0.0,0.0,0.0,0.0
4678,42,0.9738095238095242,0.8095238095238263,1.188537969459347,0.7087288485348776,0.012004696213677779,0.0,0.0,0.014666750699959112,0.0,0.0,0.30952380952380953,0.0,0.0,0.5404973173751547,0.0,0.0,0.0,0.0
4679,52,0.9788461538461543,0.6538461538461762,1.1868826077986374,0.7082731586548416,0.010492681921253034,0.0,0.0,0.014653804810205237,0.0,0.0,0.375,0.0,0.0,0.5392510831442129,0.0,0.0,0.0,0.0
4680,41,1.056585365853659,0.536585365853653,1.1881691449814116,0.7087980173482068,0.0242417459429208,0.0,0.0,0.014710350223604085,0.0,0.0,0.5426829268292683,0.0,0.0,0.5400402726146221,0.0,0.0,0.0,0.0
4681,55,1.3680000000000008,0.8181818181818543,1.1885557851239659,0.7101239669421525,0.017127247894377372,0.0,0.0,0.014700394941780888,0.0,0.0,0.5727272727272728,0.0,0.0,0.5395402892561983,0.0,0.0,0.0,0.0
4682,44,1.308863636363637,0.8636363636363672,1.1900310269934833,0.7113455372841077,0.02102592186929517,0.0,0.0,0.014761383666840266,0.0,0.0,0.5113636363636364,0.0,0.0,0.539792119143655,0.0,0.0,0.0,0.0
4683,47,1.1346808510638304,0.7659574468085061,1.1885572448029775,0.7109318440376501,0.01489664804469292,0.0,0.0,0.01474454015688627,0.0,0.0,0.48404255319148937,0.0,0.0,0.5389905884786431,0.0,0.0,0.0,0.0
4684,54,1.2731481481481486,0.9259259259259329,1.1888614781172573,0.7113955408753136,0.016306925996205517,0.0,0.0,0.014754465658242621,0.0,0.0,0.5,0.0,0.0,0.5390689512799339,0.0,0.0,0.0,0.0
4685,59,1.0013559322033903,0.6610169491525626,1.1874038164002054,0.7116039195461616,0.014466209598433357,0.0,0.0,0.014765143022781528,0.0,0.0,0.4406779661016949,0.0,0.0,0.5378545642083549,0.0,0.0,0.0,0.0
4686,46,1.208260869565218,0.9565217391304913,1.1892764991227156,0.7145216224584622,0.016776335647450107,0.0,0.0,0.01479502745122206,0.0,0.0,0.3695652173913043,0.0,0.0,0.5371555372071422,0.0,0.0,0.0,0.0
4687,55,1.1160000000000003,0.509090909090893,1.1884646318828616,0.7139616415755866,0.011616199848599842,0.0,0.0,0.014762344508883724,0.0,0.0,0.6090909090909091,0.0,0.0,0.5371726129098783,0.0,0.0,0.0,0.0
4688,48,1.2237500000000006,0.5833333333333292,1.1869668491170082,0.7121759785190586,0.016486107213022915,0.0,0.0,0.01478665400716855,0.0,0.0,0.6041666666666666,0.0,0.0,0.5370752865847361,0.0,0.0,0.0,0.0
4689,53,1.284528301886793,0.9811320754716435,1.187781104801238,0.7136809499225648,0.016556420233462182,0.0,0.0,0.014822126646343166,0.0,0.0,0.5,0.0,0.0,0.5368869385647909,0.0,0.0,0.0,0.0
4690,47,1.3457446808510645,0.7659574468085014,1.187761147811725,0.713563170933117,0.02151360544217602,0.0,0.0,0.014841824764513825,0.0,0.0,0.6808510638297872,0.0,0.0,0.5369271263418662,0.0,0.0,0.0,0.0
4691,30,1.1100000000000003,0.6666666666666755,1.185728165374676,0.7122480620155078,0.018206670311645835,0.0,0.0,0.014818041142567783,0.0,0.0,0.5583333333333333,0.0,0.0,0.536640826873385,0.0,0.0,0.0,0.0
4692,36,1.3491666666666673,0.9166666666666631,1.1868400870556526,0.713856358171835,0.018460661345496298,0.0,0.0,0.01482852788420823,0.0,0.0,0.5555555555555556,0.0,0.0,0.5367136490828065,0.0,0.0,0.0,0.0
4693,45,1.2500000000000007,0.7111111111111076,1.1873692403486915,0.7140929846409336,0.028728294177731387,0.0,0.0,0.014864579747049212,0.0,0.0,0.6444444444444445,0.0,0.0,0.5373339559983396,0.0,0.0,0.0,0.0
4694,49,1.031836734693878,0.6326530612244742,1.185721103963477,0.7132185100643322,0.017133175194849627,0.0,0.0,0.014868392121351666,0.0,0.0,0.5102040816326531,0.0,0.0,0.5367036729611953,0.0,0.0,0.0,0.0
4695,49,1.0114285714285718,0.5306122448979602,1.184684254258412,0.7125051931865426,0.01052676295667013,0.0,0.0,0.014864092827114176,0.0,0.0,0.5714285714285714,0.0,0.0,0.5363782717075197,0.0,0.0,0.0,0.0
4696,52,0.9436538461538464,0.6346153846154008,1.1835827711468594,0.7129216398547,0.012594969199178614,0.0,0.0,0.014844432989422314,0.0,0.0,0.3942307692307692,0.0,0.0,0.5351063829787234,0.0,0.0,0.0,0.0
4697,49,1.1800000000000004,0.8571428571429227,1.1824141152049807,0.7124026984950739,0.013185860889396361,0.0,0.0,0.014815716476082335,0.0,0.0,0.4642857142857143,0.0,0.0,0.5345614945511157,0.0,0.0,0.0,0.0
4698,42,1.0726190476190478,0.6904761904762468,1.1808640564960007,0.7121196385917581,0.011382011116725644,0.0,0.0,0.014773247270587021,0.0,0.0,0.44047619047619047,0.0,0.0,0.53323294215391,0.0,0.0,0.0,0.0
4699,50,1.2480000000000007,0.6000000000000029,1.1814754438791393,0.7103104558197529,0.017910447761193795,0.0,0.0,0.014805414309432214,0.0,0.0,0.69,0.0,0.0,0.5346018066659745,0.0,0.0,0.0,0.0
4700,39,1.0692307692307692,0.6666666666666718,1.1810547077753544,0.7109934599813185,0.011137820512820527,0.0,0.0,0.014792475497780545,0.0,0.0,0.5128205128205128,0.0,0.0,0.5343350981002802,0.0,0.0,0.0,0.0
4701,43,1.2844186046511632,0.6976744186046665,1.1823036921476848,0.7123244929797236,0.01797266514806325,0.0,0.0,0.014818230522464206,0.0,0.0,0.6627906976744186,0.0,0.0,0.5346333853354134,0.0,0.0,0.0,0.0
4702,65,1.262615384615385,0.8307692307692782,1.1828694568491005,0.7127427562571449,0.01158199266158808,0.0,0.0,0.014793722910829955,0.0,0.0,0.5076923076923077,0.0,0.0,0.5345830304289126,0.0,0.0,0.0,0.0
4703,52,1.1355769230769235,0.6538461538461764,1.1827084632979818,0.7125181950509518,0.01124976185940134,0.0,0.0,0.014774408649075511,0.0,0.0,0.6538461538461539,0.0,0.0,0.5351944271158245,0.0,0.0,0.0,0.0
4704,41,1.159756097560976,0.6585365853658333,1.1823548387096763,0.7121748178980285,0.011911322645290339,0.0,0.0,0.01474116368014365,0.0,0.0,0.573170731707317,0.0,0.0,0.535171696149844,0.0,0.0,0.0,0.0
4705,55,1.1680000000000006,0.6727272727272801,1.1824261954261943,0.7121621621621678,0.016985721840295936,0.0,0.0,0.01474836243692206,0.0,0.0,0.6090909090909091,0.0,0.0,0.5358627858627859,0.0,0.0,0.0,0.0
4706,56,1.095178571428572,0.6785714285714214,1.181484788703145,0.7118679264873903,0.014595430747263301,0.0,0.0,0.014760015877010256,0.0,0.0,0.5223214285714286,0.0,0.0,0.5354843733776348,0.0,0.0,0.0,0.0
4707,50,0.9812000000000003,0.5200000000000196,1.1800020766275559,0.7094798047970157,0.013107133315521926,0.0,0.0,0.014740498431861884,0.0,0.0,0.52,0.0,0.0,0.5359256567334648,0.0,0.0,0.0,0.0
4708,51,1.0035294117647064,0.7647058823529366,1.1797976968565194,0.7098246706089903,0.01619620253164555,0.0,0.0,0.014757058935738686,0.0,0.0,0.39705882352941174,0.0,0.0,0.5358180309160702,0.0,0.0,0.0,0.0
4709,41,1.0539024390243905,0.5853658536585784,1.1799792315680153,0.7088265835929448,0.011299686192468199,0.0,0.0,0.014752363803012748,0.0,0.0,0.524390243902439,0.0,0.0,0.5368380062305296,0.0,0.0,0.0,0.0
4710,45,1.1888888888888896,0.6666666666666567,1.180592638802245,0.7086712414223394,0.018378564067330794,0.0,0.0,0.01476577495045541,0.0,0.0,0.5611111111111111,0.0,0.0,0.5373778332293616,0.0,0.0,0.0,0.0
4711,49,1.0504081632653066,0.5714285714286016,1.1804356868046157,0.7074971404804057,0.0131033604887994,0.0,0.0,0.014766770295406968,0.0,0.0,0.5255102040816326,0.0,0.0,0.5381615888530726,0.0,0.0,0.0,0.0
4712,48,1.3345833333333337,0.7708333333333597,1.1804057006137512,0.7075834807032207,0.017360433604336582,0.0,0.0,0.01479373688121718,0.0,0.0,0.6354166666666666,0.0,0.0,0.538333506709664,0.0,0.0,0.0,0.0
4713,45,1.1235555555555559,0.822222222222169,1.1798552535665927,0.7087368530667563,0.01318383311603489,0.0,0.0,0.014812105762002816,0.0,0.0,0.43333333333333335,0.0,0.0,0.5372539831302718,0.0,0.0,0.0,0.0
4714,58,0.8146551724137935,0.5517241379310359,1.1780991047262117,0.7080991047262191,0.010775370581527315,0.0,0.0,0.014800232266771992,0.0,0.0,0.3448275862068966,0.0,0.0,0.5366697897147616,0.0,0.0,0.0,0.0
4715,51,1.2501960784313733,0.9803921568627759,1.1789712619741763,0.7103290295710185,0.01999372844151831,0.0,0.0,0.014821887431652506,0.0,0.0,0.4215686274509804,0.0,0.0,0.5357923781757601,0.0,0.0,0.0,0.0
4716,54,1.3872222222222226,0.7037037037036865,1.1789764926149355,0.709174121073441,0.017340277777778034,0.0,0.0,0.014818512223820118,0.0,0.0,0.7129629629629629,0.0,0.0,0.5363792386103599,0.0,0.0,0.0,0.0
4717,49,1.558775510204082,0.7551020408163911,1.1807133187545547,0.7092575236905201,0.016032745591939245,0.0,0.0,0.014813543644100466,0.0,0.0,0.8163265306122449,0.0,0.0,0.5380610225971051,0.0,0.0,0.0,0.0
4718,55,1.1890909090909096,0.7454545454545526,1.180256089943784,0.7093483239641959,0.01543544961057398,0.0,0.0,0.014799130656119685,0.0,0.0,0.5545454545454546,0.0,0.0,0.5378409327503644,0.0,0.0,0.0,0.0
4719,55,1.1101818181818186,0.7818181818182274,1.1816592114844466,0.7102881514615697,0.011261527111766773,0.0,0.0,0.014788123457304451,0.0,0.0,0.4636363636363636,0.0,0.0,0.5382034744616665,0.0,0.0,0.0,0.0
4720,63,1.222380952380953,0.761904761904763,1.1805289410786644,0.7087186947937305,0.01818417945690684,0.0,0.0,0.014809359429955508,0.0,0.0,0.5515873015873016,0.0,0.0,0.5382936714122415,0.0,0.0,0.0,0.0
4721,46,1.3528260869565223,0.7608695652174429,1.1814013732833946,0.7088014981273483,0.019165383430860248,0.0,0.0,0.014833393203534752,0.0,0.0,0.6195652173913043,0.0,0.0,0.5388836870578444,0.0,0.0,0.0,0.0
4722,47,1.1819148936170218,0.38297872340425204,1.1804167532737462,0.7068177094159294,0.015370780298837816,0.0,0.0,0.014845350718742746,0.0,0.0,0.7553191489361702,0.0,0.0,0.5394668468093952,0.0,0.0,0.0,0.0
4723,51,1.1617647058823535,0.705882352941167,1.1809681436131563,0.7067552142783098,0.017385563380281154,0.0,0.0,0.014847087001840736,0.0,0.0,0.5098039215686274,0.0,0.0,0.5400280170177442,0.0,0.0,0.0,0.0
4724,50,1.4180000000000004,0.9199999999999623,1.1822803195352203,0.7078535117750876,0.020562645011600246,0.0,0.0,0.014892546539207942,0.0,0.0,0.62,0.0,0.0,0.5402790745928001,0.0,0.0,0.0,0.0
4725,48,1.372916666666667,0.7916666666666509,1.1816083843519753,0.7063401473487673,0.01733754275190658,0.0,0.0,0.014893976571778357,0.0,0.0,0.625,0.0,0.0,0.5408062675106361,0.0,0.0,0.0,0.0
4726,48,0.9910416666666672,0.625000000000005,1.1799263485477165,0.7046680497925385,0.0125151275980006,0.0,0.0,0.014868225667302813,0.0,0.0,0.4791666666666667,0.0,0.0,0.5407417012448132,0.0,0.0,0.0,0.0
4727,64,1.1757812500000004,0.5937499999999968,1.1812391304347813,0.7050724637681233,0.015899006972321456,0.0,0.0,0.014888850034642619,0.0,0.0,0.609375,0.0,0.0,0.5415631469979296,0.0,0.0,0.0,0.0
4728,36,1.3211111111111116,0.6666666666666574,1.1809539098912467,0.703987571206636,0.016456747404844135,0.0,0.0,0.01489017913227214,0.0,0.0,0.625,0.0,0.0,0.5417400310719834,0.0,0.0,0.0,0.0
4729,50,1.3782000000000008,0.8600000000000317,1.1839219138359556,0.7052609776304963,0.024514407684098277,0.0,0.0,0.014956296599625558,0.0,0.0,0.62,0.0,0.0,0.5434444904722452,0.0,0.0,0.0,0.0
4730,58,1.3143103448275868,0.7586206896551877,1.1845776397515515,0.704347826086964,0.01309119010819223,0.0,0.0,0.014962831622345742,0.0,0.0,0.6293103448275862,0.0,0.0,0.544332298136646,0.0,0.0,0.0,0.0
4731,49,1.3216326530612252,0.8979591836734849,1.1866525116519926,0.70626618332471,0.020000000000000358,0.0,0.0,0.014996439743975708,0.0,0.0,0.5,0.0,0.0,0.544432936302434,0.0,0.0,0.0,0.0
4732,51,0.9588235294117651,0.5098039215686109,1.1858488612836426,0.7054865424430719,0.01418213457076507,0.0,0.0,0.015001879278304747,0.0,0.0,0.5294117647058824,0.0,0.0,0.5446169772256729,0.0,0.0,0.0,0.0
4733,51,1.269411764705883,0.8039215686275094,1.1865070335126178,0.7066611501861891,0.018863636363637092,0.0,0.0,0.015020295661965931,0.0,0.0,0.5882352941176471,0.0,0.0,0.544528340918494,0.0,0.0,0.0,0.0
4734,58,1.1550000000000005,0.7586206896551342,1.1854847044233143,0.7066969822240672,0.01424712888132659,0.0,0.0,0.015030517686892984,0.0,0.0,0.5043103448275862,0.0,0.0,0.5436389003720545,0.0,0.0,0.0,0.0
4735,38,0.8347368421052636,0.5789473684210474,1.1848834800621428,0.7070947695494637,0.01105226480836225,0.0,0.0,0.015024190942973985,0.0,0.0,0.34210526315789475,0.0,0.0,0.543008803728638,0.0,0.0,0.0,0.0
4736,58,1.1134482758620696,0.793103448275847,1.183331953642383,0.7058153973510004,0.014322466178754219,0.0,0.0,0.015007171756010695,0.0,0.0,0.4396551724137931,0.0,0.0,0.5426583195364238,0.0,0.0,0.0,0.0
4737,44,1.2247727272727278,0.7727272727272806,1.1838899823888935,0.70537656687041,0.016642989499691934,0.0,0.0,0.015021050071963254,0.0,0.0,0.4772727272727273,0.0,0.0,0.5434579923339894,0.0,0.0,0.0,0.0
4738,48,1.1475000000000006,0.7083333333333462,1.1830517598343673,0.7043478260869636,0.0174635383639823,0.0,0.0,0.01501889143110969,0.0,0.0,0.5104166666666666,0.0,0.0,0.5434265010351967,0.0,0.0,0.0,0.0
4739,52,1.2288461538461546,0.9230769230769383,1.1829197307094756,0.705334023821861,0.013213399503722497,0.0,0.0,0.01500567586103601,0.0,0.0,0.47115384615384615,0.0,0.0,0.5425686172967374,0.0,0.0,0.0,0.0
4740,43,1.09093023255814,0.6511627906976812,1.1829925419515215,0.7049927491195428,0.02024600776866626,0.0,0.0,0.01502696024252377,0.0,0.0,0.4883720930232558,0.0,0.0,0.5426248187279884,0.0,0.0,0.0,0.0
4741,41,1.199024390243903,0.6829268292683258,1.1838068122994085,0.7056631121234151,0.018649468892261416,0.0,0.0,0.015062373540445989,0.0,0.0,0.5792682926829268,0.0,0.0,0.542887462470235,0.0,0.0,0.0,0.0
4742,47,1.1642553191489367,0.8510638297871995,1.1827605137766715,0.7051999171328012,0.012200668896321086,0.0,0.0,0.015063196623884782,0.0,0.0,0.5,0.0,0.0,0.5427025067329604,0.0,0.0,0.0,0.0
4743,40,1.1347500000000004,0.5250000000000179,1.181029442255856,0.7046444121915885,0.014309583858763542,0.0,0.0,0.015062625359799988,0.0,0.0,0.6125,0.0,0.0,0.5419603980924735,0.0,0.0,0.0,0.0
4744,42,1.517619047619048,0.714285714285707,1.1826867995018666,0.7049605645496119,0.02782191182889603,0.0,0.0,0.015104272557265423,0.0,0.0,0.8214285714285714,0.0,0.0,0.5429898298048983,0.0,0.0,0.0,0.0
4745,63,1.0122222222222228,0.7301587301587292,1.1822594359187044,0.7039610120282102,0.01857558986309361,0.0,0.0,0.015130179650571812,0.0,0.0,0.3968253968253968,0.0,0.0,0.5433170883450851,0.0,0.0,0.0,0.0
4746,51,1.1356862745098044,1.019607843137246,1.1820930955836602,0.7052664316815319,0.016529680365296676,0.0,0.0,0.015137656454944692,0.0,0.0,0.3333333333333333,0.0,0.0,0.5422973253161932,0.0,0.0,0.0,0.0
4747,56,1.304821428571429,0.8571428571428787,1.1826341412885835,0.706339341205724,0.015056665979806335,0.0,0.0,0.015137350726628371,0.0,0.0,0.5714285714285714,0.0,0.0,0.5422104827014709,0.0,0.0,0.0,0.0
4748,45,0.9493333333333336,0.6222222222222464,1.180082892964458,0.7053155113459807,0.010976361767729328,0.0,0.0,0.015108274610519175,0.0,0.0,0.4111111111111111,0.0,0.0,0.5408765930991607,0.0,0.0,0.0,0.0
4749,58,0.9837931034482762,0.5172413793103384,1.1796617707902342,0.7036615639222237,0.013072164948453847,0.0,0.0,0.015104720154689704,0.0,0.0,0.5,0.0,0.0,0.5415804716590815,0.0,0.0,0.0,0.0
4750,50,1.3014000000000003,0.6799999999999936,1.1795248915513308,0.7030572195827368,0.015317796610170012,0.0,0.0,0.015109729232682613,0.0,0.0,0.59,0.0,0.0,0.5415203470357364,0.0,0.0,0.0,0.0
4751,52,1.0848076923076928,0.769230769230795,1.179162790697673,0.7048062015503938,0.011372983870967857,0.0,0.0,0.015082914782139651,0.0,0.0,0.375,0.0,0.0,0.5398708010335918,0.0,0.0,0.0,0.0
4752,49,1.0900000000000007,0.6530612244897971,1.1789514462809902,0.7053719008264524,0.0165663771712168,0.0,0.0,0.015094810049230347,0.0,0.0,0.5306122448979592,0.0,0.0,0.5396435950413223,0.0,0.0,0.0,0.0
4753,55,1.0330909090909095,0.6363636363636047,1.1777730789066514,0.706034038164008,0.014835509138381492,0.0,0.0,0.01510013409399277,0.0,0.0,0.45,0.0,0.0,0.5385765858690046,0.0,0.0,0.0,0.0
4754,41,0.93609756097561,0.39024390243904866,1.1763819251005865,0.7049417105127471,0.01093447293447346,0.0,0.0,0.015077910743801675,0.0,0.0,0.5609756097560976,0.0,0.0,0.5381202929949448,0.0,0.0,0.0,0.0
4755,58,1.2482758620689658,0.7241379310345282,1.1775672056854447,0.7050159645689628,0.012149689545225979,0.0,0.0,0.015054315623148355,0.0,0.0,0.5689655172413793,0.0,0.0,0.5389329488103821,0.0,0.0,0.0,0.0
4756,49,1.1765306122448984,0.6530612244898011,1.1768716522455687,0.7044705397610279,0.015636018443178735,0.0,0.0,0.01504670706315103,0.0,0.0,0.5459183673469388,0.0,0.0,0.5384991759373713,0.0,0.0,0.0,0.0
4757,57,1.3317543859649128,0.7368421052631696,1.1787321189667574,0.7048471750540352,0.01562577192260212,0.0,0.0,0.015062089461952723,0.0,0.0,0.6403508771929824,0.0,0.0,0.5395955541833899,0.0,0.0,0.0,0.0
4758,43,1.195581395348838,0.6976744186046427,1.1791089618273467,0.704702129848756,0.02669262720664551,0.0,0.0,0.015101920329771727,0.0,0.0,0.5348837209302325,0.0,0.0,0.5397931885996502,0.0,0.0,0.0,0.0
4759,53,1.1054716981132082,0.6037735849056878,1.1768041237113385,0.7034020618556761,0.018384060244744843,0.0,0.0,0.015084979377914785,0.0,0.0,0.5094339622641509,0.0,0.0,0.5385051546391753,0.0,0.0,0.0,0.0
4760,47,1.034893617021277,0.46808510638299416,1.1766281945589432,0.7018755152514488,0.013794668179239652,0.0,0.0,0.015089322764552163,0.0,0.0,0.5904255319148937,0.0,0.0,0.5396228359439407,0.0,0.0,0.0,0.0
4761,49,1.401020408163266,0.8979591836735067,1.1777249330862656,0.7036236359893001,0.014933652381989411,0.0,0.0,0.015087926145730353,0.0,0.0,0.576530612244898,0.0,0.0,0.5393504220712374,0.0,0.0,0.0,0.0
4762,46,1.3567391304347831,0.9347826086956615,1.177959666632368,0.7048050210927113,0.019958426606971894,0.0,0.0,0.015079529618790017,0.0,0.0,0.5217391304347826,0.0,0.0,0.5388671674040539,0.0,0.0,0.0,0.0
4763,45,1.1568888888888895,0.6444444444444384,1.1775643666323363,0.7059732234809537,0.014325811777656402,0.0,0.0,0.015062037550534419,0.0,0.0,0.4888888888888889,0.0,0.0,0.5377445932028836,0.0,0.0,0.0,0.0
4764,45,1.115777777777778,0.7333333333333814,1.1776609994848,0.7065430190623455,0.01272427774962016,0.0,0.0,0.015049708333882054,0.0,0.0,0.5666666666666667,0.0,0.0,0.537892838742916,0.0,0.0,0.0,0.0
4765,39,1.1123076923076927,0.7692307692307748,1.1783255957907752,0.7072113896626498,0.013451162790697503,0.0,0.0,0.01505597789621191,0.0,0.0,0.4358974358974359,0.0,0.0,0.5379397503352935,0.0,0.0,0.0,0.0
4766,50,1.1714000000000004,0.720000000000013,1.1780825167612157,0.7076843733883511,0.015173575129534014,0.0,0.0,0.015073801712009737,0.0,0.0,0.5,0.0,0.0,0.5372099020113461,0.0,0.0,0.0,0.0
4767,48,0.8502083333333338,0.5624999999999952,1.1760352468308755,0.7060702875399426,0.009486285448628586,0.0,0.0,0.015009490211862632,0.0,0.0,0.3385416666666667,0.0,0.0,0.5363289704215192,0.0,0.0,0.0,0.0
4768,36,1.089444444444445,0.6111111111111355,1.1754118497109813,0.7057184145334501,0.014623415361670337,0.0,0.0,0.015009101105972259,0.0,0.0,0.5416666666666666,0.0,0.0,0.5362303881090008,0.0,0.0,0.0,0.0
4769,54,0.9951851851851857,0.5185185185185122,1.1747189272821024,0.7043837029396662,0.012927592013470894,0.0,0.0,0.01498671593416794,0.0,0.0,0.5370370370370371,0.0,0.0,0.5365136668385766,0.0,0.0,0.0,0.0
4770,49,0.8893877551020413,0.5714285714285618,1.1729531169500242,0.7034518289541539,0.01673579109062964,0.0,0.0,0.014990808121511946,0.0,0.0,0.35714285714285715,0.0,0.0,0.5354714064914993,0.0,0.0,0.0,0.0
4771,53,1.1616981132075477,0.7735849056604066,1.1723168847223637,0.7034099103739635,0.015105495583906245,0.0,0.0,0.015005168885419586,0.0,0.0,0.4528301886792453,0.0,0.0,0.5346399505511487,0.0,0.0,0.0,0.0
4772,57,1.0847368421052637,0.6140350877192966,1.1712194118856656,0.7027555007197269,0.01665230272017219,0.0,0.0,0.014995846656723275,0.0,0.0,0.5219298245614035,0.0,0.0,0.5343923504009871,0.0,0.0,0.0,0.0
4773,50,1.1418000000000006,1.0800000000000027,1.170568462171051,0.7050781250000066,0.018810543657331164,0.0,0.0,0.014989863966532721,0.0,0.0,0.31,0.0,0.0,0.5326891447368421,0.0,0.0,0.0,0.0
4774,46,1.350652173913044,0.6086956521739301,1.1713965676703304,0.7042441681225018,0.01568543297147188,0.0,0.0,0.0150042647964745,0.0,0.0,0.7228260869565217,0.0,0.0,0.5338351659644436,0.0,0.0,0.0,0.0
4775,61,0.850819672131148,0.5245901639344752,1.1691148717948703,0.7028717948718017,0.008585607940446906,0.0,0.0,0.014944339925664272,0.0,0.0,0.3770491803278688,0.0,0.0,0.5327948717948718,0.0,0.0,0.0,0.0
4776,55,1.1014545454545461,0.5454545454545513,1.1683618657098909,0.701896463352134,0.014782820888238506,0.0,0.0,0.01492003503090083,0.0,0.0,0.6454545454545455,0.0,0.0,0.5332393644284982,0.0,0.0,0.0,0.0
4777,44,1.1793181818181822,0.7272727272727199,1.1688225641025627,0.7018461538461606,0.014474198047419774,0.0,0.0,0.01492913389952859,0.0,0.0,0.4772727272727273,0.0,0.0,0.5333076923076923,0.0,0.0,0.0,0.0
4778,50,1.0748000000000006,0.47999999999999887,1.1685142622614393,0.7000820849579383,0.0156767794632439,0.0,0.0,0.014935841276669484,0.0,0.0,0.56,0.0,0.0,0.5340396059922019,0.0,0.0,0.0,0.0
4779,53,1.1967924528301894,0.5283018867924553,1.168738849584742,0.6995796165282544,0.019504920049200878,0.0,0.0,0.014949186685324736,0.0,0.0,0.5943396226415094,0.0,0.0,0.5340151748180048,0.0,0.0,0.0,0.0
4780,38,1.2800000000000005,0.684210526315801,1.168454666803572,0.6987370366567478,0.015594741904456451,0.0,0.0,0.014920908399549014,0.0,0.0,0.5986842105263158,0.0,0.0,0.5342951021665469,0.0,0.0,0.0,0.0
4781,50,1.2178000000000002,0.8800000000000209,1.1684958932238179,0.698870636550315,0.011832491255344095,0.0,0.0,0.014888647310764598,0.0,0.0,0.5,0.0,0.0,0.5338552361396304,0.0,0.0,0.0,0.0
4782,54,1.2948148148148153,0.8888888888889432,1.170018474802421,0.7005029251770575,0.014298568507157477,0.0,0.0,0.01489014110999219,0.0,0.0,0.46296296296296297,0.0,0.0,0.5342040439289747,0.0,0.0,0.0,0.0
4783,50,1.0384000000000007,0.559999999999983,1.170532908922886,0.7006879556422703,0.01709581824168588,0.0,0.0,0.014891564187574036,0.0,0.0,0.51,0.0,0.0,0.5348341718862306,0.0,0.0,0.0,0.0
4784,40,0.9602500000000006,0.5000000000000084,1.169853954540778,0.6999897151085125,0.01891186607582482,0.0,0.0,0.014919888085984446,0.0,0.0,0.425,0.0,0.0,0.5347886454797902,0.0,0.0,0.0,0.0
4785,46,1.0995652173913049,0.8913043478261055,1.17056675581156,0.7007817321538847,0.016139119336311673,0.0,0.0,0.014932967146881854,0.0,0.0,0.31521739130434784,0.0,0.0,0.5346122197078791,0.0,0.0,0.0,0.0
4786,50,1.0434000000000005,0.5799999999999947,1.1694259259259245,0.7001028806584432,0.01918720117690287,0.0,0.0,0.014911744217622874,0.0,0.0,0.495,0.0,0.0,0.5340792181069959,0.0,0.0,0.0,0.0
4787,47,1.157234042553192,0.5319148936170367,1.169526505404013,0.6997426659804494,0.014511739594449999,0.0,0.0,0.014891973083708461,0.0,0.0,0.6276595744680851,0.0,0.0,0.5343026248069995,0.0,0.0,0.0,0.0
4788,39,1.0738461538461543,0.5128205128205219,1.1683762621059122,0.6990521327014284,0.013844628099173452,0.0,0.0,0.014878267338228843,0.0,0.0,0.6282051282051282,0.0,0.0,0.5338708015660416,0.0,0.0,0.0,0.0
4789,58,1.223793103448276,0.6551724137931166,1.169805555555554,0.6992798353909533,0.011901408450703633,0.0,0.0,0.014870895810309804,0.0,0.0,0.5646551724137931,0.0,0.0,0.534619341563786,0.0,0.0,0.0,0.0
4790,56,1.087678571428572,0.7142857142857134,1.168997637876141,0.6992913628427715,0.012663201663201548,0.0,0.0,0.014855278063448519,0.0,0.0,0.45535714285714285,0.0,0.0,0.5343021464516792,0.0,0.0,0.0,0.0
4791,44,1.3688636363636368,0.63636363636363,1.1679026294165968,0.6975143796220281,0.021862068965516696,0.0,0.0,0.014866652894831153,0.0,0.0,0.7159090909090909,0.0,0.0,0.5345624486442071,0.0,0.0,0.0,0.0
4792,50,1.1298000000000006,0.5600000000000104,1.1681415201069614,0.6972127944050258,0.014499486652977126,0.0,0.0,0.014856404380333532,0.0,0.0,0.545,0.0,0.0,0.5347629332510542,0.0,0.0,0.0,0.0
4793,48,1.4008333333333338,0.7916666666666355,1.1690175907828397,0.6969447587696805,0.01660246913580251,0.0,0.0,0.014857044990724207,0.0,0.0,0.6666666666666666,0.0,0.0,0.5351815656825429,0.0,0.0,0.0,0.0
4794,50,1.0378000000000005,0.6400000000000209,1.1679691516709498,0.6974807197943512,0.014282961739609162,0.0,0.0,0.014848100603937393,0.0,0.0,0.42,0.0,0.0,0.5340359897172237,0.0,0.0,0.0,0.0
4795,65,1.2940000000000007,0.7692307692308027,1.1698009235505373,0.6987172909184268,0.01885451692445593,0.0,0.0,0.014873041014106296,0.0,0.0,0.5615384615384615,0.0,0.0,0.5348383786557209,0.0,0.0,0.0,0.0
4796,47,0.9234042553191494,0.638297872340463,1.1681767842493833,0.6980106644790884,0.009670231729055819,0.0,0.0,0.014846518150137789,0.0,0.0,0.35106382978723405,0.0,0.0,0.533839212469237,0.0,0.0,0.0,0.0
4797,48,0.8281250000000006,0.5416666666666786,1.1657512050046135,0.697672033637583,0.015521280749707529,0.0,0.0,0.014842296583745545,0.0,0.0,0.3541666666666667,0.0,0.0,0.5319454414931802,0.0,0.0,0.0,0.0
4798,52,1.299615384615385,0.7307692307692305,1.166640008202603,0.6991694863119112,0.021563497128269996,0.0,0.0,0.014871455719861074,0.0,0.0,0.6634615384615384,0.0,0.0,0.5319901568748078,0.0,0.0,0.0,0.0
4799,54,1.0292592592592598,0.6296296296296425,1.1655644335177204,0.6989346445400607,0.014060207437388884,0.0,0.0,0.014854060433262612,0.0,0.0,0.46296296296296297,0.0,0.0,0.5310899405859455,0.0,0.0,0.0,0.0
4800,48,1.0393750000000004,0.6041666666666665,1.1651686314710392,0.6986160943106172,0.013321762349799749,0.0,0.0,0.014845655711796652,0.0,0.0,0.4583333333333333,0.0,0.0,0.5309584828293183,0.0,0.0,0.0,0.0
4801,48,1.060416666666667,0.5833333333333083,1.1632317323481103,0.698378489326772,0.021733561058923236,0.0,0.0,0.014852938671265376,0.0,0.0,0.5729166666666666,0.0,0.0,0.5302750410509032,0.0,0.0,0.0,0.0
4802,52,1.4580769230769237,0.9999999999999291,1.1660799999999987,0.7002051282051347,0.015901845637583907,0.0,0.0,0.014874675863296105,0.0,0.0,0.5528846153846154,0.0,0.0,0.5313076923076923,0.0,0.0,0.0,0.0
4803,53,1.259622641509435,0.6415094339622744,1.1666639335861422,0.6997027774930884,0.021521598968407253,0.0,0.0,0.01489738948806642,0.0,0.0,0.5849056603773585,0.0,0.0,0.5317976837142564,0.0,0.0,0.0,0.0
4804,58,1.2917241379310354,0.6896551724137844,1.1681333060723766,0.699754651400538,0.020770723593013928,0.0,0.0,0.014924545798884603,0.0,0.0,0.6551724137931034,0.0,0.0,0.5332498466571254,0.0,0.0,0.0,0.0
4805,60,1.0101666666666673,0.6333333333333273,1.1671300081766136,0.6987939493049942,0.018261524555588816,0.0,0.0,0.014936606536727418,0.0,0.0,0.3416666666666667,0.0,0.0,0.5326298037612428,0.0,0.0,0.0,0.0
4806,36,1.0575000000000006,0.8611111111111106,1.1661757185230632,0.6977600490948208,0.01890268123137997,0.0,0.0,0.014939999947586784,0.0,0.0,0.3194444444444444,0.0,0.0,0.5323463230029661,0.0,0.0,0.0,0.0
4807,53,1.4071698113207551,0.9811320754716967,1.1683938618925822,0.6989258312020524,0.0157076663858469,0.0,0.0,0.014974380691904897,0.0,0.0,0.42452830188679247,0.0,0.0,0.5323529411764706,0.0,0.0,0.0,0.0
4808,56,1.2562500000000008,0.8928571428571237,1.1673821454136406,0.6990489825135554,0.01726380368098143,0.0,0.0,0.014968930091065865,0.0,0.0,0.4955357142857143,0.0,0.0,0.5315983229369056,0.0,0.0,0.0,0.0
4809,40,1.1620000000000004,0.9000000000000021,1.166641783413436,0.7000715819613517,0.018696701528559966,0.0,0.0,0.014974555859633944,0.0,0.0,0.49375,0.0,0.0,0.5307546783924737,0.0,0.0,0.0,0.0
4810,43,1.0055813953488375,0.6976744186046387,1.1657520221152853,0.7001126241425264,0.0149000689179873,0.0,0.0,0.014958222759399903,0.0,0.0,0.4069767441860465,0.0,0.0,0.530178150916351,0.0,0.0,0.0,0.0
4811,45,1.1977777777777783,0.7999999999999788,1.165522113022112,0.7000409500409557,0.014783324190894356,0.0,0.0,0.014958258113850136,0.0,0.0,0.4888888888888889,0.0,0.0,0.5297399672399672,0.0,0.0,0.0,0.0
4812,40,0.9517500000000003,0.5999999999999822,1.1655059401884464,0.7007374027038152,0.01251479289940794,0.0,0.0,0.014961596815204585,0.0,0.0,0.35,0.0,0.0,0.5288303973781238,0.0,0.0,0.0,0.0
4813,49,1.3432653061224493,0.857142857142831,1.165940959409593,0.7025420254202592,0.014274560832791085,0.0,0.0,0.014978924011877906,0.0,0.0,0.5561224489795918,0.0,0.0,0.5282134071340714,0.0,0.0,0.0,0.0
4814,43,0.9837209302325584,0.3720930232558079,1.1640508665777858,0.7003384268280225,0.012884556807797992,0.0,0.0,0.0149683441226621,0.0,0.0,0.5755813953488372,0.0,0.0,0.5278432981232694,0.0,0.0,0.0,0.0
4815,41,1.1434146341463418,0.6829268292683065,1.1638564976390873,0.7003695339766013,0.012961017417748832,0.0,0.0,0.014935998682693914,0.0,0.0,0.5,0.0,0.0,0.5275097515910491,0.0,0.0,0.0,0.0
4816,46,1.1606521739130438,0.6304347826087041,1.1631878850102657,0.6995893223819352,0.014595407326408055,0.0,0.0,0.014918968816129622,0.0,0.0,0.5760869565217391,0.0,0.0,0.5273100616016427,0.0,0.0,0.0,0.0
4817,55,1.153272727272728,0.9090909090908869,1.1625534100246497,0.6998767460969646,0.017051075268817047,0.0,0.0,0.014927647474651575,0.0,0.0,0.41818181818181815,0.0,0.0,0.5268077239112572,0.0,0.0,0.0,0.0
4818,55,1.2258181818181824,0.7272727272727725,1.163773604269293,0.7005336617405632,0.01569366852886478,0.0,0.0,0.014945482342552531,0.0,0.0,0.5181818181818182,0.0,0.0,0.5268370279146142,0.0,0.0,0.0,0.0
4819,49,1.0865306122448983,0.7346938775510127,1.163307700194811,0.7007074746231978,0.011551312649164128,0.0,0.0,0.0149211643141118,0.0,0.0,0.3979591836734694,0.0,0.0,0.5261201681533887,0.0,0.0,0.0,0.0
4820,51,1.3280392156862753,0.686274509803914,1.164292302961975,0.7015476068463716,0.016568003913895527,0.0,0.0,0.014954530854251273,0.0,0.0,0.6764705882352942,0.0,0.0,0.5265962898431895,0.0,0.0,0.0,0.0
4821,37,0.9791891891891898,0.7027027027027025,1.163498922303191,0.7011187519244635,0.01481193785772707,0.0,0.0,0.014954730686170165,0.0,0.0,0.33783783783783783,0.0,0.0,0.5261213178692394,0.0,0.0,0.0,0.0
4822,47,1.1855319148936172,0.80851063829781,1.1623795335456684,0.7007089283879635,0.011698509342850416,0.0,0.0,0.014918631806451725,0.0,0.0,0.5957446808510638,0.0,0.0,0.5261995273810747,0.0,0.0,0.0,0.0
4823,53,1.4100000000000004,0.8679245283018748,1.1627906737880025,0.7008011503697666,0.01471062992125843,0.0,0.0,0.014899116786582439,0.0,0.0,0.5566037735849056,0.0,0.0,0.5262428101889893,0.0,0.0,0.0,0.0
4824,52,0.7898076923076928,0.615384615384612,1.1618825100133503,0.7009345794392573,0.009463133640552754,0.0,0.0,0.01487534465778787,0.0,0.0,0.25,0.0,0.0,0.5254185067269179,0.0,0.0,0.0,0.0
4825,45,1.1235555555555559,0.6222222222222218,1.1608584043536287,0.7003799158024488,0.015330503335354798,0.0,0.0,0.014893289088363057,0.0,0.0,0.5222222222222223,0.0,0.0,0.5246431871855427,0.0,0.0,0.0,0.0
4826,42,0.9938095238095244,0.57142857142857,1.160357693493678,0.6998663788673091,0.012137249200349687,0.0,0.0,0.014902145072932508,0.0,0.0,0.5357142857142857,0.0,0.0,0.5246171240620824,0.0,0.0,0.0,0.0
4827,64,1.3346875000000005,0.9687500000000565,1.1624269455552128,0.7020403978263152,0.013200432699737088,0.0,0.0,0.014899893282585631,0.0,0.0,0.453125,0.0,0.0,0.5247103455347073,0.0,0.0,0.0,0.0
4828,50,1.3264000000000005,0.7200000000000464,1.1627728764874836,0.7026056627000467,0.015211009174312362,0.0,0.0,0.014895179147529804,0.0,0.0,0.585,0.0,0.0,0.5247486663931062,0.0,0.0,0.0,0.0
4829,44,1.236363636363637,0.8181818181818035,1.1628240123140063,0.7032324268855881,0.012175470008952558,0.0,0.0,0.014893422391155223,0.0,0.0,0.5568181818181818,0.0,0.0,0.5249102103642894,0.0,0.0,0.0,0.0
4830,45,0.8748888888888892,0.26666666666668165,1.1621657424522482,0.7014787430683975,0.009477611940298374,0.0,0.0,0.014865116560097954,0.0,0.0,0.5555555555555556,0.0,0.0,0.5255442596015609,0.0,0.0,0.0,0.0
4831,50,1.1080000000000008,0.8000000000000008,1.160495435429274,0.7008923992204386,0.012080244221544177,0.0,0.0,0.01481702134347184,0.0,0.0,0.43,0.0,0.0,0.5248487024310186,0.0,0.0,0.0,0.0
4832,55,1.2890909090909095,0.581818181818174,1.159856630824372,0.699539170506918,0.01362937331795541,0.0,0.0,0.014789762340036587,0.0,0.0,0.7181818181818181,0.0,0.0,0.5255760368663595,0.0,0.0,0.0,0.0
4833,53,1.0518867924528308,0.7547169811321255,1.1599621134548426,0.6999795207864078,0.012268926056337882,0.0,0.0,0.014782854368881385,0.0,0.0,0.49056603773584906,0.0,0.0,0.5256758140487405,0.0,0.0,0.0,0.0
4834,45,1.2500000000000007,0.7555555555555574,1.1595442441622277,0.699508398197466,0.02197265624999979,0.0,0.0,0.014809811649502494,0.0,0.0,0.5,0.0,0.0,0.5256554690700532,0.0,0.0,0.0,0.0
4835,48,1.2187500000000004,0.5833333333333407,1.1601882160392791,0.6994680851063887,0.02403451109285103,0.0,0.0,0.014848873242571335,0.0,0.0,0.6197916666666666,0.0,0.0,0.5257774140752864,0.0,0.0,0.0,0.0
4836,45,1.3200000000000005,0.7111111111111134,1.1600215119852482,0.6990370825650541,0.01772076372315045,0.0,0.0,0.014843453435818945,0.0,0.0,0.6555555555555556,0.0,0.0,0.5261729153861914,0.0,0.0,0.0,0.0
4837,47,1.1610638297872347,0.8510638297872405,1.1594940598115517,0.700020483408445,0.01350408314773604,0.0,0.0,0.014838693610919626,0.0,0.0,0.3829787234042553,0.0,0.0,0.5248873412535846,0.0,0.0,0.0,0.0
4838,48,1.5327083333333338,1.0416666666667296,1.1617812147905349,0.7017310252996067,0.017257799671592917,0.0,0.0,0.014858378352886949,0.0,0.0,0.6458333333333334,0.0,0.0,0.5256580968964457,0.0,0.0,0.0,0.0
4839,45,1.1866666666666672,0.755555555555567,1.1619334016393434,0.7025614754098424,0.013766434648105463,0.0,0.0,0.0148471423054012,0.0,0.0,0.4888888888888889,0.0,0.0,0.5247950819672131,0.0,0.0,0.0,0.0
4840,49,1.3689795918367353,0.7755102040816482,1.1623905689390046,0.7025115325474177,0.01464628820960648,0.0,0.0,0.014831704640434071,0.0,0.0,0.6224489795918368,0.0,0.0,0.524910302409021,0.0,0.0,0.0,0.0
4841,55,0.8554545454545457,0.72727272727269,1.162958943380771,0.7029794204976001,0.008229840825607482,0.0,0.0,0.01481566216186253,0.0,0.0,0.2636363636363636,0.0,0.0,0.5248285041466162,0.0,0.0,0.0,0.0
4842,48,1.1127083333333339,0.6250000000000232,1.1625476336816216,0.7017004712149213,0.018303632625085747,0.0,0.0,0.014824710136219018,0.0,0.0,0.59375,0.0,0.0,0.5250460971112477,0.0,0.0,0.0,0.0
4843,45,1.3346666666666671,0.888888888888878,1.1629672921152456,0.7023479954885739,0.023701657458563966,0.0,0.0,0.014827700706453275,0.0,0.0,0.5777777777777777,0.0,0.0,0.5252230083051369,0.0,0.0,0.0,0.0
4844,46,1.352826086956522,0.6521739130434875,1.1630701304035311,0.7022281548413654,0.015758419853127228,0.0,0.0,0.014835400728991113,0.0,0.0,0.75,0.0,0.0,0.5259523565047746,0.0,0.0,0.0,0.0
4845,55,0.864727272727273,0.6181818181818305,1.1622192595631207,0.7015690698389968,0.008251214434420204,0.0,0.0,0.014796748392083565,0.0,0.0,0.3090909090909091,0.0,0.0,0.5252538201210132,0.0,0.0,0.0,0.0
4846,47,1.2278723404255323,0.5957446808510387,1.162568939005637,0.7010763710917539,0.010069795847147556,0.0,0.0,0.014761708896183888,0.0,0.0,0.5851063829787234,0.0,0.0,0.5256791389031266,0.0,0.0,0.0,0.0
4847,45,0.973555555555556,0.40000000000001096,1.1615540748334177,0.6996412096360902,0.012862595419846164,0.0,0.0,0.014783015975524668,0.0,0.0,0.5166666666666667,0.0,0.0,0.5252947206560739,0.0,0.0,0.0,0.0
4848,46,0.9958695652173917,0.6086956521738957,1.160603298166546,0.6986581993239843,0.011195014662756207,0.0,0.0,0.014776493693468153,0.0,0.0,0.5380434782608695,0.0,0.0,0.5254788487145344,0.0,0.0,0.0,0.0
4849,50,1.0744000000000005,0.7199999999999691,1.1611614817846896,0.6999590667212503,0.011829993393525846,0.0,0.0,0.014763708990130988,0.0,0.0,0.44,0.0,0.0,0.525225133033156,0.0,0.0,0.0,0.0
4850,44,1.4179545454545457,0.7954545454545116,1.1636648571135908,0.7011164601044818,0.012673166768230618,0.0,0.0,0.014774798910180994,0.0,0.0,0.6136363636363636,0.0,0.0,0.526375089624091,0.0,0.0,0.0,0.0
4851,42,0.8897619047619051,0.6190476190476105,1.1631143676982976,0.7013732322197227,0.008369540873460243,0.0,0.0,0.014744465143590613,0.0,0.0,0.39285714285714285,0.0,0.0,0.5259274441483911,0.0,0.0,0.0,0.0
4852,47,1.3561702127659578,0.7872340425531532,1.1640731632339367,0.7019161799364743,0.01441755258991159,0.0,0.0,0.014761506895951338,0.0,0.0,0.6063829787234043,0.0,0.0,0.5261297264063941,0.0,0.0,0.0,0.0
4853,49,1.1171428571428577,0.6530612244898011,1.1638850763085105,0.7020383078971681,0.015109025669334392,0.0,0.0,0.01475454984574156,0.0,0.0,0.6020408163265306,0.0,0.0,0.5264775171566117,0.0,0.0,0.0,0.0
4854,52,1.2515384615384624,0.8076923076923497,1.1630692055692042,0.7016789516789573,0.013917878528657376,0.0,0.0,0.014744119345649483,0.0,0.0,0.5384615384615384,0.0,0.0,0.5259009009009009,0.0,0.0,0.0,0.0
4855,50,1.0612000000000006,0.4799999999999946,1.1633210407703327,0.701495595164931,0.012333798233380499,0.0,0.0,0.01473517443972724,0.0,0.0,0.58,0.0,0.0,0.5259168203237041,0.0,0.0,0.0,0.0
4856,41,1.0312195121951222,0.682926829268299,1.1626115041525673,0.7026555931508313,0.00865861150931825,0.0,0.0,0.014694078282370172,0.0,0.0,0.5182926829268293,0.0,0.0,0.5254793396903517,0.0,0.0,0.0,0.0
4857,43,1.2762790697674424,1.0232558139534058,1.162621369188134,0.7036846967053321,0.01172148654421128,0.0,0.0,0.014685055039365713,0.0,0.0,0.4186046511627907,0.0,0.0,0.5249923021656574,0.0,0.0,0.0,0.0
4858,47,1.331702127659575,0.8936170212765879,1.1644188911704298,0.7057494866529826,0.018247813411078336,0.0,0.0,0.014718075628845344,0.0,0.0,0.5212765957446809,0.0,0.0,0.5251540041067762,0.0,0.0,0.0,0.0
4859,46,1.0360869565217397,0.6086956521739121,1.1636981945014346,0.7056832170701735,0.022281439925197932,0.0,0.0,0.014738509951069702,0.0,0.0,0.5163043478260869,0.0,0.0,0.5245434961017644,0.0,0.0,0.0,0.0
4860,55,1.1981818181818185,0.6181818181818435,1.1621886212198858,0.7043567401332705,0.01265603994622684,0.0,0.0,0.014721162511069643,0.0,0.0,0.6181818181818182,0.0,0.0,0.5245515120451051,0.0,0.0,0.0,0.0
4861,44,1.0927272727272732,0.681818181818155,1.1618413219747497,0.7048137124089147,0.01409970674486753,0.0,0.0,0.014729126790912062,0.0,0.0,0.42045454545454547,0.0,0.0,0.5234527352971364,0.0,0.0,0.0,0.0
4862,53,1.30622641509434,0.9245283018867725,1.1619755747126421,0.7064860426929448,0.012810880829015154,0.0,0.0,0.014700797993201627,0.0,0.0,0.5566037735849056,0.0,0.0,0.5228858784893268,0.0,0.0,0.0,0.0
4863,46,0.9069565217391309,0.760869565217374,1.1609830682401214,0.707131862493592,0.008191635578244826,0.0,0.0,0.014667980423297597,0.0,0.0,0.2608695652173913,0.0,0.0,0.521806054386865,0.0,0.0,0.0,0.0
4864,46,0.9432608695652178,0.6304347826087002,1.1593370279146125,0.7060755336617461,0.01478364565587699,0.0,0.0,0.014645244429233007,0.0,0.0,0.43478260869565216,0.0,0.0,0.521551724137931,0.0,0.0,0.0,0.0
4865,50,1.0780000000000003,0.7599999999999664,1.1582191921263054,0.7052491285626463,0.012028565052443804,0.0,0.0,0.014646044029128065,0.0,0.0,0.48,0.0,0.0,0.5212733237646094,0.0,0.0,0.0,0.0
4866,56,1.2510714285714288,0.8392857142858381,1.1600932281528515,0.7066898883311197,0.011772811292219939,0.0,0.0,0.014646603529049626,0.0,0.0,0.5357142857142857,0.0,0.0,0.5223081651470136,0.0,0.0,0.0,0.0
4867,47,1.270638297872341,0.6808510638298072,1.159436128767683,0.7061718269427986,0.01417180825818666,0.0,0.0,0.014639113871453396,0.0,0.0,0.648936170212766,0.0,0.0,0.52232417469756,0.0,0.0,0.0,0.0
4868,44,1.0434090909090914,0.8181818181818407,1.1600297527444323,0.7081153175336061,0.015695726495727105,0.0,0.0,0.014652181406565696,0.0,0.0,0.38636363636363635,0.0,0.0,0.52141684620909,0.0,0.0,0.0,0.0
4869,54,1.0944444444444452,0.777777777777766,1.1593553346315446,0.7086194527006312,0.013915705203673351,0.0,0.0,0.01462822389588358,0.0,0.0,0.37037037037037035,0.0,0.0,0.5202162549964129,0.0,0.0,0.0,0.0
4870,40,1.2972500000000005,0.9750000000000213,1.1600779407240267,0.7103886780843051,0.013404804959959259,0.0,0.0,0.014628548372704766,0.0,0.0,0.5125,0.0,0.0,0.5200492257204389,0.0,0.0,0.0,0.0
4871,44,1.2402272727272734,0.5909090909090827,1.1603836684448072,0.7101969634796942,0.020293789512830177,0.0,0.0,0.014641856732337515,0.0,0.0,0.6477272727272727,0.0,0.0,0.520260566270004,0.0,0.0,0.0,0.0
4872,50,1.1784000000000006,0.9200000000000584,1.1591264226391862,0.7104480672613617,0.018710701810099126,0.0,0.0,0.014675972083748786,0.0,0.0,0.38,0.0,0.0,0.5188147236747668,0.0,0.0,0.0,0.0
4873,39,1.0443589743589747,0.5897435897436029,1.1582707692307672,0.7093333333333396,0.014494661921708596,0.0,0.0,0.01469074116231426,0.0,0.0,0.5,0.0,0.0,0.5188717948717949,0.0,0.0,0.0,0.0
4874,47,0.8591489361702129,0.5106382978723554,1.1573768978251928,0.7090685268773145,0.009678811121764544,0.0,0.0,0.014674617399696714,0.0,0.0,0.3829787234042553,0.0,0.0,0.5185679113664341,0.0,0.0,0.0,0.0
4875,41,0.8307317073170736,0.4390243902438771,1.1554374807672563,0.707149451225773,0.008472636815920021,0.0,0.0,0.014623873125337574,0.0,0.0,0.43902439024390244,0.0,0.0,0.5181813519335317,0.0,0.0,0.0,0.0
4876,43,1.3969767441860468,0.6511627906977001,1.1565801354401788,0.7079827621588406,0.01772499262319263,0.0,0.0,0.014646684754078794,0.0,0.0,0.7441860465116279,0.0,0.0,0.5189051918735892,0.0,0.0,0.0,0.0
4877,58,1.3636206896551732,0.8620689655172361,1.157752486414435,0.7091151440582446,0.01675280660876939,0.0,0.0,0.01465657851868297,0.0,0.0,0.5517241379310345,0.0,0.0,0.5189428893673741,0.0,0.0,0.0,0.0
4878,57,1.1212280701754391,0.6666666666666519,1.1583302620802605,0.7084357084357144,0.013545994065281317,0.0,0.0,0.014661496397657216,0.0,0.0,0.5087719298245614,0.0,0.0,0.5197839885339886,0.0,0.0,0.0,0.0
4879,50,0.9832000000000005,0.47999999999999265,1.1583893098505,0.7075568298177407,0.016187026671057387,0.0,0.0,0.014693780799214488,0.0,0.0,0.535,0.0,0.0,0.5206328077001843,0.0,0.0,0.0,0.0
4880,56,1.045714285714286,0.5357142857142997,1.1581709436662901,0.7072896431857741,0.011900020321073233,0.0,0.0,0.01465392476456591,0.0,0.0,0.5892857142857143,0.0,0.0,0.5209334423883039,0.0,0.0,0.0,0.0
4881,45,1.2608888888888894,0.5333333333333223,1.1574629004196073,0.7058642922935271,0.025744101633393787,0.0,0.0,0.014671538338797032,0.0,0.0,0.6888888888888889,0.0,0.0,0.5214154129567087,0.0,0.0,0.0,0.0
4882,40,1.2640000000000005,0.7000000000000072,1.157217159823895,0.7051295177639043,0.01601520430788729,0.0,0.0,0.014654472045421287,0.0,0.0,0.55,0.0,0.0,0.5215777618511314,0.0,0.0,0.0,0.0
4883,41,0.9931707317073175,0.7804878048780881,1.1566366151009102,0.705153160536836,0.011473654550576848,0.0,0.0,0.014638710748173751,0.0,0.0,0.32926829268292684,0.0,0.0,0.5209507222620633,0.0,0.0,0.0,0.0
4884,49,1.1477551020408168,0.6530612244897666,1.1559471094710931,0.7036695366953725,0.014487377640391975,0.0,0.0,0.014628825379035558,0.0,0.0,0.5612244897959183,0.0,0.0,0.5212689626896269,0.0,0.0,0.0,0.0
4885,57,0.8987719298245618,0.5964912280701812,1.155379331556283,0.7033012097601038,0.010796628029505068,0.0,0.0,0.01460611873270564,0.0,0.0,0.4649122807017544,0.0,0.0,0.521427106827968,0.0,0.0,0.0,0.0
4886,59,1.1694915254237293,0.5423728813559199,1.1552155216545494,0.7011364799836233,0.018177028451001307,0.0,0.0,0.014614363355646318,0.0,0.0,0.6567796610169492,0.0,0.0,0.5229599672366131,0.0,0.0,0.0,0.0
4887,42,1.207619047619048,0.5952380952381338,1.1556622923928626,0.7017633791265174,0.014714244270380171,0.0,0.0,0.014635379136366566,0.0,0.0,0.6547619047619048,0.0,0.0,0.5230418289932336,0.0,0.0,0.0,0.0
4888,50,0.9948000000000005,0.6000000000000051,1.1545028700286983,0.7018245182451877,0.01486551105797955,0.0,0.0,0.014627815281677555,0.0,0.0,0.35,0.0,0.0,0.5217558425584256,0.0,0.0,0.0,0.0
4889,43,1.2551162790697679,0.5581395348837114,1.154239688077158,0.6996716601682796,0.017482993197279136,0.0,0.0,0.014628964236529731,0.0,0.0,0.6918604651162791,0.0,0.0,0.5226246665298584,0.0,0.0,0.0,0.0
4890,51,1.19764705882353,0.7058823529412309,1.1535435897435877,0.6993846153846214,0.014668587896254246,0.0,0.0,0.014602898234598387,0.0,0.0,0.5098039215686274,0.0,0.0,0.5217948717948718,0.0,0.0,0.0,0.0
4891,54,0.8746296296296301,0.444444444444495,1.1521362799263333,0.6980765295682485,0.008066609735269301,0.0,0.0,0.014544954334626298,0.0,0.0,0.4074074074074074,0.0,0.0,0.5210507468794762,0.0,0.0,0.0,0.0
4892,46,1.2400000000000002,0.9130434782608381,1.1518244071954191,0.6982829108749038,0.010359607700689964,0.0,0.0,0.0145020422239781,0.0,0.0,0.5,0.0,0.0,0.5208248160261651,0.0,0.0,0.0,0.0
4893,46,0.8636956521739134,0.4782608695652423,1.1500183955033194,0.6971895758814574,0.009215959174205852,0.0,0.0,0.014437068844963211,0.0,0.0,0.34782608695652173,0.0,0.0,0.519443025038324,0.0,0.0,0.0,0.0
4894,52,1.1805769230769234,0.5384615384615475,1.1507723743359195,0.6966693910911383,0.011013634732687686,0.0,0.0,0.014402495940261153,0.0,0.0,0.6634615384615384,0.0,0.0,0.5202543931344503,0.0,0.0,0.0,0.0
4895,53,1.0216981132075476,0.6792452830188979,1.1507710375816973,0.6974060457516404,0.010020355292376654,0.0,0.0,0.014395553715925373,0.0,0.0,0.419811320754717,0.0,0.0,0.5194546568627451,0.0,0.0,0.0,0.0
4896,38,1.163684210526316,0.6315789473684237,1.1519226835753713,0.6974841480875498,0.015714285714286392,0.0,0.0,0.014409275359352425,0.0,0.0,0.5,0.0,0.0,0.520044998977296,0.0,0.0,0.0,0.0
4897,39,1.4412820512820517,0.8974358974359123,1.1529371416871395,0.6974815724815785,0.016644951140065808,0.0,0.0,0.014425818137101745,0.0,0.0,0.6538461538461539,0.0,0.0,0.5208589271089271,0.0,0.0,0.0,0.0
4898,49,1.1189795918367353,0.5510204081632664,1.1531120204603558,0.6967774936061439,0.015612186788155033,0.0,0.0,0.014446599079758586,0.0,0.0,0.5969387755102041,0.0,0.0,0.5215856777493606,0.0,0.0,0.0,0.0
4899,49,1.1851020408163273,0.6734693877550637,1.1527869858809066,0.6971557192551723,0.013031867145421754,0.0,0.0,0.014423081354118452,0.0,0.0,0.5,0.0,0.0,0.5206159197871905,0.0,0.0,0.0,0.0
4900,63,1.092539682539683,0.6825396825397242,1.1527321902429046,0.6971830985915551,0.011473578929821378,0.0,0.0,0.014416196421756448,0.0,0.0,0.44841269841269843,0.0,0.0,0.5201826903449683,0.0,0.0,0.0,0.0
4901,54,1.0137037037037042,0.7037037037037124,1.1513895402181649,0.6972168416760177,0.012557926129846278,0.0,0.0,0.014391947427374367,0.0,0.0,0.4351851851851852,0.0,0.0,0.5190896115812009,0.0,0.0,0.0,0.0
4902,47,1.2391489361702133,0.702127659574467,1.1510724134409132,0.696353794300894,0.019151594870109517,0.0,0.0,0.014435991894432974,0.0,0.0,0.6276595744680851,0.0,0.0,0.5196864467367991,0.0,0.0,0.0,0.0
4903,70,1.1748571428571435,0.6285714285714994,1.151324294015698,0.6960954225711139,0.012934885184019891,0.0,0.0,0.014445176367057387,0.0,0.0,0.6,0.0,0.0,0.5195483739422979,0.0,0.0,0.0,0.0
4904,62,1.1787096774193553,0.7096774193548261,1.1514618514750745,0.6963377416073303,0.017329855347403392,0.0,0.0,0.014473666039241403,0.0,0.0,0.5645161290322581,0.0,0.0,0.5196083418107833,0.0,0.0,0.0,0.0
4905,42,0.9816666666666671,0.7619047619047719,1.1506427625547502,0.6967505347866004,0.0146569498755783,0.0,0.0,0.014462162463207239,0.0,0.0,0.39285714285714285,0.0,0.0,0.5185647346439849,0.0,0.0,0.0,0.0
4906,61,1.0503278688524595,0.4590163934426299,1.1503359804520448,0.6953777234779125,0.011788408463661481,0.0,0.0,0.014442870729238083,0.0,0.0,0.5655737704918032,0.0,0.0,0.518835267766239,0.0,0.0,0.0,0.0
4907,56,0.8983928571428574,0.33928571428571497,1.1497608872608855,0.6942409442409498,0.014710526315789011,0.0,0.0,0.014450434989443412,0.0,0.0,0.5491071428571429,0.0,0.0,0.5190018315018315,0.0,0.0,0.0,0.0
4908,43,0.9081395348837213,0.4186046511628077,1.149462321792259,0.6926680244399244,0.01125360230547547,0.0,0.0,0.01442920273098103,0.0,0.0,0.5232558139534884,0.0,0.0,0.5196537678207739,0.0,0.0,0.0,0.0
4909,42,0.9854761904761912,0.5714285714285738,1.1491599633438534,0.6925974951634309,0.011969346443030627,0.0,0.0,0.014433629144781395,0.0,0.0,0.4523809523809524,0.0,0.0,0.5193462987475818,0.0,0.0,0.0,0.0
4910,42,1.1640476190476197,0.5714285714285628,1.1490415563251153,0.6921980036667402,0.014069064748201448,0.0,0.0,0.014417334095013215,0.0,0.0,0.5357142857142857,0.0,0.0,0.5192248930535751,0.0,0.0,0.0,0.0
4911,43,1.1679069767441865,0.6976744186046736,1.1496167957602916,0.692825112107629,0.016342336479011014,0.0,0.0,0.014431505604982475,0.0,0.0,0.5581395348837209,0.0,0.0,0.5193640440277212,0.0,0.0,0.0,0.0
4912,58,0.8387931034482763,0.5517241379310495,1.14687741804113,0.6916106699246646,0.008612143742255711,0.0,0.0,0.01437576012812909,0.0,0.0,0.3922413793103448,0.0,0.0,0.5180462227652209,0.0,0.0,0.0,0.0
4913,52,1.1600000000000006,0.65384615384616,1.1470536168481005,0.6908129006002703,0.013254229839595687,0.0,0.0,0.01437508048568093,0.0,0.0,0.4855769230769231,0.0,0.0,0.5182622850747787,0.0,0.0,0.0,0.0
4914,55,1.2210909090909094,0.7272727272727577,1.1494300834520639,0.6918379808670934,0.014041396613003935,0.0,0.0,0.014393162218889076,0.0,0.0,0.5772727272727273,0.0,0.0,0.5196163240382659,0.0,0.0,0.0,0.0
4915,50,1.1016000000000006,0.6400000000000428,1.14866361323155,0.6900763358778687,0.0167926829268298,0.0,0.0,0.014380432982071686,0.0,0.0,0.57,0.0,0.0,0.520381679389313,0.0,0.0,0.0,0.0
4916,35,1.3248571428571432,0.5428571428571295,1.1479787884968367,0.6894758311238078,0.018205732234000627,0.0,0.0,0.014376546103085933,0.0,0.0,0.7571428571428571,0.0,0.0,0.5201662247603508,0.0,0.0,0.0,0.0
4917,53,1.372641509433963,0.716981132075479,1.1471406727828726,0.6892966360856325,0.02072059242381037,0.0,0.0,0.014394945277603004,0.0,0.0,0.660377358490566,0.0,0.0,0.5194444444444445,0.0,0.0,0.0,0.0
4918,48,1.103541666666667,0.7916666666666866,1.146691829031927,0.6894828113842759,0.01426609210880707,0.0,0.0,0.014388689775229167,0.0,0.0,0.421875,0.0,0.0,0.5187697643578496,0.0,0.0,0.0,0.0
4919,45,1.2017777777777783,0.6666666666666823,1.1471500051056858,0.6888593893597524,0.02399290150842925,0.0,0.0,0.014438303910178025,0.0,0.0,0.5111111111111111,0.0,0.0,0.5190442152557949,0.0,0.0,0.0,0.0
4920,51,0.976666666666667,0.5294117647058906,1.1457765054697866,0.6875575094571164,0.012125121713728338,0.0,0.0,0.014405697060846242,0.0,0.0,0.4950980392156863,0.0,0.0,0.5187097433800225,0.0,0.0,0.0,0.0
4921,50,1.1412000000000004,0.7599999999999835,1.1447797649463447,0.6875830352580533,0.013129314312010235,0.0,0.0,0.014378738556487209,0.0,0.0,0.47,0.0,0.0,0.5179867143587124,0.0,0.0,0.0,0.0
4922,35,1.2440000000000002,0.5714285714285489,1.1449565128415005,0.6886319451550242,0.017492969063881085,0.0,0.0,0.014384093973794218,0.0,0.0,0.7428571428571429,0.0,0.0,0.5176506702138545,0.0,0.0,0.0,0.0
4923,42,0.9654761904761907,0.5476190476190295,1.144096681687831,0.6879352724293375,0.012224902019897241,0.0,0.0,0.01436173549936493,0.0,0.0,0.47619047619047616,0.0,0.0,0.5175133142154854,0.0,0.0,0.0,0.0
4924,49,1.2361224489795923,0.4693877551020222,1.1431557922769624,0.6856499026938495,0.01801070472792123,0.0,0.0,0.014350023079603449,0.0,0.0,0.6632653061224489,0.0,0.0,0.5177199631260883,0.0,0.0,0.0,0.0
4925,50,1.3546000000000007,0.6799999999999781,1.1431090629800293,0.6850998463901744,0.01542122040072898,0.0,0.0,0.014341478080104464,0.0,0.0,0.66,0.0,0.0,0.517921146953405,0.0,0.0,0.0,0.0
4926,39,0.7874358974358978,0.35897435897435964,1.1424354243542418,0.6840918409184146,0.009107354685646432,0.0,0.0,0.01432771353828556,0.0,0.0,0.5256410256410257,0.0,0.0,0.5181426814268143,0.0,0.0,0.0,0.0
4927,53,1.158301886792453,0.6603773584905736,1.1423027193432513,0.6845561826577785,0.015057640421878538,0.0,0.0,0.01432197403920755,0.0,0.0,0.5377358490566038,0.0,0.0,0.517650076962545,0.0,0.0,0.0,0.0
4928,48,0.8102083333333336,0.2916666666666731,1.140009224146765,0.6826893512350161,0.01016997907949802,0.0,0.0,0.014293643011990794,0.0,0.0,0.5208333333333334,0.0,0.0,0.5172696525571384,0.0,0.0,0.0,0.0
4929,42,1.142380952380953,0.6190476190476228,1.13879782541799,0.6815057954662068,0.017757216876387583,0.0,0.0,0.014268745646301038,0.0,0.0,0.5773809523809523,0.0,0.0,0.5170017437685916,0.0,0.0,0.0,0.0
4930,46,1.2063043478260875,0.7826086956521583,1.1380712745198711,0.6815240833932473,0.017751119641714202,0.0,0.0,0.014291628459446216,0.0,0.0,0.5271739130434783,0.0,0.0,0.516380815446236,0.0,0.0,0.0,0.0
4931,53,1.2498113207547177,0.6415094339622842,1.1377558772199963,0.6802176367929421,0.021527461813454888,0.0,0.0,0.01429650574807541,0.0,0.0,0.6132075471698113,0.0,0.0,0.5169900420901344,0.0,0.0,0.0,0.0
4932,43,1.264651162790698,0.697674418604637,1.1392540840439724,0.6811877119079471,0.01377755257157461,0.0,0.0,0.014294373577924926,0.0,0.0,0.6627906976744186,0.0,0.0,0.5175690948320147,0.0,0.0,0.0,0.0
4933,49,1.1816326530612251,0.775510204081637,1.138785325249202,0.6810194224642941,0.014529485570891178,0.0,0.0,0.0142753791216436,0.0,0.0,0.5,0.0,0.0,0.5171102661596958,0.0,0.0,0.0,0.0
4934,39,1.182564102564103,0.6666666666666836,1.1388642915980216,0.6804983525535472,0.013800119688809119,0.0,0.0,0.014273500854295008,0.0,0.0,0.6089743589743589,0.0,0.0,0.5175556013179572,0.0,0.0,0.0,0.0
4935,51,1.0549019607843142,0.5882352941176501,1.1396123393316182,0.6804113110539897,0.013215426185212506,0.0,0.0,0.014279862751237306,0.0,0.0,0.5245098039215687,0.0,0.0,0.5182776349614396,0.0,0.0,0.0,0.0
4936,46,1.0923913043478266,0.5652173913043604,1.139544939771439,0.6791928343457275,0.022000875656743153,0.0,0.0,0.014302401910363872,0.0,0.0,0.5543478260869565,0.0,0.0,0.5189179450221353,0.0,0.0,0.0,0.0
4937,41,1.2858536585365858,0.7804878048780106,1.1397765190525218,0.6791967044284295,0.01696267696267779,0.0,0.0,0.014303292777807978,0.0,0.0,0.6341463414634146,0.0,0.0,0.5195932028836251,0.0,0.0,0.0,0.0
4938,44,0.9365909090909095,0.5909090909090667,1.1388172264578598,0.6786523799711568,0.008571131447587236,0.0,0.0,0.014254895487278995,0.0,0.0,0.4318181818181818,0.0,0.0,0.5192406758705955,0.0,0.0,0.0,0.0
4939,53,1.3471698113207553,0.716981132075491,1.1394725455856585,0.6775522818584576,0.01889888830068796,0.0,0.0,0.014284057596694039,0.0,0.0,0.660377358490566,0.0,0.0,0.5202688781291851,0.0,0.0,0.0,0.0
4940,57,1.18280701754386,0.5263157894736864,1.1399413640571943,0.6767822240510284,0.017911795961743273,0.0,0.0,0.014283852605771911,0.0,0.0,0.6666666666666666,0.0,0.0,0.5212683880259232,0.0,0.0,0.0,0.0
4941,39,1.1805128205128208,0.38461538461538314,1.1398549233460222,0.6755839078094501,0.013042492917847136,0.0,0.0,0.01426339432283885,0.0,0.0,0.717948717948718,0.0,0.0,0.5218129437184895,0.0,0.0,0.0,0.0
4942,61,1.0680327868852464,0.7704918032786922,1.1392869618822552,0.6753313469639419,0.010163806552261718,0.0,0.0,0.014241525989704847,0.0,0.0,0.3729508196721312,0.0,0.0,0.5209853077160177,0.0,0.0,0.0,0.0
4943,56,0.819821428571429,0.3928571428571332,1.1374705097958753,0.6743255718535281,0.01598537604456855,0.0,0.0,0.014247683460188447,0.0,0.0,0.38392857142857145,0.0,0.0,0.5198225459021438,0.0,0.0,0.0,0.0
4944,39,1.283589743589744,0.5128205128205183,1.1364169915862905,0.6735070798276264,0.019539422326308453,0.0,0.0,0.014225154029029553,0.0,0.0,0.6153846153846154,0.0,0.0,0.5189051918735892,0.0,0.0,0.0,0.0
4945,53,1.1003773584905665,0.5660377358490809,1.137024445357435,0.672555464256373,0.015343330702445908,0.0,0.0,0.014211437117676924,0.0,0.0,0.6084905660377359,0.0,0.0,0.5201828266228431,0.0,0.0,0.0,0.0
4946,45,1.0400000000000005,0.6666666666666543,1.1365827338129484,0.6707091469681445,0.010975609756098093,0.0,0.0,0.01418332339380419,0.0,0.0,0.4722222222222222,0.0,0.0,0.5209403905447071,0.0,0.0,0.0,0.0
4947,47,0.8929787234042558,0.4680851063829552,1.134435757638102,0.6686554881185108,0.010064748201439565,0.0,0.0,0.014155836987440872,0.0,0.0,0.4627659574468085,0.0,0.0,0.5203682748688406,0.0,0.0,0.0,0.0
4948,41,1.2407317073170736,0.7317073170731744,1.1357414839971174,0.6691365647833738,0.013895110625511966,0.0,0.0,0.014170500551488807,0.0,0.0,0.6097560975609756,0.0,0.0,0.521251415045796,0.0,0.0,0.0,0.0
4949,59,0.8940677966101701,0.4406779661017106,1.1351811072237075,0.6686561020786215,0.012365213314580884,0.0,0.0,0.01416676726141712,0.0,0.0,0.3983050847457627,0.0,0.0,0.520631817246347,0.0,0.0,0.0,0.0
4950,46,1.4943478260869574,0.8478260869565308,1.1360263537162847,0.6694461601811863,0.023199460006749977,0.0,0.0,0.014194904407801774,0.0,0.0,0.717391304347826,0.0,0.0,0.521206506073708,0.0,0.0,0.0,0.0
4951,52,1.0780769230769234,0.4615384615384382,1.1359903232448003,0.6677990529133253,0.011580252014046739,0.0,0.0,0.014196627290948942,0.0,0.0,0.6346153846153846,0.0,0.0,0.5225962528309657,0.0,0.0,0.0,0.0
4952,50,1.3282000000000005,0.7800000000000198,1.1372115285640751,0.6684508492022689,0.017063206577595223,0.0,0.0,0.014201147607993186,0.0,0.0,0.6,0.0,0.0,0.5229541945445187,0.0,0.0,0.0,0.0
4953,41,0.9868292682926832,0.4878048780487633,1.137166271518399,0.6678692918255894,0.008114721219413885,0.0,0.0,0.014159079065922956,0.0,0.0,0.5060975609756098,0.0,0.0,0.5232965673641893,0.0,0.0,0.0,0.0
4954,48,0.8731250000000004,0.5833333333333292,1.1367099299546755,0.6686238154099755,0.014824902723735503,0.0,0.0,0.014176036914902799,0.0,0.0,0.3958333333333333,0.0,0.0,0.5225072105480016,0.0,0.0,0.0,0.0
4955,53,0.8564150943396229,0.5660377358490499,1.1345120065958971,0.6677316293929754,0.012270884022709115,0.0,0.0,0.01418251460036927,0.0,0.0,0.42452830188679247,0.0,0.0,0.5216943213439142,0.0,0.0,0.0,0.0
4956,53,1.0422641509433965,0.49056603773585883,1.1337962295250839,0.6668383640671721,0.016558752997602216,0.0,0.0,0.01418582469310211,0.0,0.0,0.6226415094339622,0.0,0.0,0.5221232100545997,0.0,0.0,0.0,0.0
4957,39,0.7871794871794875,0.48717948717948345,1.1312364537103923,0.6657033749613004,0.008716638273707883,0.0,0.0,0.014151921517588333,0.0,0.0,0.34615384615384615,0.0,0.0,0.5207193724842605,0.0,0.0,0.0,0.0
4958,51,1.282352941176471,0.47058823529411425,1.131745900794059,0.6645354233268063,0.015010328207481568,0.0,0.0,0.014125646943133388,0.0,0.0,0.8235294117647058,0.0,0.0,0.5222491492214086,0.0,0.0,0.0,0.0
4959,53,0.9632075471698118,0.49056603773583973,1.1309683407239344,0.6639166752603937,0.009324200913242781,0.0,0.0,0.014074493301557633,0.0,0.0,0.5094339622641509,0.0,0.0,0.5222491492214086,0.0,0.0,0.0,0.0
4960,53,1.0735849056603777,0.6792452830188876,1.131120272080799,0.6649489848500503,0.01239651416121989,0.0,0.0,0.01406588702700974,0.0,0.0,0.44339622641509435,0.0,0.0,0.5214881995259198,0.0,0.0,0.0,0.0
4961,73,1.099589041095891,0.49315068493150277,1.1295240053459434,0.6624858640896512,0.01754535519125644,0.0,0.0,0.014081176233862635,0.0,0.0,0.6027397260273972,0.0,0.0,0.5218207052534183,0.0,0.0,0.0,0.0
4962,52,1.244615384615385,0.46153846153847755,1.1290650364738513,0.6601253467584544,0.014060395394308013,0.0,0.0,0.014057544238476534,0.0,0.0,0.7692307692307693,0.0,0.0,0.5231429158532827,0.0,0.0,0.0,0.0
4963,45,1.2493333333333339,0.5333333333333253,1.129492448371519,0.6596116305352961,0.016058269065980946,0.0,0.0,0.014065258778192336,0.0,0.0,0.6555555555555556,0.0,0.0,0.5239134901880201,0.0,0.0,0.0,0.0
4964,51,1.19764705882353,0.7254901960784489,1.1299127220453842,0.6596159769996957,0.023701979045401486,0.0,0.0,0.014103869771233261,0.0,0.0,0.49019607843137253,0.0,0.0,0.5235393777595235,0.0,0.0,0.0,0.0
4965,38,1.28421052631579,0.6842105263158017,1.1305853357979045,0.6592729513247111,0.014955562365921625,0.0,0.0,0.014110129250959634,0.0,0.0,0.6381578947368421,0.0,0.0,0.5243376463339495,0.0,0.0,0.0,0.0
4966,47,0.9653191489361704,0.3829787234042392,1.1295778120184894,0.6576271186440714,0.010964233929434663,0.0,0.0,0.014088192450640153,0.0,0.0,0.6063829787234043,0.0,0.0,0.5248587570621469,0.0,0.0,0.0,0.0
4967,50,1.0996000000000006,0.3799999999999992,1.1308010680907872,0.6566704323713706,0.015129334067143561,0.0,0.0,0.01411842923545442,0.0,0.0,0.715,0.0,0.0,0.5267536202115641,0.0,0.0,0.0,0.0
4968,54,1.0879629629629637,0.6666666666666579,1.1307165556125058,0.6568939005638169,0.015886965927528317,0.0,0.0,0.014125069952144432,0.0,0.0,0.49074074074074076,0.0,0.0,0.5264992311635059,0.0,0.0,0.0,0.0
4969,39,1.1469230769230774,0.666666666666696,1.131532854209445,0.6577002053388126,0.018437757625720783,0.0,0.0,0.014144886801170514,0.0,0.0,0.5256410256410257,0.0,0.0,0.5264373716632443,0.0,0.0,0.0,0.0
4970,47,1.0244680851063834,0.5744680851063816,1.1322345450811246,0.6577325939618027,0.013792609567459103,0.0,0.0,0.01413466111657377,0.0,0.0,0.5159574468085106,0.0,0.0,0.5272386527007599,0.0,0.0,0.0,0.0
4971,53,0.8500000000000003,0.33962264150943217,1.1305380981721083,0.6553707126720101,0.013447761194029767,0.0,0.0,0.014126630746508839,0.0,0.0,0.46226415094339623,0.0,0.0,0.5272899979461901,0.0,0.0,0.0,0.0
4972,42,1.080714285714286,0.6666666666666705,1.130591381260927,0.6556618327676679,0.01388498011624327,0.0,0.0,0.014113576341322202,0.0,0.0,0.5357142857142857,0.0,0.0,0.52735781137509,0.0,0.0,0.0,0.0
4973,51,0.8052941176470593,0.6274509803921162,1.1288276429452893,0.6533319621554948,0.009886856042368393,0.0,0.0,0.014072790116872408,0.0,0.0,0.3431372549019608,0.0,0.0,0.5275092554504319,0.0,0.0,0.0,0.0
4974,48,1.2135416666666672,0.6249999999999946,1.1281965864692567,0.6534032490232399,0.0189863102998692,0.0,0.0,0.01408394012088262,0.0,0.0,0.6041666666666666,0.0,0.0,0.5269638083487559,0.0,0.0,0.0,0.0
4975,43,1.025116279069768,0.4186046511628006,1.1294829007004523,0.653172641120728,0.022547314578005028,0.0,0.0,0.014148175578990296,0.0,0.0,0.5581395348837209,0.0,0.0,0.5280438813349815,0.0,0.0,0.0,0.0
4976,56,1.032678571428572,0.5357142857142907,1.1290833247502308,0.6531053661551166,0.014163605192260748,0.0,0.0,0.01414490101909941,0.0,0.0,0.6026785714285714,0.0,0.0,0.5278092491502729,0.0,0.0,0.0,0.0
4977,42,0.9183333333333339,0.523809523809524,1.127943751931595,0.6522097455444553,0.01680610021786539,0.0,0.0,0.014151268954179104,0.0,0.0,0.4166666666666667,0.0,0.0,0.5275574327804677,0.0,0.0,0.0,0.0
4978,61,0.979508196721312,0.42622950819672273,1.1272854496810032,0.6516772998559403,0.013795890094666068,0.0,0.0,0.014142530896153045,0.0,0.0,0.4918032786885246,0.0,0.0,0.5271660835562874,0.0,0.0,0.0,0.0
4979,49,0.9946938775510208,0.24489795918367696,1.1262373893349795,0.6502985381923025,0.0166064735945479,0.0,0.0,0.014129348800326496,0.0,0.0,0.6836734693877551,0.0,0.0,0.5275890467366687,0.0,0.0,0.0,0.0
4980,50,1.1580000000000004,0.7999999999999551,1.1257999177462465,0.650935636438415,0.014493116395493418,0.0,0.0,0.014125327347549566,0.0,0.0,0.41,0.0,0.0,0.52670676537117,0.0,0.0,0.0,0.0
4981,42,0.9797619047619051,0.38095238095236883,1.1246954105783076,0.6485902449063616,0.013680186170211788,0.0,0.0,0.014138858417245334,0.0,0.0,0.5297619047619048,0.0,0.0,0.5268573780613295,0.0,0.0,0.0,0.0
4982,40,1.4140000000000008,0.9000000000000258,1.124941261335531,0.6482893652102247,0.019277436946148915,0.0,0.0,0.014157398233118389,0.0,0.0,0.5625,0.0,0.0,0.5273598516075845,0.0,0.0,0.0,0.0
4983,49,1.1087755102040822,0.6938775510204167,1.125305575595176,0.6489745439554799,0.013488083416087508,0.0,0.0,0.014142347749612398,0.0,0.0,0.4336734693877551,0.0,0.0,0.5269761929300216,0.0,0.0,0.0,0.0
4984,35,1.041714285714286,0.6285714285714411,1.1256846772530413,0.649515363992578,0.013287172011661488,0.0,0.0,0.014126776055280926,0.0,0.0,0.4928571428571429,0.0,0.0,0.5272736646731285,0.0,0.0,0.0,0.0
4985,63,1.1088888888888897,0.6349206349206161,1.1256994338651565,0.6482758620689677,0.017821428571428665,0.0,0.0,0.014137345746839952,0.0,0.0,0.5595238095238095,0.0,0.0,0.5284868759650025,0.0,0.0,0.0,0.0
4986,51,1.2529411764705887,0.7058823529412287,1.1267908604363928,0.6489296006587097,0.015887618100448465,0.0,0.0,0.014128710788533286,0.0,0.0,0.6372549019607843,0.0,0.0,0.529230135858378,0.0,0.0,0.0,0.0
4987,55,1.3649090909090913,0.5818181818181732,1.127990538872891,0.6491155902920632,0.017671845574388605,0.0,0.0,0.014146271001291002,0.0,0.0,0.7636363636363637,0.0,0.0,0.5300802139037433,0.0,0.0,0.0,0.0
4988,52,1.1742307692307696,0.499999999999979,1.1284543493889283,0.6488651535380529,0.013162319465402325,0.0,0.0,0.014141570664995252,0.0,0.0,0.625,0.0,0.0,0.5301941049604602,0.0,0.0,0.0,0.0
4989,43,1.0400000000000003,0.5116279069767539,1.127494342727833,0.6482205307549908,0.016667909057025622,0.0,0.0,0.014167599411659801,0.0,0.0,0.5581395348837209,0.0,0.0,0.5301121168483851,0.0,0.0,0.0,0.0
4990,58,1.2977586206896559,0.6896551724138373,1.1287392019744955,0.6480872069107386,0.0184621044885953,0.0,0.0,0.014199612144859639,0.0,0.0,0.646551724137931,0.0,0.0,0.5312371452077335,0.0,0.0,0.0,0.0
4991,53,1.3222641509433968,0.6415094339622516,1.128707489982533,0.648104387136548,0.020283646888567475,0.0,0.0,0.014199496166965475,0.0,0.0,0.6037735849056604,0.0,0.0,0.5307972875783418,0.0,0.0,0.0,0.0
4992,50,0.7546000000000004,0.6800000000000149,1.1267800267132428,0.6487208466043382,0.00902199904352015,0.0,0.0,0.014170009884295618,0.0,0.0,0.22,0.0,0.0,0.5291277098530771,0.0,0.0,0.0,0.0
4993,51,1.1252941176470592,0.784313725490151,1.1254211175020534,0.6487263763352529,0.010530275229358024,0.0,0.0,0.014131720308761812,0.0,0.0,0.45098039215686275,0.0,0.0,0.5280402629416598,0.0,0.0,0.0,0.0
4994,57,1.1124561403508777,0.614035087719315,1.125794929693112,0.6485682028122778,0.013866171003717377,0.0,0.0,0.014129448212341975,0.0,0.0,0.5614035087719298,0.0,0.0,0.5287899004413426,0.0,0.0,0.0,0.0
4995,52,1.3219230769230774,0.6538461538461657,1.125719424460431,0.6477903391572479,0.01966809728182962,0.0,0.0,0.014127228570065107,0.0,0.0,0.6634615384615384,0.0,0.0,0.5292908530318602,0.0,0.0,0.0,0.0
4996,51,1.0994117647058828,0.5490196078431244,1.1265584549003484,0.6473186768029606,0.014052631578947608,0.0,0.0,0.014152660386587539,0.0,0.0,0.6176470588235294,0.0,0.0,0.53061434148346,0.0,0.0,0.0,0.0
4997,46,1.3239130434782613,0.6956521739130475,1.128963214138922,0.6480682285244572,0.015367146101437973,0.0,0.0,0.01415434540917483,0.0,0.0,0.6304347826086957,0.0,0.0,0.5319564323879984,0.0,0.0,0.0,0.0
4998,51,1.2174509803921574,0.7843137254901786,1.1285150549789325,0.6483403555646919,0.020251141552511877,0.0,0.0,0.014148512236444583,0.0,0.0,0.5098039215686274,0.0,0.0,0.5311376014798068,0.0,0.0,0.0,0.0
4999,51,1.391960784313726,0.8039215686274213,1.1304471628289463,0.6492598684210542,0.024245218579235606,0.0,0.0,0.014187101684856946,0.0,0.0,0.6127450980392157,0.0,0.0,0.5319438733552632,0.0,0.0,0.0,0.0
5000,52,1.1809615384615388,0.7307692307692183,1.1311662556514581,0.6499177969584888,0.016224570673711528,0.0,0.0,0.014201230681906152,0.0,0.0,0.5673076923076923,0.0,0.0,0.5324958898479244,0.0,0.0,0.0,0.0
5001,41,1.2658536585365858,0.6829268292683192,1.1320832904884308,0.6503856041131122,0.021428571428571845,0.0,0.0,0.014201055129891924,0.0,0.0,0.6097560975609756,0.0,0.0,0.5326221079691517,0.0,0.0,0.0,0.0
5002,61,1.1383606557377055,0.6557377049180694,1.1303811382781992,0.6485514690774626,0.01981169757489296,0.0,0.0,0.014215985333276506,0.0,0.0,0.5163934426229508,0.0,0.0,0.5324121635504417,0.0,0.0,0.0,0.0
5003,44,0.8502272727272733,0.5000000000000074,1.1284092544987139,0.6479177377892054,0.016715817694370052,0.0,0.0,0.014193909715404745,0.0,0.0,0.4431818181818182,0.0,0.0,0.5317223650385604,0.0,0.0,0.0,0.0
5004,55,1.145454545454546,0.47272727272727727,1.1275313721456481,0.6466776383460217,0.01721781907625039,0.0,0.0,0.014177538364039672,0.0,0.0,0.6318181818181818,0.0,0.0,0.5315521497634231,0.0,0.0,0.0,0.0
5005,41,1.509756097560976,0.8292682926829422,1.1298722044728426,0.6475316912295191,0.018871951219512382,0.0,0.0,0.014179922032837286,0.0,0.0,0.7317073170731707,0.0,0.0,0.5335720911058436,0.0,0.0,0.0,0.0
5006,52,1.0557692307692312,0.6923076923077015,1.1297438008025507,0.6469801419899193,0.021237911025145873,0.0,0.0,0.014191209447381947,0.0,0.0,0.49038461538461536,0.0,0.0,0.5341341701821175,0.0,0.0,0.0,0.0
5007,51,1.2531372549019613,0.6274509803921509,1.12887825460533,0.6450550581455208,0.017659574468084478,0.0,0.0,0.014198136652394309,0.0,0.0,0.6568627450980392,0.0,0.0,0.5353761449006895,0.0,0.0,0.0,0.0
5008,47,0.8542553191489367,0.5319148936170351,1.1268139678615565,0.6430778739184206,0.013112344872632487,0.0,0.0,0.01417763665230213,0.0,0.0,0.35638297872340424,0.0,0.0,0.5347393901936547,0.0,0.0,0.0,0.0
5009,48,1.2545833333333338,0.7500000000000421,1.1273003293536425,0.6425483738163883,0.013827784156142348,0.0,0.0,0.014161141595254488,0.0,0.0,0.5729166666666666,0.0,0.0,0.5350967476327707,0.0,0.0,0.0,0.0
5010,50,1.0662000000000007,0.6399999999999826,1.1275244266172981,0.642291473824954,0.012765804597701255,0.0,0.0,0.014150852310130932,0.0,0.0,0.455,0.0,0.0,0.535251465597038,0.0,0.0,0.0,0.0
5011,42,1.3352380952380958,0.8095238095238043,1.1280967078189292,0.642283950617287,0.03266161910308782,0.0,0.0,0.01418899596138146,0.0,0.0,0.6071428571428571,0.0,0.0,0.5357767489711934,0.0,0.0,0.0,0.0
5012,58,1.2200000000000006,0.5862068965517208,1.1293684534812067,0.6421236393509993,0.018194908716894047,0.0,0.0,0.014215716435119381,0.0,0.0,0.646551724137931,0.0,0.0,0.5371996303142329,0.0,0.0,0.0,0.0
5013,55,1.1330909090909096,0.7636363636363537,1.1283138341543506,0.6417282430213497,0.015225995602247572,0.0,0.0,0.01422071404365183,0.0,0.0,0.5227272727272727,0.0,0.0,0.5370227832512315,0.0,0.0,0.0,0.0
5014,51,1.2562745098039223,0.7843137254902041,1.1296205906480714,0.643662838392128,0.014010496391865425,0.0,0.0,0.014225137137013068,0.0,0.0,0.5588235294117647,0.0,0.0,0.5369667760459393,0.0,0.0,0.0,0.0
5015,53,1.1618867924528307,0.6415094339622477,1.129737812371978,0.6434862761163488,0.013721033868092621,0.0,0.0,0.014228116587705869,0.0,0.0,0.6415094339622641,0.0,0.0,0.5376894715280622,0.0,0.0,0.0,0.0
5016,44,0.9484090909090915,0.6363636363636429,1.1287748412210603,0.6435156730178272,0.012546602525555922,0.0,0.0,0.014219165955865391,0.0,0.0,0.3977272727272727,0.0,0.0,0.5368776889981561,0.0,0.0,0.0,0.0
5017,51,1.2364705882352947,0.5490196078431263,1.12919963107194,0.6415249026439875,0.017619446772841635,0.0,0.0,0.014221276035549566,0.0,0.0,0.696078431372549,0.0,0.0,0.5383787661406025,0.0,0.0,0.0,0.0
5018,37,0.9970270270270274,0.5405405405405294,1.1281519507186848,0.6406570841889146,0.01220310949387976,0.0,0.0,0.014205211671641692,0.0,0.0,0.4594594594594595,0.0,0.0,0.5381930184804928,0.0,0.0,0.0,0.0
5019,50,1.1316000000000006,0.5600000000000054,1.128379016528076,0.6397700441433148,0.0168996415770613,0.0,0.0,0.014232731472848969,0.0,0.0,0.6,0.0,0.0,0.5392156862745098,0.0,0.0,0.0,0.0
5020,39,0.9758974358974363,0.4615384615384518,1.1267211429746107,0.638811799773875,0.01615449915110334,0.0,0.0,0.014226217977003158,0.0,0.0,0.5256410256410257,0.0,0.0,0.5384417720217906,0.0,0.0,0.0,0.0
5021,46,0.9689130434782615,0.43478260869564517,1.1265362497432727,0.6376052577531351,0.014108895220006372,0.0,0.0,0.014223879842282638,0.0,0.0,0.5652173913043478,0.0,0.0,0.5393304579995892,0.0,0.0,0.0,0.0
5022,39,1.3694871794871801,0.6153846153845868,1.1272250770811911,0.6366906474820176,0.02571497351949928,0.0,0.0,0.0142705840870087,0.0,0.0,0.6794871794871795,0.0,0.0,0.5396197327852004,0.0,0.0,0.0,0.0
5023,58,1.0946551724137936,0.551724137931033,1.1254915254237277,0.6349255264509535,0.01321606994171504,0.0,0.0,0.014261080762367415,0.0,0.0,0.5646551724137931,0.0,0.0,0.5396764252696457,0.0,0.0,0.0,0.0
5024,41,0.900243902439025,0.48780487804876715,1.1263368983957207,0.6344097079391228,0.014594701463028605,0.0,0.0,0.014289348710990532,0.0,0.0,0.43902439024390244,0.0,0.0,0.5408011106540518,0.0,0.0,0.0,0.0
5025,42,1.2180952380952388,0.8095238095238143,1.126746219524739,0.6352227137125842,0.02281891168599516,0.0,0.0,0.014309846568699212,0.0,0.0,0.5654761904761905,0.0,0.0,0.5409937249254192,0.0,0.0,0.0,0.0
5026,54,1.234444444444445,0.8148148148148334,1.127917394431315,0.6364944004931707,0.02034177601464838,0.0,0.0,0.014345439862426238,0.0,0.0,0.5509259259259259,0.0,0.0,0.5410716120415082,0.0,0.0,0.0,0.0
5027,49,1.2228571428571435,0.8367346938775333,1.1270343692117708,0.6353159086231762,0.01657996679579399,0.0,0.0,0.014365750486945954,0.0,0.0,0.47959183673469385,0.0,0.0,0.5413408108664334,0.0,0.0,0.0,0.0
5028,45,1.249555555555556,0.8444444444444236,1.1265757232574891,0.635848862349431,0.016750074471253932,0.0,0.0,0.01437142271756579,0.0,0.0,0.5222222222222223,0.0,0.0,0.5410274889323587,0.0,0.0,0.0,0.0
5029,49,1.0424489795918372,0.5714285714285828,1.1256544556493098,0.6346984976332604,0.018387329013678847,0.0,0.0,0.014399022261067386,0.0,0.0,0.5102040816326531,0.0,0.0,0.5408005762502572,0.0,0.0,0.0,0.0
5030,34,1.0014705882352946,0.4117647058823528,1.1263819923766343,0.6356237766560239,0.020598911070779522,0.0,0.0,0.014439555157017035,0.0,0.0,0.5588235294117647,0.0,0.0,0.5407953023591223,0.0,0.0,0.0,0.0
5031,53,0.9949056603773588,0.6226415094339409,1.1257590113285265,0.634706488156542,0.01265418766498664,0.0,0.0,0.014444021606993764,0.0,0.0,0.4716981132075472,0.0,0.0,0.5409886714727086,0.0,0.0,0.0,0.0
5032,51,1.20764705882353,0.7450980392156906,1.125263754378734,0.6355862353183621,0.020101174934725876,0.0,0.0,0.014472605988969808,0.0,0.0,0.5294117647058824,0.0,0.0,0.5399237584998969,0.0,0.0,0.0,0.0
5033,54,1.1927777777777782,0.7407407407407273,1.126039971154836,0.6355207582157226,0.015569253081943773,0.0,0.0,0.014491897216694296,0.0,0.0,0.5648148148148148,0.0,0.0,0.5403317193777686,0.0,0.0,0.0,0.0
5034,48,1.0150000000000003,0.45833333333337856,1.1249165808444894,0.634088568486099,0.014701267350632876,0.0,0.0,0.014467451036488723,0.0,0.0,0.5833333333333334,0.0,0.0,0.5407312049433574,0.0,0.0,0.0,0.0
5035,41,1.075121951219513,0.8780487804877882,1.1242419870143245,0.6353705039678471,0.01597680318956103,0.0,0.0,0.014442134919226954,0.0,0.0,0.3048780487804878,0.0,0.0,0.5393435020096877,0.0,0.0,0.0,0.0
5036,39,1.134358974358975,0.8717948717948488,1.1233742394555006,0.6359698875941032,0.01752773375594259,0.0,0.0,0.014437891154118393,0.0,0.0,0.358974358974359,0.0,0.0,0.5380787872537899,0.0,0.0,0.0,0.0
5037,58,1.3550000000000006,0.8620689655172149,1.1245756077461877,0.6362793572311514,0.01574634341815188,0.0,0.0,0.014451530747318166,0.0,0.0,0.5775862068965517,0.0,0.0,0.5390657189946436,0.0,0.0,0.0,0.0
5038,62,1.2304838709677428,0.548387096774173,1.1232359596790775,0.6337173421106782,0.026843771991555104,0.0,0.0,0.014482372647133342,0.0,0.0,0.6774193548387096,0.0,0.0,0.5394209010491668,0.0,0.0,0.0,0.0
5039,58,1.1191379310344831,0.7931034482758804,1.1229183359013861,0.6341037493579881,0.01443727758007153,0.0,0.0,0.014485784025315269,0.0,0.0,0.46551724137931033,0.0,0.0,0.5392141756548536,0.0,0.0,0.0,0.0
5040,38,1.2363157894736847,0.7368421052631215,1.1221215549156718,0.6337926779103261,0.01658312742675545,0.0,0.0,0.014492699532605409,0.0,0.0,0.5592105263157895,0.0,0.0,0.5388728918140683,0.0,0.0,0.0,0.0
5041,53,0.9400000000000005,0.5471698113207564,1.1226373174243975,0.6327916066652967,0.016734968088680812,0.0,0.0,0.014549327674073588,0.0,0.0,0.4669811320754717,0.0,0.0,0.5400380580127546,0.0,0.0,0.0,0.0
5042,54,1.1837037037037044,0.81481481481483,1.1230252878289468,0.6338404605263172,0.017474029524330865,0.0,0.0,0.014548986079315833,0.0,0.0,0.48148148148148145,0.0,0.0,0.5394479851973685,0.0,0.0,0.0,0.0
5043,48,1.0983333333333336,0.7499999999999901,1.1219247764875135,0.6332339944507258,0.011443455611026635,0.0,0.0,0.014499183234391836,0.0,0.0,0.4479166666666667,0.0,0.0,0.538819237488439,0.0,0.0,0.0,0.0
5044,54,1.2238888888888895,0.7407407407407434,1.121399527672245,0.6337406304548735,0.024023991275899215,0.0,0.0,0.014527423208100352,0.0,0.0,0.6111111111111112,0.0,0.0,0.5382226101242428,0.0,0.0,0.0,0.0
5045,48,1.2237500000000006,0.8541666666666599,1.1233549116317296,0.6349157418824508,0.01832761310452408,0.0,0.0,0.014591965168783803,0.0,0.0,0.5,0.0,0.0,0.5393290176736539,0.0,0.0,0.0,0.0
5046,48,1.2656250000000007,0.6666666666666484,1.1235518339669157,0.6352614815575889,0.02235921972764054,0.0,0.0,0.01465497809565547,0.0,0.0,0.5625,0.0,0.0,0.5392222336381383,0.0,0.0,0.0,0.0
5047,47,0.8187234042553194,0.4255319148936249,1.122773497688751,0.6353364149974332,0.010394381415451017,0.0,0.0,0.01464202707318873,0.0,0.0,0.4521276595744681,0.0,0.0,0.5389060092449923,0.0,0.0,0.0,0.0
5048,48,1.2929166666666672,0.7916666666666816,1.1242117695388716,0.6362329259525535,0.01606107660455509,0.0,0.0,0.014668275563571784,0.0,0.0,0.5416666666666666,0.0,0.0,0.5389236931293006,0.0,0.0,0.0,0.0
5049,34,1.6144117647058829,0.941176470588236,1.126182491513218,0.6368686349141051,0.022804320731200492,0.0,0.0,0.014711913058552736,0.0,0.0,0.75,0.0,0.0,0.5401707643246579,0.0,0.0,0.0,0.0
5050,44,0.9734090909090912,0.9090909090908753,1.1241703528443565,0.6373829852895808,0.013154176904176583,0.0,0.0,0.014718599908952088,0.0,0.0,0.2215909090909091,0.0,0.0,0.5383962555292665,0.0,0.0,0.0,0.0
5051,61,1.149180327868853,0.7540983606557535,1.1253377823408612,0.6381930184804945,0.01669047619047556,0.0,0.0,0.014767953694484401,0.0,0.0,0.5,0.0,0.0,0.5387833675564682,0.0,0.0,0.0,0.0
5052,52,1.2901923076923083,0.750000000000014,1.125104155977423,0.6380708055413052,0.021817886178862177,0.0,0.0,0.014799306207017596,0.0,0.0,0.6153846153846154,0.0,0.0,0.5388660851718831,0.0,0.0,0.0,0.0
5053,42,1.1997619047619053,0.7619047619047513,1.1254662148285057,0.638529472170879,0.016685430463576355,0.0,0.0,0.01480548515910801,0.0,0.0,0.5,0.0,0.0,0.5383805709591292,0.0,0.0,0.0,0.0
5054,57,1.19280701754386,0.7017543859649152,1.125187313969002,0.6379965103150997,0.017451232032854216,0.0,0.0,0.014825037323928451,0.0,0.0,0.5833333333333334,0.0,0.0,0.5386431283998768,0.0,0.0,0.0,0.0
5055,51,0.9360784313725496,0.5882352941176046,1.1245258620689642,0.6385467980295583,0.012079959514170421,0.0,0.0,0.014824859766046765,0.0,0.0,0.4803921568627451,0.0,0.0,0.538126026272578,0.0,0.0,0.0,0.0
5056,48,0.9472916666666671,0.4166666666666554,1.1240457388985732,0.6372679725156409,0.013704038577456407,0.0,0.0,0.014860641279250306,0.0,0.0,0.5364583333333334,0.0,0.0,0.5382012101322942,0.0,0.0,0.0,0.0
5057,52,1.2513461538461543,0.615384615384605,1.1240532786885233,0.635450819672133,0.021160975609755873,0.0,0.0,0.01490693661254164,0.0,0.0,0.7211538461538461,0.0,0.0,0.539702868852459,0.0,0.0,0.0,0.0
5058,51,1.315098039215687,0.7058823529411743,1.1240516181892655,0.6345759934453111,0.015298813868612936,0.0,0.0,0.014893717499158672,0.0,0.0,0.6176470588235294,0.0,0.0,0.5401986890618599,0.0,0.0,0.0,0.0
5059,53,1.3098113207547175,0.698113207547179,1.1254733394739524,0.6350424726230702,0.0184382470119524,0.0,0.0,0.014890390370059474,0.0,0.0,0.6320754716981132,0.0,0.0,0.5408095384300481,0.0,0.0,0.0,0.0
5060,56,0.8596428571428574,0.5000000000000163,1.1235407286123607,0.634363487515352,0.008405797101449381,0.0,0.0,0.014855882551924798,0.0,0.0,0.4330357142857143,0.0,0.0,0.539756446991404,0.0,0.0,0.0,0.0
5061,49,1.1155102040816331,0.6122448979592,1.1236391531144512,0.6340390712897638,0.015418899858955908,0.0,0.0,0.014862071064753778,0.0,0.0,0.5663265306122449,0.0,0.0,0.5404265111997545,0.0,0.0,0.0,0.0
5062,52,1.2007692307692315,0.8461538461538495,1.1230595335515536,0.633592471358431,0.01774872086412729,0.0,0.0,0.014890878734407647,0.0,0.0,0.47115384615384615,0.0,0.0,0.5399703355155483,0.0,0.0,0.0,0.0
5063,35,1.0508571428571432,0.5142857142857326,1.1238187403993845,0.6325652841781899,0.012363025210084063,0.0,0.0,0.014927058778722552,0.0,0.0,0.6071428571428571,0.0,0.0,0.5415258576548899,0.0,0.0,0.0,0.0
5064,53,1.084716981132076,0.6792452830188446,1.124456610724518,0.6328284895620163,0.011735047968972746,0.0,0.0,0.014906415969721051,0.0,0.0,0.49528301886792453,0.0,0.0,0.5417775276299631,0.0,0.0,0.0,0.0
5065,60,1.142666666666667,0.7666666666666614,1.1248057656920862,0.632999386628504,0.013225308641975755,0.0,0.0,0.014912082163264015,0.0,0.0,0.475,0.0,0.0,0.541683704763852,0.0,0.0,0.0,0.0
5066,40,1.1640000000000004,0.5999999999999859,1.1242422690968654,0.6316813434364139,0.01799768071124854,0.0,0.0,0.014948385533245144,0.0,0.0,0.6,0.0,0.0,0.5419567888593078,0.0,0.0,0.0,0.0
5067,41,1.0868292682926832,0.6829268292682951,1.1233801229508187,0.6316598360655756,0.01600000000000029,0.0,0.0,0.014956844984346372,0.0,0.0,0.5,0.0,0.0,0.541265368852459,0.0,0.0,0.0,0.0
5068,48,1.199166666666667,0.7291666666666655,1.124113068414583,0.6312986480950447,0.01701448418563342,0.0,0.0,0.01496338851526834,0.0,0.0,0.5625,0.0,0.0,0.5420678000819337,0.0,0.0,0.0,0.0
5069,56,1.0237500000000006,0.28571428571429675,1.1237016178578734,0.6285070653286932,0.013915048543689012,0.0,0.0,0.014963566252969135,0.0,0.0,0.6116071428571429,0.0,0.0,0.5434159328281793,0.0,0.0,0.0,0.0
5070,49,1.208571428571429,0.7346938775510186,1.1234168797953952,0.6276214833759608,0.013072847682119674,0.0,0.0,0.014960118248881228,0.0,0.0,0.5918367346938775,0.0,0.0,0.5437851662404092,0.0,0.0,0.0,0.0
5071,52,1.1294230769230775,0.6923076923076757,1.1229234386180096,0.6281304303383436,0.01371235115573191,0.0,0.0,0.014933357258111684,0.0,0.0,0.5192307692307693,0.0,0.0,0.5431871614024328,0.0,0.0,0.0,0.0
5072,41,1.1807317073170738,0.7804878048780491,1.122882136279925,0.6272764477184379,0.020272194304857674,0.0,0.0,0.014934519743413218,0.0,0.0,0.43902439024390244,0.0,0.0,0.543585021485574,0.0,0.0,0.0,0.0
5073,51,1.1552941176470595,0.7058823529411844,1.123363989372572,0.6278356836296762,0.018247135336018377,0.0,0.0,0.01495074779306868,0.0,0.0,0.5980392156862745,0.0,0.0,0.5440425097077458,0.0,0.0,0.0,0.0
5074,52,1.2446153846153851,0.7500000000000349,1.1252762741293012,0.6290470840567882,0.014100217864923246,0.0,0.0,0.014975336917148646,0.0,0.0,0.625,0.0,0.0,0.5452456337452762,0.0,0.0,0.0,0.0
5075,48,1.137083333333334,0.7083333333333277,1.1265666462543364,0.6302306593182297,0.015275678701372144,0.0,0.0,0.015012349238644987,0.0,0.0,0.4895833333333333,0.0,0.0,0.545417432129006,0.0,0.0,0.0,0.0
5076,52,1.1167307692307697,0.6923076923077254,1.1253288467421216,0.6304680330376278,0.015741393331527014,0.0,0.0,0.015003507493528844,0.0,0.0,0.49038461538461536,0.0,0.0,0.5442541042112776,0.0,0.0,0.0,0.0
5077,64,1.1807812500000003,0.562499999999993,1.124282074798735,0.6286558646693179,0.01677841918294883,0.0,0.0,0.015003148156458649,0.0,0.0,0.6015625,0.0,0.0,0.544583715479466,0.0,0.0,0.0,0.0
5078,52,1.130961538461539,0.7692307692307424,1.1243352365415973,0.6291802610114209,0.013500918273645744,0.0,0.0,0.015003598693313816,0.0,0.0,0.4855769230769231,0.0,0.0,0.5444789967373572,0.0,0.0,0.0,0.0
5079,50,1.0378000000000003,0.7400000000000186,1.1246135807504065,0.6305057096247978,0.013702138896224476,0.0,0.0,0.014992014831346481,0.0,0.0,0.46,0.0,0.0,0.5440966557911908,0.0,0.0,0.0,0.0
5080,54,0.9646296296296304,0.6851851851851739,1.1241831531715265,0.6313481541913131,0.017061906321650853,0.0,0.0,0.015021359339720505,0.0,0.0,0.39814814814814814,0.0,0.0,0.5430348766061595,0.0,0.0,0.0,0.0
5081,55,1.1898181818181826,0.7090909090908966,1.123924205378972,0.6322330888345575,0.02142062193126066,0.0,0.0,0.015015801895138608,0.0,0.0,0.4909090909090909,0.0,0.0,0.5420741646291769,0.0,0.0,0.0,0.0
5082,50,1.3286000000000007,0.9199999999999924,1.1243954813759405,0.6334215347038487,0.02215810540360167,0.0,0.0,0.01504065682589516,0.0,0.0,0.54,0.0,0.0,0.5420313454101364,0.0,0.0,0.0,0.0
5083,52,1.3221153846153852,0.9423076923076807,1.1259875978448706,0.6344413947341683,0.021790808240886857,0.0,0.0,0.015086907782812988,0.0,0.0,0.5192307692307693,0.0,0.0,0.5427976008945817,0.0,0.0,0.0,0.0
5084,46,1.0445652173913047,0.6956521739130312,1.1254982713036397,0.634634940004069,0.011053600184034746,0.0,0.0,0.015066209840546485,0.0,0.0,0.44565217391304346,0.0,0.0,0.5422513727882855,0.0,0.0,0.0,0.0
5085,47,1.335106382978724,1.0638297872339955,1.127816571661237,0.6369096091205224,0.021438332763921455,0.0,0.0,0.015119306892862634,0.0,0.0,0.44680851063829785,0.0,0.0,0.5422434853420195,0.0,0.0,0.0,0.0
5086,45,1.0680000000000003,0.6666666666667086,1.1272915392456666,0.6376146788990841,0.017413043478260413,0.0,0.0,0.015112096531744543,0.0,0.0,0.5111111111111111,0.0,0.0,0.5414118246687054,0.0,0.0,0.0,0.0
5087,57,1.2470175438596498,0.5614035087719317,1.1276427480916018,0.6373536895674313,0.01976640711902158,0.0,0.0,0.015136837042937255,0.0,0.0,0.6578947368421053,0.0,0.0,0.5416030534351145,0.0,0.0,0.0,0.0
5088,58,1.0577586206896559,0.6896551724137967,1.1279060307129043,0.6378521305806989,0.017996479906130677,0.0,0.0,0.015151395097214209,0.0,0.0,0.4525862068965517,0.0,0.0,0.5420522729584054,0.0,0.0,0.0,0.0
5089,47,1.1538297872340428,0.5957446808510669,1.1274738233201167,0.6379993900579458,0.016260869565216527,0.0,0.0,0.015146618594996202,0.0,0.0,0.5957446808510638,0.0,0.0,0.5416539595405103,0.0,0.0,0.0,0.0
5090,54,1.2020370370370375,0.6481481481481387,1.1275193089430882,0.6377032520325212,0.016618023553506705,0.0,0.0,0.015157189657669198,0.0,0.0,0.5740740740740741,0.0,0.0,0.5419969512195122,0.0,0.0,0.0,0.0
5091,42,1.299285714285715,0.5238095238095205,1.129642857142856,0.6382783882783889,0.021475796930343023,0.0,0.0,0.015236198103937617,0.0,0.0,0.7142857142857143,0.0,0.0,0.543472730972731,0.0,0.0,0.0,0.0
5092,60,1.390166666666667,0.7666666666666527,1.1307153017679321,0.6377768746189806,0.02225453575240153,0.0,0.0,0.015309323024858674,0.0,0.0,0.6583333333333333,0.0,0.0,0.5443761430603535,0.0,0.0,0.0,0.0
5093,51,1.2496078431372555,0.7450980392156396,1.1325784502894267,0.6390778917436785,0.016353605337439105,0.0,0.0,0.015351082456063096,0.0,0.0,0.5882352941176471,0.0,0.0,0.5455214786229309,0.0,0.0,0.0,0.0
5094,57,1.1798245614035092,0.5438596491228078,1.1325984571660563,0.6390580592773043,0.015574339972208457,0.0,0.0,0.01538574816612433,0.0,0.0,0.6228070175438597,0.0,0.0,0.5453461226146975,0.0,0.0,0.0,0.0
5095,55,0.9741818181818188,0.5090909090908834,1.1323107367566458,0.6381165009133346,0.014208432776451618,0.0,0.0,0.015419682230824199,0.0,0.0,0.5272727272727272,0.0,0.0,0.5459204384006495,0.0,0.0,0.0,0.0
5096,44,1.4940909090909096,0.9090909090908785,1.1338042596348872,0.6393509127789044,0.020134762633996557,0.0,0.0,0.015439799021625341,0.0,0.0,0.6363636363636364,0.0,0.0,0.5465010141987829,0.0,0.0,0.0,0.0
5097,49,1.4912244897959188,0.9387755102040966,1.1343637284701102,0.6398176291793312,0.02106370712020798,0.0,0.0,0.015461119933715394,0.0,0.0,0.6530612244897959,0.0,0.0,0.5466058763931104,0.0,0.0,0.0,0.0
5098,51,1.1680392156862751,0.6666666666666622,1.1346140599675838,0.6403970826580225,0.013419689119170908,0.0,0.0,0.01544789036198914,0.0,0.0,0.5490196078431373,0.0,0.0,0.5463685170178282,0.0,0.0,0.0,0.0
5099,45,1.1457777777777782,0.5333333333333428,1.1344142683421146,0.6397446291041751,0.013856490190808183,0.0,0.0,0.015454578086042229,0.0,0.0,0.6555555555555556,0.0,0.0,0.547096676124848,0.0,0.0,0.0,0.0
5100,56,1.1696428571428577,0.6428571428571193,1.134881857823749,0.639488895649528,0.021047557840617143,0.0,0.0,0.015511806003146422,0.0,0.0,0.6026785714285714,0.0,0.0,0.5480427948483927,0.0,0.0,0.0,0.0
5101,37,1.233513513513514,0.7567567567567617,1.1359173100365692,0.6395774075579029,0.01492966961073011,0.0,0.0,0.015527214355838278,0.0,0.0,0.5743243243243243,0.0,0.0,0.548760666395774,0.0,0.0,0.0,0.0
5102,56,1.2694642857142864,0.7321428571428283,1.13618390337968,0.6398051354917279,0.02007058159232126,0.0,0.0,0.015534250833270893,0.0,0.0,0.5357142857142857,0.0,0.0,0.5483101593423323,0.0,0.0,0.0,0.0
5103,53,1.4007547169811325,0.8867924528301683,1.137334282228547,0.6412159414396085,0.019930201342282294,0.0,0.0,0.015580073563308042,0.0,0.0,0.6037735849056604,0.0,0.0,0.548241154941033,0.0,0.0,0.0,0.0
5104,50,1.1280000000000006,0.5599999999999921,1.1370256514657968,0.6403705211726374,0.012783318223027937,0.0,0.0,0.015552619267741185,0.0,0.0,0.61,0.0,0.0,0.5484527687296417,0.0,0.0,0.0,0.0
5105,54,1.0229629629629633,0.33333333333332976,1.1370628304188684,0.6381659211061397,0.013931904161412333,0.0,0.0,0.015547188643364731,0.0,0.0,0.6388888888888888,0.0,0.0,0.5496136640910939,0.0,0.0,0.0,0.0
5106,53,0.9715094339622646,0.5660377358490397,1.1367083842083832,0.6388888888888877,0.009924826522744725,0.0,0.0,0.01553503513316952,0.0,0.0,0.4009433962264151,0.0,0.0,0.5487128612128612,0.0,0.0,0.0,0.0
5107,49,0.9997959183673474,0.6122448979591898,1.137384176764076,0.6404643111699408,0.013874256584536651,0.0,0.0,0.015530802300231359,0.0,0.0,0.5153061224489796,0.0,0.0,0.548543936462682,0.0,0.0,0.0,0.0
5108,47,1.005106382978724,0.46808510638298334,1.1377547073791339,0.6406106870228996,0.018058103975535113,0.0,0.0,0.015560665833307811,0.0,0.0,0.5531914893617021,0.0,0.0,0.548676844783715,0.0,0.0,0.0,0.0
5109,43,1.1193023255813956,0.6511627906976745,1.1383248524323213,0.6409525748015457,0.012602775595706009,0.0,0.0,0.015562227734963597,0.0,0.0,0.5058139534883721,0.0,0.0,0.5489008752289843,0.0,0.0,0.0,0.0
5110,47,1.0123404255319157,0.6382978723404342,1.1376126538500648,0.6412369036720565,0.015114358322744294,0.0,0.0,0.015567487736841813,0.0,0.0,0.4148936170212766,0.0,0.0,0.5483165496897568,0.0,0.0,0.0,0.0
5111,48,1.2689583333333339,0.7500000000000101,1.1381211874745822,0.6415209434729553,0.015722767165720564,0.0,0.0,0.015565013424395835,0.0,0.0,0.5520833333333334,0.0,0.0,0.5482919886132575,0.0,0.0,0.0,0.0
5112,49,1.2293877551020413,0.7755102040816644,1.1403429327363375,0.6427190393812953,0.017007340485601853,0.0,0.0,0.015626908713635087,0.0,0.0,0.5204081632653061,0.0,0.0,0.5490739798514297,0.0,0.0,0.0,0.0
5113,47,1.0723404255319153,0.8085106382978475,1.1399134595805323,0.6434534717980033,0.01681120747164794,0.0,0.0,0.015646961161507256,0.0,0.0,0.4148936170212766,0.0,0.0,0.5487680716758297,0.0,0.0,0.0,0.0
5114,45,1.1608888888888893,0.6222222222222443,1.139554626987361,0.6428862617203411,0.014012875536480786,0.0,0.0,0.015649183062793736,0.0,0.0,0.6222222222222222,0.0,0.0,0.5489451691805952,0.0,0.0,0.0,0.0
5115,53,0.9477358490566041,0.5660377358490315,1.138712175241975,0.6424859908303602,0.0144546762589929,0.0,0.0,0.015638127139904822,0.0,0.0,0.4716981132075472,0.0,0.0,0.5484207845134997,0.0,0.0,0.0,0.0
5116,56,1.3466071428571433,0.7500000000000495,1.1392334282228533,0.6434526230174856,0.01854192279321364,0.0,0.0,0.015645485351424782,0.0,0.0,0.7410714285714286,0.0,0.0,0.54877490849939,0.0,0.0,0.0,0.0
5117,47,1.0865957446808516,0.42553191489361314,1.137723296032552,0.6420142421159702,0.016608130081300174,0.0,0.0,0.01562472669560491,0.0,0.0,0.6808510638297872,0.0,0.0,0.5488046795523907,0.0,0.0,0.0,0.0
5118,61,1.058852459016394,0.5081967213114779,1.1374011988214965,0.6404551457888841,0.014934104046242907,0.0,0.0,0.015627598972066847,0.0,0.0,0.5245901639344263,0.0,0.0,0.5492735954485422,0.0,0.0,0.0,0.0
5119,48,0.837916666666667,0.374999999999998,1.1356469632337993,0.6390412350192957,0.009857843137254902,0.0,0.0,0.015568569300279157,0.0,0.0,0.5416666666666666,0.0,0.0,0.5494109282957547,0.0,0.0,0.0,0.0
5120,41,1.0136585365853663,0.43902439024390183,1.1359627897519307,0.6387759251728329,0.015375508694044011,0.0,0.0,0.015587575508154183,0.0,0.0,0.5487804878048781,0.0,0.0,0.5496899145994306,0.0,0.0,0.0,0.0
5121,53,1.054905660377359,0.5094339622641504,1.1354995426364458,0.6374631568248791,0.015543508479287604,0.0,0.0,0.015602274107932149,0.0,0.0,0.5188679245283019,0.0,0.0,0.5499288545583901,0.0,0.0,0.0,0.0
5122,52,0.7736538461538465,0.7115384615384627,1.1332051542207782,0.6380884740259727,0.013481903485254682,0.0,0.0,0.015586876671188299,0.0,0.0,0.22115384615384615,0.0,0.0,0.5475091314935064,0.0,0.0,0.0,0.0
5123,42,1.3150000000000004,0.666666666666674,1.1346946022727262,0.6385957792207779,0.02063130369817005,0.0,0.0,0.015621315908570285,0.0,0.0,0.6309523809523809,0.0,0.0,0.5481686282467533,0.0,0.0,0.0,0.0
5124,44,1.086136363636364,0.4999999999999998,1.1339732006902843,0.6388183940716666,0.014517010935600662,0.0,0.0,0.015605012258240264,0.0,0.0,0.6420454545454546,0.0,0.0,0.5480154299055934,0.0,0.0,0.0,0.0
5125,50,1.3510000000000002,0.7999999999999993,1.1339549284336607,0.6394274692924565,0.017527244421380105,0.0,0.0,0.01561649753182899,0.0,0.0,0.66,0.0,0.0,0.5480154299055934,0.0,0.0,0.0,0.0
5126,66,1.2109090909090914,0.5757575757575686,1.1358372140109327,0.6401093338732525,0.014286735788344255,0.0,0.0,0.015636719909578566,0.0,0.0,0.6439393939393939,0.0,0.0,0.548744685158939,0.0,0.0,0.0,0.0
5127,51,1.285490196078432,0.7254901960784411,1.1364894694208176,0.6404414742810842,0.016060754532091763,0.0,0.0,0.015642422519350996,0.0,0.0,0.5980392156862745,0.0,0.0,0.5490583232077765,0.0,0.0,0.0,0.0
5128,53,1.006037735849057,0.6037735849056547,1.137374759639712,0.6419390749924084,0.015640950425344653,0.0,0.0,0.015671597043168565,0.0,0.0,0.4386792452830189,0.0,0.0,0.5486033802246736,0.0,0.0,0.0,0.0
5129,53,1.0701886792452833,0.4150943396226384,1.136993530125353,0.6408208653457327,0.010201438848920183,0.0,0.0,0.01562152679877273,0.0,0.0,0.6320754716981132,0.0,0.0,0.5489284270117266,0.0,0.0,0.0,0.0
5130,45,1.0755555555555563,0.4888888888888808,1.1363916691942162,0.6394702254574854,0.01456953642384088,0.0,0.0,0.015607430436853361,0.0,0.0,0.6111111111111112,0.0,0.0,0.5493125063188757,0.0,0.0,0.0,0.0
5131,42,0.96952380952381,0.42857142857144026,1.1350738866396752,0.638562753036436,0.014866739686016976,0.0,0.0,0.015579306368820626,0.0,0.0,0.5714285714285714,0.0,0.0,0.5490637651821862,0.0,0.0,0.0,0.0
5132,33,1.1730303030303035,0.6666666666666745,1.1346362715298877,0.6383991894630181,0.01891984359726285,0.0,0.0,0.015598731916861425,0.0,0.0,0.5454545454545454,0.0,0.0,0.5485562310030395,0.0,0.0,0.0,0.0
5133,49,0.9773469387755106,0.3673469387755231,1.1336220871327245,0.6363728470111437,0.012699549191196194,0.0,0.0,0.015589435991751643,0.0,0.0,0.6122448979591837,0.0,0.0,0.5491134751773049,0.0,0.0,0.0,0.0
5134,46,1.0776086956521744,0.521739130434785,1.1331679659815723,0.6357193479801546,0.014098407281001217,0.0,0.0,0.01559046321601795,0.0,0.0,0.5978260869565217,0.0,0.0,0.549103978940974,0.0,0.0,0.0,0.0
5135,54,1.1822222222222227,0.7777777777778119,1.1338400809716591,0.636740890688258,0.01525448028673892,0.0,0.0,0.015601971008679555,0.0,0.0,0.4398148148148148,0.0,0.0,0.5486336032388665,0.0,0.0,0.0,0.0
5136,49,1.0081632653061228,0.448979591836751,1.1334098957806324,0.636142871597692,0.015153374233129095,0.0,0.0,0.015579609560157097,0.0,0.0,0.5816326530612245,0.0,0.0,0.548770616209653,0.0,0.0,0.0,0.0
5137,49,1.1308163265306128,0.48979591836734787,1.1327651400262855,0.6348195329087039,0.018969530982539895,0.0,0.0,0.015587405067077339,0.0,0.0,0.6428571428571429,0.0,0.0,0.5488828227681731,0.0,0.0,0.0,0.0
5138,46,1.4328260869565224,0.9999999999999324,1.1350328515111685,0.6367128272515911,0.016934737923945606,0.0,0.0,0.015641701061875134,0.0,0.0,0.5652173913043478,0.0,0.0,0.5494794298999293,0.0,0.0,0.0,0.0
5139,47,1.2280851063829792,0.787234042553177,1.1343380196217245,0.636998078284615,0.015294117647058618,0.0,0.0,0.015622732027910051,0.0,0.0,0.5851063829787234,0.0,0.0,0.5490543137453221,0.0,0.0,0.0,0.0
5140,42,1.402380952380953,0.9047619047618977,1.1351985413290104,0.6387763371150718,0.0156732304417244,0.0,0.0,0.015610994175833795,0.0,0.0,0.6190476190476191,0.0,0.0,0.5486730145867099,0.0,0.0,0.0,0.0
5141,43,1.136744186046512,0.39534883720930053,1.1350263264479536,0.6387201296071272,0.015147195537651193,0.0,0.0,0.015621543881555452,0.0,0.0,0.6744186046511628,0.0,0.0,0.5485520453624949,0.0,0.0,0.0,0.0
5142,67,1.331940298507463,0.7462686567164164,1.136774944343249,0.6386359036632248,0.013852840732691564,0.0,0.0,0.015654417502787045,0.0,0.0,0.6417910447761194,0.0,0.0,0.5502681643392026,0.0,0.0,0.0,0.0
5143,58,1.240172413793104,0.7931034482758117,1.139177458518817,0.6409348441926331,0.017492704280155102,0.0,0.0,0.01566361081742805,0.0,0.0,0.4827586206896552,0.0,0.0,0.550814447592068,0.0,0.0,0.0,0.0
5144,44,1.206363636363637,0.6363636363636362,1.138906866214985,0.6414197593285453,0.018631098631098582,0.0,0.0,0.015661559084834777,0.0,0.0,0.6136363636363636,0.0,0.0,0.5508393164121751,0.0,0.0,0.0,0.0
5145,60,1.1750000000000005,0.6499999999999909,1.1393320533548896,0.6418755052546465,0.013620556414219553,0.0,0.0,0.015648575576473044,0.0,0.0,0.5458333333333333,0.0,0.0,0.5505002021018593,0.0,0.0,0.0,0.0
5146,44,1.3386363636363643,0.8636363636363822,1.1406700353713985,0.642748863062151,0.0162214266042415,0.0,0.0,0.01567914439988384,0.0,0.0,0.5681818181818182,0.0,0.0,0.5509348155634158,0.0,0.0,0.0,0.0
5147,55,1.142363636363637,0.8545454545454272,1.1418549934363311,0.6447541149146706,0.016044433094994738,0.0,0.0,0.01571366633547102,0.0,0.0,0.42272727272727273,0.0,0.0,0.550641219832374,0.0,0.0,0.0,0.0
5148,54,1.2033333333333336,0.7407407407407613,1.141780960064541,0.644917305365065,0.012211990227400937,0.0,0.0,0.01569706422654324,0.0,0.0,0.5416666666666666,0.0,0.0,0.5503479225494151,0.0,0.0,0.0,0.0
5149,45,1.2771111111111113,0.7111111111110938,1.1438719450616026,0.6464350636235086,0.01575815738963541,0.0,0.0,0.015717096645278716,0.0,0.0,0.6166666666666667,0.0,0.0,0.5515552413653807,0.0,0.0,0.0,0.0
5150,50,1.3214000000000004,0.5200000000000046,1.1431405208964251,0.6448616999798084,0.014530459643720477,0.0,0.0,0.015678929441736784,0.0,0.0,0.71,0.0,0.0,0.5515848980415909,0.0,0.0,0.0,0.0
5151,51,1.2658823529411771,0.8627450980392372,1.1441140837960613,0.6469459868753138,0.01610778443113776,0.0,0.0,0.015708816243812405,0.0,0.0,0.5098039215686274,0.0,0.0,0.5509338717819283,0.0,0.0,0.0,0.0
5152,39,1.2064102564102568,0.5641025641025491,1.1434293511218907,0.6459470386092563,0.018479968578162184,0.0,0.0,0.015711293904266413,0.0,0.0,0.6666666666666666,0.0,0.0,0.551142106327067,0.0,0.0,0.0,0.0
5153,35,1.1294285714285717,0.514285714285704,1.1440291262135909,0.646136731391584,0.011775394697646144,0.0,0.0,0.01574562380294861,0.0,0.0,0.6428571428571429,0.0,0.0,0.5516535194174758,0.0,0.0,0.0,0.0
5154,39,1.2582051282051288,0.5641025641025653,1.1457961332118622,0.6461180281404983,0.016378504672897153,0.0,0.0,0.015751884564591444,0.0,0.0,0.6538461538461539,0.0,0.0,0.5528140500050612,0.0,0.0,0.0,0.0
5155,45,1.1364444444444448,0.6222222222222271,1.1473072637017512,0.646439063924626,0.014007121336620297,0.0,0.0,0.015760938998236704,0.0,0.0,0.5944444444444444,0.0,0.0,0.5536926349913889,0.0,0.0,0.0,0.0
5156,41,1.3841463414634154,0.780487804878028,1.1488568820367164,0.6478344659701777,0.023904802021904037,0.0,0.0,0.015784172321001762,0.0,0.0,0.6341463414634146,0.0,0.0,0.5536565574601887,0.0,0.0,0.0,0.0
5157,46,1.2660869565217396,0.695652173913036,1.1508331644029988,0.6486924792215673,0.015938697318008604,0.0,0.0,0.015819640724903595,0.0,0.0,0.5217391304347826,0.0,0.0,0.5543279951348064,0.0,0.0,0.0,0.0
5158,57,1.081929824561404,0.45614035087720034,1.1497558752025918,0.6485008103727697,0.015261073991585992,0.0,0.0,0.015821409604311058,0.0,0.0,0.618421052631579,0.0,0.0,0.5533073338735819,0.0,0.0,0.0,0.0
5159,43,0.8230232558139539,0.6976744186046474,1.1493338065301144,0.6495639829649141,0.009192207792207778,0.0,0.0,0.015835449899550387,0.0,0.0,0.3023255813953488,0.0,0.0,0.5524487933482052,0.0,0.0,0.0,0.0
5160,49,1.0932653061224493,0.5714285714285602,1.1494623655913965,0.6490160275918017,0.016106434155141007,0.0,0.0,0.015858802717356284,0.0,0.0,0.6020408163265306,0.0,0.0,0.5532815987015622,0.0,0.0,0.0,0.0
5161,43,1.0016279069767449,0.6511627906976614,1.1491859991859978,0.6501831501831481,0.011277821419219045,0.0,0.0,0.01582348177683875,0.0,0.0,0.47674418604651164,0.0,0.0,0.5525793650793651,0.0,0.0,0.0,0.0
5162,61,1.0395081967213118,0.45901639344260964,1.1480014231981281,0.6499949171495353,0.015409477521263204,0.0,0.0,0.01583247111208312,0.0,0.0,0.5737704918032787,0.0,0.0,0.5515655179424621,0.0,0.0,0.0,0.0
5163,65,1.0703076923076926,0.6769230769231165,1.1470264786446167,0.6507050826823558,0.009925809673277648,0.0,0.0,0.015773610386421503,0.0,0.0,0.5,0.0,0.0,0.5507507355179061,0.0,0.0,0.0,0.0
5164,58,1.3117241379310352,0.5689655172413908,1.1477331711273304,0.649837793998376,0.019043804755944367,0.0,0.0,0.01576335282651069,0.0,0.0,0.6724137931034483,0.0,0.0,0.551779197080292,0.0,0.0,0.0,0.0
5165,51,0.9441176470588241,0.7058823529411844,1.14615672775134,0.649994937734128,0.012425806451613211,0.0,0.0,0.01574902756214417,0.0,0.0,0.3382352941176471,0.0,0.0,0.5503442340791739,0.0,0.0,0.0,0.0
5166,57,1.1931578947368429,0.7368421052631514,1.1472873470213398,0.6517649438656805,0.020577912254160537,0.0,0.0,0.015798832556383924,0.0,0.0,0.5833333333333334,0.0,0.0,0.5502680287245878,0.0,0.0,0.0,0.0
5167,41,1.1519512195121955,0.5121951219512244,1.1475480866572167,0.6525612472160339,0.013960981377475664,0.0,0.0,0.015793559677203584,0.0,0.0,0.5853658536585366,0.0,0.0,0.5495798744685159,0.0,0.0,0.0,0.0
5168,40,1.0392500000000005,0.2500000000000028,1.1474351175993498,0.6508515815085142,0.0130354343054248,0.0,0.0,0.015780814507144927,0.0,0.0,0.6375,0.0,0.0,0.5502585158150851,0.0,0.0,0.0,0.0
5169,38,1.2028947368421057,0.4210526315789495,1.1476508161816876,0.6499036804217766,0.014543429844097724,0.0,0.0,0.01576641929085598,0.0,0.0,0.7105263157894737,0.0,0.0,0.550973334685187,0.0,0.0,0.0,0.0
5170,50,1.3280000000000003,0.7999999999999691,1.1491516318670167,0.6510237178187696,0.016500994035784842,0.0,0.0,0.015780124125049203,0.0,0.0,0.59,0.0,0.0,0.5513379282383944,0.0,0.0,0.0,0.0
5171,45,1.323555555555556,0.9777777777778154,1.151556096571311,0.6541894907689169,0.015063227111785631,0.0,0.0,0.015787048046582167,0.0,0.0,0.5222222222222223,0.0,0.0,0.5516839115439237,0.0,0.0,0.0,0.0
5172,61,1.0559016393442626,0.5245901639344207,1.1512665789207235,0.6533360332084623,0.011892540620383816,0.0,0.0,0.015766423560078728,0.0,0.0,0.5409836065573771,0.0,0.0,0.5516857345347778,0.0,0.0,0.0,0.0
5173,59,1.042203389830509,0.7288135593220317,1.1524006069802717,0.6539200809307015,0.011995708154506618,0.0,0.0,0.015773478520947314,0.0,0.0,0.4110169491525424,0.0,0.0,0.5519221041982803,0.0,0.0,0.0,0.0
5174,52,1.147115384615385,0.8269230769230546,1.1520760440893907,0.6549701688745053,0.01393691588784991,0.0,0.0,0.015748986734936465,0.0,0.0,0.4951923076923077,0.0,0.0,0.5513702093234908,0.0,0.0,0.0,0.0
5175,42,1.176190476190477,0.7857142857143079,1.1527305825242702,0.6565533980582507,0.015603284902084673,0.0,0.0,0.015730008349261304,0.0,0.0,0.4880952380952381,0.0,0.0,0.5510720064724919,0.0,0.0,0.0,0.0
5176,38,1.2165789473684214,0.6842105263157828,1.1536575481256317,0.6573454913880429,0.016347241867044282,0.0,0.0,0.015741262994912603,0.0,0.0,0.618421052631579,0.0,0.0,0.5510385005065856,0.0,0.0,0.0,0.0
5177,40,1.1512500000000006,0.7000000000000328,1.1546493717065245,0.6580867450344532,0.011322842389967495,0.0,0.0,0.01571311154382923,0.0,0.0,0.6,0.0,0.0,0.5518088771787596,0.0,0.0,0.0,0.0
5178,42,1.2430952380952385,0.7142857142857254,1.156111280333027,0.6597624124276561,0.01104739737621696,0.0,0.0,0.01569416437982319,0.0,0.0,0.5119047619047619,0.0,0.0,0.5520103563813585,0.0,0.0,0.0,0.0
5179,54,0.9855555555555559,0.4814814814814859,1.155979297747106,0.6608483864420525,0.01180306054557575,0.0,0.0,0.015666351717299222,0.0,0.0,0.5277777777777778,0.0,0.0,0.5512228536634869,0.0,0.0,0.0,0.0
5180,49,0.9775510204081637,0.8367346938775317,1.155081701004768,0.6610169491525411,0.010515916575191558,0.0,0.0,0.01564055240008738,0.0,0.0,0.3469387755102041,0.0,0.0,0.5509235765756623,0.0,0.0,0.0,0.0
5181,40,1.2305000000000006,0.5999999999999999,1.156135417724087,0.6619632524616778,0.015191358024691353,0.0,0.0,0.01564665410987602,0.0,0.0,0.6375,0.0,0.0,0.551365343619937,0.0,0.0,0.0,0.0
5182,46,1.0447826086956526,0.543478260869569,1.1545693415846587,0.6604443542660025,0.015558433149886206,0.0,0.0,0.015631647913324373,0.0,0.0,0.5434782608695652,0.0,0.0,0.5512833519326367,0.0,0.0,0.0,0.0
5183,57,1.3271929824561406,0.6666666666666274,1.1557942219969568,0.6603142422706522,0.012712149218619148,0.0,0.0,0.015619675302169518,0.0,0.0,0.7236842105263158,0.0,0.0,0.552863659401926,0.0,0.0,0.0,0.0
5184,56,1.248571428571429,0.6785714285714649,1.156723649605501,0.6605300424843198,0.014398682042834196,0.0,0.0,0.015620319007544212,0.0,0.0,0.625,0.0,0.0,0.5534847258749747,0.0,0.0,0.0,0.0
5185,44,0.9104545454545458,0.5454545454545491,1.1559308807134876,0.6601803993108327,0.012150439793751158,0.0,0.0,0.015592882727695276,0.0,0.0,0.4659090909090909,0.0,0.0,0.5530556400121618,0.0,0.0,0.0,0.0
5186,46,0.8021739130434785,0.4782608695652161,1.1537791523017624,0.659095518150475,0.012843717368604082,0.0,0.0,0.015580444495564196,0.0,0.0,0.34782608695652173,0.0,0.0,0.5516629486919489,0.0,0.0,0.0,0.0
5187,55,1.2698181818181824,0.7272727272727119,1.1532488339079277,0.6599067126343524,0.019869132290185065,0.0,0.0,0.015588929490746679,0.0,0.0,0.5590909090909091,0.0,0.0,0.5505222064489962,0.0,0.0,0.0,0.0
5188,48,0.9804166666666672,0.6041666666666556,1.1522966118888194,0.6604787989450176,0.012248828735033891,0.0,0.0,0.015586767492566324,0.0,0.0,0.4270833333333333,0.0,0.0,0.5495283018867925,0.0,0.0,0.0,0.0
5189,50,1.2330000000000003,0.679999999999994,1.1531951343132267,0.6612265585402922,0.016775510204082127,0.0,0.0,0.01558877897647622,0.0,0.0,0.605,0.0,0.0,0.54977192093259,0.0,0.0,0.0,0.0
5190,54,1.2911111111111115,0.7037037037037099,1.1531000912686322,0.6612919582192455,0.011769074949359066,0.0,0.0,0.015541838659413333,0.0,0.0,0.6203703703703703,0.0,0.0,0.5495892911469425,0.0,0.0,0.0,0.0
5191,48,1.1662500000000005,0.8750000000000191,1.1522544642857127,0.6624391233766215,0.0121748586341893,0.0,0.0,0.015498353492193225,0.0,0.0,0.4114583333333333,0.0,0.0,0.548625202922078,0.0,0.0,0.0,0.0
5192,43,1.2532558139534888,0.5348837209302242,1.1547141841811335,0.6617930754391288,0.022259396943412082,0.0,0.0,0.015557796011502,0.0,0.0,0.686046511627907,0.0,0.0,0.5508934917250482,0.0,0.0,0.0,0.0
5193,52,1.1936538461538466,0.7307692307692358,1.1550720812182724,0.6615228426395922,0.014522695367337538,0.0,0.0,0.015589277444212709,0.0,0.0,0.5288461538461539,0.0,0.0,0.5512944162436548,0.0,0.0,0.0,0.0
5194,50,1.0978000000000003,0.3999999999999973,1.1550279386365927,0.6604693690947863,0.013549740804740012,0.0,0.0,0.01558875311255661,0.0,0.0,0.65,0.0,0.0,0.5517372752209693,0.0,0.0,0.0,0.0
5195,61,1.1909836065573776,0.7540983606557432,1.154369671132763,0.6610840438489627,0.014585424613531309,0.0,0.0,0.015562405068487516,0.0,0.0,0.5204918032786885,0.0,0.0,0.5509541209906618,0.0,0.0,0.0,0.0
5196,54,1.2820370370370373,0.5555555555555398,1.155353627600201,0.6610857432775221,0.014203939269593723,0.0,0.0,0.015561588904348096,0.0,0.0,0.7037037037037037,0.0,0.0,0.5514459665144597,0.0,0.0,0.0,0.0
5197,57,1.2292982456140356,0.6666666666666718,1.1549949320900044,0.6609568214068497,0.013156214795343565,0.0,0.0,0.015545163477423362,0.0,0.0,0.5350877192982456,0.0,0.0,0.5509831745388202,0.0,0.0,0.0,0.0
5198,51,0.9866666666666672,0.7450980392157646,1.1538019460774358,0.6607541050070936,0.010856526429343153,0.0,0.0,0.015495939319853082,0.0,0.0,0.36764705882352944,0.0,0.0,0.550248327589702,0.0,0.0,0.0,0.0
5199,58,1.3306896551724143,0.6551724137931172,1.1536108578952677,0.6599817684594336,0.020140918580375932,0.0,0.0,0.015485309513126934,0.0,0.0,0.6939655172413793,0.0,0.0,0.5507697761571964,0.0,0.0,0.0,0.0
5200,47,1.07936170212766,0.7872340425531987,1.153113092825292,0.6602148358329943,0.015062351543943689,0.0,0.0,0.015479565170665475,0.0,0.0,0.5,0.0,0.0,0.5504408188082691,0.0,0.0,0.0,0.0
5201,44,1.3484090909090918,0.7954545454545546,1.153515347989057,0.6607233309695053,0.024970538720539143,0.0,0.0,0.015490642094995281,0.0,0.0,0.5965909090909091,0.0,0.0,0.5504001620909735,0.0,0.0,0.0,0.0
5202,37,1.2740540540540546,0.9189189189189356,1.1540621509089042,0.6617243830608294,0.014258923169993469,0.0,0.0,0.015464490615746377,0.0,0.0,0.46621621621621623,0.0,0.0,0.5502945059408957,0.0,0.0,0.0,0.0
5203,47,1.1644680851063833,0.7659574468085268,1.155469035532993,0.662944162436547,0.013550383758356497,0.0,0.0,0.015450194054427541,0.0,0.0,0.4787234042553192,0.0,0.0,0.5504314720812182,0.0,0.0,0.0,0.0
5204,53,1.1147169811320763,0.8301886792452762,1.1553056458164075,0.6649065800162457,0.01378763127187858,0.0,0.0,0.015431758841680503,0.0,0.0,0.37735849056603776,0.0,0.0,0.5490454914703493,0.0,0.0,0.0,0.0
5205,47,0.9623404255319155,0.25531914893617036,1.1529104932007286,0.6622691292875975,0.013182745555231183,0.0,0.0,0.01540599327932564,0.0,0.0,0.648936170212766,0.0,0.0,0.5487619240917394,0.0,0.0,0.0,0.0
5206,46,1.204347826086957,0.6521739130435238,1.153663688058487,0.6620633631194137,0.0158967001434725,0.0,0.0,0.015387890985824673,0.0,0.0,0.5543478260869565,0.0,0.0,0.5490962632006499,0.0,0.0,0.0,0.0
5207,56,1.025178571428572,0.46428571428574633,1.1524185527250563,0.6611184410839327,0.014623025980641139,0.0,0.0,0.015372695235658285,0.0,0.0,0.6071428571428571,0.0,0.0,0.5488683649649853,0.0,0.0,0.0,0.0
5208,47,1.4519148936170219,0.7234042553191381,1.1552694610778425,0.6620318684664557,0.020938938324639368,0.0,0.0,0.01540661586562536,0.0,0.0,0.776595744680851,0.0,0.0,0.5508728306099665,0.0,0.0,0.0,0.0
5209,55,0.9101818181818188,0.49090909090910717,1.153418864097361,0.660649087221094,0.010304652120213644,0.0,0.0,0.015382391966813307,0.0,0.0,0.509090909090909,0.0,0.0,0.5505324543610548,0.0,0.0,0.0,0.0
5210,56,0.8764285714285718,0.42857142857141856,1.1522886681532516,0.6594364484086748,0.010424808836023458,0.0,0.0,0.015365613997148104,0.0,0.0,0.48214285714285715,0.0,0.0,0.5506284208392459,0.0,0.0,0.0,0.0
5211,51,1.1617647058823537,0.7843137254901643,1.151559493670884,0.659443037974682,0.01470223325061973,0.0,0.0,0.015321998226840428,0.0,0.0,0.47058823529411764,0.0,0.0,0.5499746835443038,0.0,0.0,0.0,0.0
5212,49,0.8959183673469393,0.5306122448979301,1.149887492398133,0.6592337320089178,0.010863647611977553,0.0,0.0,0.015282677515390699,0.0,0.0,0.4489795918367347,0.0,0.0,0.5489053314413136,0.0,0.0,0.0,0.0
5213,38,1.2252631578947373,0.5789473684210575,1.1502721088435353,0.6583409483196246,0.019720457433290973,0.0,0.0,0.01529713825854239,0.0,0.0,0.618421052631579,0.0,0.0,0.5493197278911565,0.0,0.0,0.0,0.0
5214,47,1.1674468085106386,0.5957446808510543,1.1498049771457575,0.6573895378364635,0.011009229534509925,0.0,0.0,0.015276238210332093,0.0,0.0,0.6808510638297872,0.0,0.0,0.5498984255967496,0.0,0.0,0.0,0.0
5215,49,1.3687755102040824,0.9387755102040921,1.1508302001829063,0.6588761304745436,0.015277904328017696,0.0,0.0,0.015285668589074763,0.0,0.0,0.5102040816326531,0.0,0.0,0.5492073976221928,0.0,0.0,0.0,0.0
5216,53,1.343962264150944,0.7547169811320388,1.1527736040609116,0.6594923857868001,0.013711260827718537,0.0,0.0,0.015286922103449166,0.0,0.0,0.5849056603773585,0.0,0.0,0.5500761421319798,0.0,0.0,0.0,0.0
5217,50,0.8880000000000003,0.3999999999999915,1.1509960402071255,0.6587470809219191,0.014765547056867246,0.0,0.0,0.015273562128136547,0.0,0.0,0.46,0.0,0.0,0.548862828713575,0.0,0.0,0.0,0.0
5218,51,1.315490196078432,0.5882352941176374,1.152424211700292,0.6588259150359912,0.0222225902616761,0.0,0.0,0.015314334064488972,0.0,0.0,0.696078431372549,0.0,0.0,0.5499594443881172,0.0,0.0,0.0,0.0
5219,55,1.1956363636363643,0.7636363636364197,1.152770571544384,0.6599108228617738,0.01384712571067687,0.0,0.0,0.015297826130808663,0.0,0.0,0.4909090909090909,0.0,0.0,0.5493767734089988,0.0,0.0,0.0,0.0
5220,52,0.847884615384616,0.4615384615384616,1.151864183787064,0.6596498330128514,0.017915481511579488,0.0,0.0,0.015303774320635694,0.0,0.0,0.4519230769230769,0.0,0.0,0.5489575953850825,0.0,0.0,0.0,0.0
5221,44,1.2363636363636368,0.8181818181818553,1.1530924182609554,0.6614029760097163,0.017725643532095547,0.0,0.0,0.01531884564697019,0.0,0.0,0.5568181818181818,0.0,0.0,0.5489168944225123,0.0,0.0,0.0,0.0
5222,58,1.1737931034482763,0.7931034482758357,1.152361083047078,0.6623560315215181,0.013888208894328648,0.0,0.0,0.01528052301241213,0.0,0.0,0.45689655172413796,0.0,0.0,0.5478632046878157,0.0,0.0,0.0,0.0
5223,50,1.2298000000000007,0.7200000000000075,1.1530910010111204,0.6632962588473191,0.014910281280311376,0.0,0.0,0.015291774218419983,0.0,0.0,0.525,0.0,0.0,0.5476491405460061,0.0,0.0,0.0,0.0
5224,42,1.3150000000000004,0.9047619047618792,1.154826610049538,0.6650490344757847,0.01606457242582807,0.0,0.0,0.015297693504795902,0.0,0.0,0.5833333333333334,0.0,0.0,0.5482509351936103,0.0,0.0,0.0,0.0
5225,53,1.2705660377358499,0.7547169811320723,1.155177741870327,0.6649161785497866,0.01426090639559527,0.0,0.0,0.015268649703532217,0.0,0.0,0.5707547169811321,0.0,0.0,0.5482983235709957,0.0,0.0,0.0,0.0
5226,50,1.1364000000000005,0.6799999999999794,1.1546504344311963,0.664174580723377,0.012993368396981808,0.0,0.0,0.015233228923692069,0.0,0.0,0.555,0.0,0.0,0.5483178419882805,0.0,0.0,0.0,0.0
5227,40,0.8637500000000002,0.6000000000000119,1.1531358074628355,0.6630599656183626,0.012906238326485199,0.0,0.0,0.01521842007278664,0.0,0.0,0.4,0.0,0.0,0.5480584487814744,0.0,0.0,0.0,0.0
5228,51,1.216666666666667,0.6862745098039408,1.1530247599797858,0.6623547246083868,0.014192589204025075,0.0,0.0,0.015205590088601218,0.0,0.0,0.5882352941176471,0.0,0.0,0.5483830217281456,0.0,0.0,0.0,0.0
5229,48,1.287916666666667,0.999999999999953,1.1542268041237094,0.664443096826358,0.01615786722425445,0.0,0.0,0.015198675496688706,0.0,0.0,0.5364583333333334,0.0,0.0,0.5485142510612493,0.0,0.0,0.0,0.0
5230,49,1.192040816326531,0.7142857142856983,1.1549379352104125,0.6655565647391246,0.013290102389077936,0.0,0.0,0.015175715206373501,0.0,0.0,0.5102040816326531,0.0,0.0,0.548289433848017,0.0,0.0,0.0,0.0
5231,45,0.9682222222222225,0.6222222222222076,1.1549459650540328,0.6655893344106641,0.013709880427941887,0.0,0.0,0.01518348118317044,0.0,0.0,0.4,0.0,0.0,0.548025451974548,0.0,0.0,0.0,0.0
5232,47,1.4023404255319154,0.9574468085106733,1.1558492472466382,0.6665656259472554,0.015951113262343126,0.0,0.0,0.015167708171737588,0.0,0.0,0.5106382978723404,0.0,0.0,0.5479438213600081,0.0,0.0,0.0,0.0
5233,52,1.1503846153846158,0.6730769230769275,1.1556189994946922,0.6661950480040413,0.01554573804573856,0.0,0.0,0.015167434222743323,0.0,0.0,0.5144230769230769,0.0,0.0,0.5476755937342092,0.0,0.0,0.0,0.0
5234,59,1.3632203389830515,0.9491525423729114,1.157536846355742,0.6688875429032897,0.01784557355225213,0.0,0.0,0.015185465255641266,0.0,0.0,0.5508474576271186,0.0,0.0,0.547521704017767,0.0,0.0,0.0,0.0
5235,55,0.7772727272727277,0.4181818181818422,1.1557691532258045,0.6666330645161279,0.01231633535004264,0.0,0.0,0.0151694003675512,0.0,0.0,0.4,0.0,0.0,0.5477066532258065,0.0,0.0,0.0,0.0
5236,51,1.1484313725490203,0.6274509803921573,1.155815545710832,0.6656262585581947,0.015915760869565008,0.0,0.0,0.01516516528417937,0.0,0.0,0.6176470588235294,0.0,0.0,0.5488068868304471,0.0,0.0,0.0,0.0
5237,49,1.1489795918367351,0.6938775510204034,1.1546175551748445,0.6646175551748454,0.012196707105719337,0.0,0.0,0.015143220802702613,0.0,0.0,0.5153061224489796,0.0,0.0,0.5484732439786355,0.0,0.0,0.0,0.0
5238,35,1.4871428571428578,0.8000000000000307,1.1553183104284541,0.6658245755860949,0.0221867007672631,0.0,0.0,0.01512109541355748,0.0,0.0,0.7571428571428571,0.0,0.0,0.5484033953112368,0.0,0.0,0.0,0.0
5239,62,0.9608064516129036,0.2419354838709604,1.1543121212121197,0.6624242424242417,0.012679863771818154,0.0,0.0,0.015109996033320089,0.0,0.0,0.6209677419354839,0.0,0.0,0.5493434343434344,0.0,0.0,0.0,0.0
5240,49,1.3485714285714292,1.020408163265326,1.1549581273332643,0.663908788215114,0.018289510102408143,0.0,0.0,0.015119657103608578,0.0,0.0,0.45918367346938777,0.0,0.0,0.5488598526889314,0.0,0.0,0.0,0.0
5241,60,1.1638333333333337,0.8500000000000075,1.15616051623311,0.6656583988707397,0.015576622797233887,0.0,0.0,0.015116018487027151,0.0,0.0,0.4791666666666667,0.0,0.0,0.5488757814075419,0.0,0.0,0.0,0.0
5242,50,1.2614000000000005,0.6000000000000008,1.1565412547912028,0.6645148275166426,0.01665874273639755,0.0,0.0,0.015112347999377867,0.0,0.0,0.65,0.0,0.0,0.5497528747226145,0.0,0.0,0.0,0.0
5243,47,1.3274468085106386,0.7659574468084828,1.1576334106728523,0.6645818622011496,0.013096137699412026,0.0,0.0,0.01512196407558067,0.0,0.0,0.6170212765957447,0.0,0.0,0.5505649147583981,0.0,0.0,0.0,0.0
5244,48,1.1818750000000005,0.5416666666666746,1.157389724437265,0.6635712122741492,0.014952556668424767,0.0,0.0,0.015088891637737934,0.0,0.0,0.6354166666666666,0.0,0.0,0.5506460078732209,0.0,0.0,0.0,0.0
5245,50,1.2448000000000006,0.9600000000000436,1.1575093349480257,0.6641437077404377,0.01602059202059305,0.0,0.0,0.015080003260609454,0.0,0.0,0.41,0.0,0.0,0.5501816530426885,0.0,0.0,0.0,0.0
5246,60,1.2961666666666674,0.9000000000000097,1.1578248160467681,0.665557907469005,0.020595868644067917,0.0,0.0,0.015081382204232097,0.0,0.0,0.5833333333333334,0.0,0.0,0.5503225481302289,0.0,0.0,0.0,0.0
5247,57,1.098070175438597,0.9122807017543868,1.1590866982177008,0.668109958715134,0.015378378378378176,0.0,0.0,0.01510573855576157,0.0,0.0,0.34210526315789475,0.0,0.0,0.5495921860839794,0.0,0.0,0.0,0.0
5248,43,1.1758139534883727,0.6976744186046487,1.1585119887165007,0.6676405399959698,0.01926095238095314,0.0,0.0,0.015115223546298396,0.0,0.0,0.45348837209302323,0.0,0.0,0.5492141849687688,0.0,0.0,0.0,0.0
5249,46,1.2876086956521744,0.6521739130434748,1.1575498088146494,0.6666331253773391,0.017970266990291348,0.0,0.0,0.015103279499941556,0.0,0.0,0.6413043478260869,0.0,0.0,0.5489535117729926,0.0,0.0,0.0,0.0
5250,52,1.1967307692307696,0.7884615384615743,1.1585692740800309,0.6661974663181178,0.015082404265632673,0.0,0.0,0.015111489087144147,0.0,0.0,0.5,0.0,0.0,0.5501457872511563,0.0,0.0,0.0,0.0
5251,46,1.4363043478260877,0.7826086956521744,1.1599134024770907,0.6661967576276304,0.016880429228410883,0.0,0.0,0.015111872011334774,0.0,0.0,0.75,0.0,0.0,0.5513795186788844,0.0,0.0,0.0,0.0
5252,43,1.2960465116279076,0.7674418604651113,1.1598206006853444,0.6661963313848013,0.02109386828160506,0.0,0.0,0.015105549590324235,0.0,0.0,0.5813953488372093,0.0,0.0,0.5511741584357992,0.0,0.0,0.0,0.0
5253,46,0.8530434782608701,0.521739130434799,1.158229901269392,0.6651219020753576,0.013615544760582979,0.0,0.0,0.015093647759438283,0.0,0.0,0.391304347826087,0.0,0.0,0.5506498085835181,0.0,0.0,0.0,0.0
5254,45,1.2162222222222225,0.7999999999999992,1.1582943312487377,0.6655235021182165,0.015900639163277143,0.0,0.0,0.015085230482245823,0.0,0.0,0.5111111111111111,0.0,0.0,0.5502824288884406,0.0,0.0,0.0,0.0
5255,56,1.3498214285714292,0.8214285714285937,1.1605181973989298,0.6668010888194378,0.016400520720329752,0.0,0.0,0.01510877597333986,0.0,0.0,0.5535714285714286,0.0,0.0,0.5506603488254864,0.0,0.0,0.0,0.0
5256,44,1.0125000000000004,0.590909090909081,1.160893595562278,0.6676752395360569,0.010307727903748272,0.0,0.0,0.015087686183216193,0.0,0.0,0.5,0.0,0.0,0.550504286434695,0.0,0.0,0.0,0.0
5257,43,0.9506976744186049,0.6279069767441908,1.1595063597819488,0.6677771047849792,0.010983342289091548,0.0,0.0,0.01504321985284293,0.0,0.0,0.43023255813953487,0.0,0.0,0.5490864122753887,0.0,0.0,0.0,0.0
5258,47,0.8791489361702133,0.3829787234042557,1.1573742678246801,0.6662290446374474,0.01361449752883056,0.0,0.0,0.015036060609638796,0.0,0.0,0.526595744680851,0.0,0.0,0.5486265400929106,0.0,0.0,0.0,0.0
5259,40,1.1972500000000004,0.7500000000000122,1.1567185761957717,0.6663970067752052,0.014381381381381345,0.0,0.0,0.015016383241833957,0.0,0.0,0.5625,0.0,0.0,0.5482354130852463,0.0,0.0,0.0,0.0
5260,48,1.1937500000000003,0.8124999999999792,1.1585821273150474,0.6680497925311205,0.013233256351039216,0.0,0.0,0.01505601973809669,0.0,0.0,0.4427083333333333,0.0,0.0,0.5483756704786965,0.0,0.0,0.0,0.0
5261,43,1.1602325581395352,0.6511627906977014,1.1588030379746819,0.6682531645569623,0.012177202831339745,0.0,0.0,0.015038828558999809,0.0,0.0,0.5465116279069767,0.0,0.0,0.5482784810126582,0.0,0.0,0.0,0.0
5262,44,1.0031818181818186,0.5454545454545342,1.1578879091922554,0.6667680145941017,0.01041774840689137,0.0,0.0,0.015000603969391861,0.0,0.0,0.5170454545454546,0.0,0.0,0.5485456572413094,0.0,0.0,0.0,0.0
5263,53,1.0377358490566042,0.6415094339622516,1.1576226605968623,0.6671724835609508,0.016476932294786986,0.0,0.0,0.015017368971549509,0.0,0.0,0.49528301886792453,0.0,0.0,0.5480526049570056,0.0,0.0,0.0,0.0
5264,55,1.3805454545454552,0.618181818181791,1.15925356528775,0.6668352381915645,0.017507493659211122,0.0,0.0,0.015052670702061498,0.0,0.0,0.7545454545454545,0.0,0.0,0.5494841711338121,0.0,0.0,0.0,0.0
5265,55,1.1789090909090911,0.6545454545454437,1.1594636713215933,0.6661606962153408,0.014269366197182862,0.0,0.0,0.015060443828709382,0.0,0.0,0.55,0.0,0.0,0.5499392835458409,0.0,0.0,0.0,0.0
5266,43,1.1834883720930238,0.674418604651164,1.1595498229640855,0.6664643399089529,0.01961078998073252,0.0,0.0,0.015065976863736294,0.0,0.0,0.6162790697674418,0.0,0.0,0.5500252908447142,0.0,0.0,0.0,0.0
5267,55,1.186181818181819,0.8545454545454458,1.1599989897969476,0.66744115567229,0.01210389610389627,0.0,0.0,0.01504165564145756,0.0,0.0,0.4909090909090909,0.0,0.0,0.5499040307101728,0.0,0.0,0.0,0.0
5268,46,1.280652173913044,0.6521739130434672,1.1603698090330388,0.6670708295443062,0.017971323978035834,0.0,0.0,0.015045493431783416,0.0,0.0,0.5978260869565217,0.0,0.0,0.5500656764676165,0.0,0.0,0.0,0.0
5269,37,1.1300000000000003,0.5945945945945897,1.1610305729904822,0.6689613282040897,0.01730546357615798,0.0,0.0,0.015058778113769407,0.0,0.0,0.5337837837837838,0.0,0.0,0.5496558007693865,0.0,0.0,0.0,0.0
5270,45,0.9977777777777784,0.5777777777777797,1.1600506380392934,0.6682195665383834,0.012552418227564808,0.0,0.0,0.01505881888935631,0.0,0.0,0.5,0.0,0.0,0.5492201741948551,0.0,0.0,0.0,0.0
5271,48,1.0950000000000004,0.5416666666666502,1.1598956433637266,0.6674772036474161,0.012923530858126593,0.0,0.0,0.015054982483456577,0.0,0.0,0.5520833333333334,0.0,0.0,0.5493920972644377,0.0,0.0,0.0,0.0
5272,42,1.1402380952380955,0.6190476190476029,1.1597254584135328,0.6668017424779654,0.012815092320043343,0.0,0.0,0.015027639467400374,0.0,0.0,0.5476190476190477,0.0,0.0,0.5498429743693648,0.0,0.0,0.0,0.0
5273,45,1.488444444444445,0.7333333333333079,1.161247845919917,0.6669031931069432,0.021896044458973207,0.0,0.0,0.01504157677950321,0.0,0.0,0.7055555555555556,0.0,0.0,0.5503041054232134,0.0,0.0,0.0,0.0
5274,53,1.0626415094339627,0.7169811320754754,1.1602787350496637,0.6667342387999184,0.013419108887301127,0.0,0.0,0.015038307431589163,0.0,0.0,0.41037735849056606,0.0,0.0,0.5491587269410095,0.0,0.0,0.0,0.0
5275,46,1.3673913043478267,0.5652173913043432,1.1613574614760727,0.6660583941605834,0.019377695625384862,0.0,0.0,0.015055705016408547,0.0,0.0,0.6956521739130435,0.0,0.0,0.5501317923763179,0.0,0.0,0.0,0.0
5276,47,1.1093617021276598,0.5106382978723484,1.1613449639922893,0.6651790242418089,0.017067103109656923,0.0,0.0,0.015060460454403735,0.0,0.0,0.6436170212765957,0.0,0.0,0.5508925854549143,0.0,0.0,0.0,0.0
5277,40,1.3617500000000002,0.6499999999999814,1.162033553634975,0.6657854600915092,0.018389601620527784,0.0,0.0,0.015063258939221578,0.0,0.0,0.66875,0.0,0.0,0.5510421962379258,0.0,0.0,0.0,0.0
5278,44,1.1565909090909094,0.6363636363636291,1.162173603337741,0.6651063396764012,0.015369978858351048,0.0,0.0,0.015073581623467966,0.0,0.0,0.5227272727272727,0.0,0.0,0.5512618296529969,0.0,0.0,0.0,0.0
5279,41,1.0824390243902444,0.5609756097560962,1.1624740272967997,0.6642900794459149,0.010571700809908878,0.0,0.0,0.01505550257033291,0.0,0.0,0.5121951219512195,0.0,0.0,0.5515634548787941,0.0,0.0,0.0,0.0
5280,48,1.0343750000000005,0.5416666666666571,1.1629362005707276,0.6635752140236437,0.011762615493959044,0.0,0.0,0.015029127773658143,0.0,0.0,0.4739583333333333,0.0,0.0,0.5520281288218508,0.0,0.0,0.0,0.0
5281,46,1.2154347826086962,0.6521739130434855,1.1630317249821462,0.6632663470366208,0.017570710245127876,0.0,0.0,0.015014064327177305,0.0,0.0,0.5869565217391305,0.0,0.0,0.5525349382841988,0.0,0.0,0.0,0.0
5282,47,1.192765957446809,0.8510638297872667,1.1623295918367327,0.6628571428571424,0.014614181438999198,0.0,0.0,0.014983872792374672,0.0,0.0,0.46808510638297873,0.0,0.0,0.5521938775510205,0.0,0.0,0.0,0.0
5283,61,1.169508196721312,0.7868852459016012,1.161527168926494,0.6621470078499332,0.013919999999999898,0.0,0.0,0.014948542069023404,0.0,0.0,0.45491803278688525,0.0,0.0,0.5517636864104394,0.0,0.0,0.0,0.0
5284,47,1.070212765957447,0.5957446808510733,1.161638124362893,0.6616717635066255,0.010145219846711457,0.0,0.0,0.014939517847052951,0.0,0.0,0.5159574468085106,0.0,0.0,0.5520897043832824,0.0,0.0,0.0,0.0
5285,47,1.1363829787234048,0.7234042553191821,1.1606860346585097,0.6600407747196738,0.015203529746656102,0.0,0.0,0.014915814418377367,0.0,0.0,0.46808510638297873,0.0,0.0,0.5521916411824669,0.0,0.0,0.0,0.0
5286,56,1.171071428571429,0.7500000000000143,1.1611699419611017,0.6605233682924343,0.015343940102948234,0.0,0.0,0.014909195737409559,0.0,0.0,0.5089285714285714,0.0,0.0,0.5521331839934833,0.0,0.0,0.0,0.0
5287,50,1.395000000000001,0.9599999999999713,1.1618626452007317,0.662624821683309,0.014142335766423575,0.0,0.0,0.014881464012435001,0.0,0.0,0.52,0.0,0.0,0.551355206847361,0.0,0.0,0.0,0.0
5288,58,1.2341379310344833,0.6379310344827547,1.162905033625431,0.6623191359282653,0.015181336161187822,0.0,0.0,0.014869470730096174,0.0,0.0,0.603448275862069,0.0,0.0,0.552246790299572,0.0,0.0,0.0,0.0
5289,60,1.1985000000000003,0.4499999999999975,1.1631657677826377,0.6613412028085881,0.015270758122743663,0.0,0.0,0.01486589335715947,0.0,0.0,0.725,0.0,0.0,0.55309351785896,0.0,0.0,0.0,0.0
5290,47,1.2068085106382982,0.6595744680851132,1.1631608961303441,0.661405295315682,0.012158628081457866,0.0,0.0,0.014840592363920777,0.0,0.0,0.6063829787234043,0.0,0.0,0.5532331975560082,0.0,0.0,0.0,0.0
5291,51,1.2400000000000004,0.8235294117646978,1.1629779224743086,0.6628344694272049,0.013093167701863584,0.0,0.0,0.014807818112807668,0.0,0.0,0.5294117647058824,0.0,0.0,0.5524214060433411,0.0,0.0,0.0,0.0
5292,52,1.192307692307693,0.7499999999999757,1.1617452397922798,0.6626616434171669,0.014094112298249245,0.0,0.0,0.01476762938744656,0.0,0.0,0.5048076923076923,0.0,0.0,0.5515222482435597,0.0,0.0,0.0,0.0
5293,50,1.1228000000000005,0.5600000000000036,1.1610906313645601,0.6617107942973524,0.014166035831440623,0.0,0.0,0.014756544854970036,0.0,0.0,0.625,0.0,0.0,0.5517057026476578,0.0,0.0,0.0,0.0
5294,48,0.9929166666666672,0.770833333333337,1.1601590051982449,0.6629293649984711,0.015154213036565794,0.0,0.0,0.014753588811333826,0.0,0.0,0.3385416666666667,0.0,0.0,0.5502497197023749,0.0,0.0,0.0,0.0
5295,43,1.437441860465117,1.02325581395361,1.1624196346565956,0.6653740177569145,0.01682362547632109,0.0,0.0,0.014766112953365182,0.0,0.0,0.5406976744186046,0.0,0.0,0.5503367690580672,0.0,0.0,0.0,0.0
5296,49,1.21530612244898,0.6326530612245237,1.1611954304365546,0.6641166870665044,0.012128309572301394,0.0,0.0,0.014726684026632407,0.0,0.0,0.6020408163265306,0.0,0.0,0.5502090983272134,0.0,0.0,0.0,0.0
5297,44,1.2100000000000006,0.5000000000000004,1.159764261659351,0.6620063271762434,0.01897362794012828,0.0,0.0,0.014713651311530586,0.0,0.0,0.7045454545454546,0.0,0.0,0.5503877946729258,0.0,0.0,0.0,0.0
5298,54,1.1464814814814819,0.9444444444444791,1.1596480310140769,0.6635380534584789,0.014354277764897266,0.0,0.0,0.014719082063673346,0.0,0.0,0.3425925925925926,0.0,0.0,0.5492501530299939,0.0,0.0,0.0,0.0
5299,44,1.4106818181818186,0.6818181818181923,1.1608386899295973,0.6642179369452109,0.015513621594601547,0.0,0.0,0.01472735180587521,0.0,0.0,0.6704545454545454,0.0,0.0,0.5493061932455872,0.0,0.0,0.0,0.0
5300,42,1.223571428571429,0.6904761904762255,1.1610575252886464,0.6644528456115268,0.01621135646687669,0.0,0.0,0.014707982997494148,0.0,0.0,0.5714285714285714,0.0,0.0,0.5490957392459385,0.0,0.0,0.0,0.0
5301,51,1.220196078431373,0.6666666666666863,1.1610917253341477,0.6641159065401504,0.011443545421110915,0.0,0.0,0.014684201901227526,0.0,0.0,0.5588235294117647,0.0,0.0,0.5490511172329354,0.0,0.0,0.0,0.0
5302,42,1.3107142857142862,0.6904761904761915,1.1611137222846615,0.6638397874731804,0.013214114258280802,0.0,0.0,0.014651707007634114,0.0,0.0,0.7023809523809523,0.0,0.0,0.5497854296515786,0.0,0.0,0.0,0.0
5303,49,1.1097959183673474,0.4489795918367403,1.1595584176632916,0.6615557599918244,0.012170993733213585,0.0,0.0,0.014612102944586126,0.0,0.0,0.673469387755102,0.0,0.0,0.5501124399468466,0.0,0.0,0.0,0.0
5304,49,1.1308163265306128,0.3061224489796019,1.1595757513800842,0.6602944183193641,0.015885894495413097,0.0,0.0,0.014628238261784639,0.0,0.0,0.6938775510204082,0.0,0.0,0.5505264772030259,0.0,0.0,0.0,0.0
5305,58,1.1851724137931041,0.7241379310344807,1.160481299816062,0.6624770079705722,0.01197769646279882,0.0,0.0,0.01461221837645878,0.0,0.0,0.5431034482758621,0.0,0.0,0.5499948906601267,0.0,0.0,0.0,0.0
5306,52,1.1361538461538467,0.5769230769230507,1.1613755748594772,0.6625447112927971,0.01376193803866775,0.0,0.0,0.014638842192723128,0.0,0.0,0.5961538461538461,0.0,0.0,0.5510475217169136,0.0,0.0,0.0,0.0
5307,48,1.1752083333333339,0.604166666666678,1.1622526573998349,0.6625102207686038,0.01640302413492321,0.0,0.0,0.014650136626629897,0.0,0.0,0.625,0.0,0.0,0.5515893295175798,0.0,0.0,0.0,0.0
5308,61,1.0832786885245906,0.5901639344262449,1.1625147989385571,0.6629924474382549,0.013341409246920876,0.0,0.0,0.014630359390654308,0.0,0.0,0.5655737704918032,0.0,0.0,0.5516687078995713,0.0,0.0,0.0,0.0
5309,53,1.1584905660377363,0.6415094339622651,1.1626825040783018,0.6629282218597085,0.013794652886991684,0.0,0.0,0.014635523350428408,0.0,0.0,0.5943396226415094,0.0,0.0,0.5521003262642741,0.0,0.0,0.0,0.0
5310,44,1.0543181818181824,0.6363636363636257,1.1629168791432924,0.6629270780214196,0.015478812145478872,0.0,0.0,0.014636832639941675,0.0,0.0,0.5454545454545454,0.0,0.0,0.5527281998980113,0.0,0.0,0.0,0.0
5311,47,1.0440425531914899,0.6808510638297978,1.161827825377395,0.6625866993064076,0.012134025717111904,0.0,0.0,0.014618444001534925,0.0,0.0,0.40425531914893614,0.0,0.0,0.5520195838433293,0.0,0.0,0.0,0.0
5312,50,0.8144000000000002,0.41999999999999565,1.1597185109637922,0.6607853136155042,0.009936554416788854,0.0,0.0,0.014582986532811286,0.0,0.0,0.44,0.0,0.0,0.5516063233044365,0.0,0.0,0.0,0.0
5313,47,0.8891489361702131,0.6382978723404678,1.158840387557367,0.6599694033656318,0.008281807372176224,0.0,0.0,0.014533771640903309,0.0,0.0,0.35638297872340424,0.0,0.0,0.5513258541560428,0.0,0.0,0.0,0.0
5314,40,1.0347500000000003,0.5499999999999963,1.1583244897959168,0.6596938775510223,0.013805870580387018,0.0,0.0,0.014533463924257261,0.0,0.0,0.525,0.0,0.0,0.5508928571428572,0.0,0.0,0.0,0.0
5315,43,1.203255813953489,0.744186046511631,1.1596618998978534,0.6605720122574076,0.01618898623279074,0.0,0.0,0.014540591147894556,0.0,0.0,0.5,0.0,0.0,0.5510980592441267,0.0,0.0,0.0,0.0
5316,45,1.2902222222222226,0.7111111111110869,1.1591921464362394,0.6602924634420715,0.01620429807423958,0.0,0.0,0.014527375298281952,0.0,0.0,0.6222222222222222,0.0,0.0,0.5503374578177728,0.0,0.0,0.0,0.0
5317,48,0.8831250000000005,0.6458333333333218,1.158186094069528,0.6613496932515354,0.010268895348837266,0.0,0.0,0.014496688445072986,0.0,0.0,0.4375,0.0,0.0,0.5491564417177914,0.0,0.0,0.0,0.0
5318,51,1.2482352941176478,0.6862745098039217,1.1592763561924244,0.6624360286591624,0.01615326059375789,0.0,0.0,0.01450262557764629,0.0,0.0,0.6323529411764706,0.0,0.0,0.5497441146366427,0.0,0.0,0.0,0.0
5319,40,1.1850000000000007,0.7999999999999992,1.1609618930547003,0.664413030116781,0.021974965229485735,0.0,0.0,0.014547640196752969,0.0,0.0,0.4875,0.0,0.0,0.5495287850850236,0.0,0.0,0.0,0.0
5320,53,1.1586792452830192,0.5283018867924678,1.1615674237773668,0.6646204215265007,0.015051470588235649,0.0,0.0,0.014547406861645908,0.0,0.0,0.6320754716981132,0.0,0.0,0.5499795375485983,0.0,0.0,0.0,0.0
5321,39,1.1317948717948723,0.7692307692307745,1.1620276639344245,0.6658811475409854,0.01463527851458814,0.0,0.0,0.014543152220187636,0.0,0.0,0.4807692307692308,0.0,0.0,0.5498719262295082,0.0,0.0,0.0,0.0
5322,56,1.1753571428571432,0.5000000000000052,1.1641724702990561,0.6646866038508825,0.013267486393872251,0.0,0.0,0.014539108056703522,0.0,0.0,0.6741071428571429,0.0,0.0,0.5523351085620647,0.0,0.0,0.0,0.0
5323,50,1.3498000000000006,0.7199999999999895,1.1644740073679887,0.6649611133851838,0.01769533298374444,0.0,0.0,0.01453365314614578,0.0,0.0,0.695,0.0,0.0,0.5527271796970937,0.0,0.0,0.0,0.0
5324,51,1.144509803921569,0.4509803921568753,1.1647223642499218,0.664587381122816,0.012789219982471347,0.0,0.0,0.014523570891192644,0.0,0.0,0.6470588235294118,0.0,0.0,0.5528172614786788,0.0,0.0,0.0,0.0
5325,52,1.1073076923076928,0.5769230769230701,1.163464880891523,0.663429097229324,0.01750684098510183,0.0,0.0,0.014521319696554024,0.0,0.0,0.5865384615384616,0.0,0.0,0.552448624884981,0.0,0.0,0.0,0.0
5326,53,1.1762264150943402,0.6226415094339661,1.1632135544635533,0.6638001638001657,0.0212474437627802,0.0,0.0,0.014548267936824998,0.0,0.0,0.6084905660377359,0.0,0.0,0.5521345208845209,0.0,0.0,0.0,0.0
5327,52,1.135961538461539,0.8269230769231357,1.1624301361449472,0.6643464018835111,0.012311379741559745,0.0,0.0,0.014526640578927792,0.0,0.0,0.47115384615384615,0.0,0.0,0.551463814105845,0.0,0.0,0.0,0.0
5328,56,1.2783928571428578,0.9642857142857167,1.1639428980761346,0.6663937781416311,0.01468211648892422,0.0,0.0,0.014522758264937673,0.0,0.0,0.5,0.0,0.0,0.5517805976258698,0.0,0.0,0.0,0.0
5329,48,0.9770833333333337,0.604166666666695,1.1635333265076266,0.6674516228115104,0.016133470932232802,0.0,0.0,0.014559539290358551,0.0,0.0,0.5104166666666666,0.0,0.0,0.5511415992628238,0.0,0.0,0.0,0.0
5330,45,1.2164444444444449,0.6666666666667084,1.1641824511108823,0.6682707074843887,0.01674518201284812,0.0,0.0,0.014568651166843067,0.0,0.0,0.5444444444444444,0.0,0.0,0.5508344425104945,0.0,0.0,0.0,0.0
5331,45,1.3051111111111116,0.7111111111111,1.1656683725690877,0.6694984646878221,0.014947823873758887,0.0,0.0,0.014569512532110666,0.0,0.0,0.7,0.0,0.0,0.5514329580348004,0.0,0.0,0.0,0.0
5332,75,1.1045333333333338,0.5599999999999808,1.165176314716672,0.6686710150835733,0.012265324252294653,0.0,0.0,0.014538403825122727,0.0,0.0,0.6166666666666667,0.0,0.0,0.5519516918059519,0.0,0.0,0.0,0.0
5333,46,1.2080434782608702,0.7391304347825837,1.1663156285044336,0.6705066775410358,0.01435917312661454,0.0,0.0,0.014546338808792105,0.0,0.0,0.5652173913043478,0.0,0.0,0.551712712814762,0.0,0.0,0.0,0.0
5334,48,0.8502083333333337,0.5000000000000043,1.1651849964325744,0.6703699928651532,0.009113443501563071,0.0,0.0,0.014517443211618403,0.0,0.0,0.3489583333333333,0.0,0.0,0.5505045357252064,0.0,0.0,0.0,0.0
5335,49,1.348367346938776,1.020408163265389,1.1660065266163562,0.6715276361411401,0.01577979460234127,0.0,0.0,0.014520238290263561,0.0,0.0,0.42857142857142855,0.0,0.0,0.5505047929838874,0.0,0.0,0.0,0.0
5336,51,1.066666666666667,0.509803921568649,1.1662785481239795,0.6717985318107689,0.011698924731182827,0.0,0.0,0.014500990703989318,0.0,0.0,0.5588235294117647,0.0,0.0,0.5503925367047309,0.0,0.0,0.0,0.0
5337,47,1.2991489361702133,0.9787234042552798,1.1670925963695686,0.6741790740363063,0.013207873675102415,0.0,0.0,0.01447691753053313,0.0,0.0,0.48936170212765956,0.0,0.0,0.5496379767489292,0.0,0.0,0.0,0.0
5338,55,1.1403636363636367,0.6727272727272767,1.1656974019358113,0.672643912379014,0.012466706420194531,0.0,0.0,0.01445205981249859,0.0,0.0,0.5545454545454546,0.0,0.0,0.5495924605196129,0.0,0.0,0.0,0.0
5339,43,1.012790697674419,0.4883720930232597,1.1647283661196604,0.6712873305473473,0.012291843070844249,0.0,0.0,0.014438373957442305,0.0,0.0,0.5,0.0,0.0,0.5492049740087657,0.0,0.0,0.0,0.0
5340,51,1.3933333333333338,0.7843137254901986,1.1648991853360477,0.6708757637474567,0.015847457627118082,0.0,0.0,0.014440491864740992,0.0,0.0,0.6666666666666666,0.0,0.0,0.5495162932790224,0.0,0.0,0.0,0.0
5341,47,1.2280851063829792,0.829787234042542,1.1653247149837123,0.6728420195439764,0.01308843537414961,0.0,0.0,0.01443010164466719,0.0,0.0,0.5319148936170213,0.0,0.0,0.5488853827361564,0.0,0.0,0.0,0.0
5342,42,1.017619047619048,0.6190476190476124,1.1635524033064586,0.6721093989182594,0.01295544104274004,0.0,0.0,0.01442865115431488,0.0,0.0,0.4642857142857143,0.0,0.0,0.5478875395448515,0.0,0.0,0.0,0.0
5343,45,0.791777777777778,0.5111111111111192,1.1613887185775584,0.6706519517678344,0.01146765368522675,0.0,0.0,0.014401029391640197,0.0,0.0,0.3277777777777778,0.0,0.0,0.5472613938279174,0.0,0.0,0.0,0.0
5344,44,1.4161363636363642,0.7272727272727554,1.1623319027181676,0.6710606989576976,0.017151114781172587,0.0,0.0,0.01439842124184166,0.0,0.0,0.6647727272727273,0.0,0.0,0.5474913141222154,0.0,0.0,0.0,0.0
5345,54,1.2161111111111116,0.7037037037037073,1.1625511247443747,0.6713701431492873,0.014448844884488872,0.0,0.0,0.014403812216778989,0.0,0.0,0.5509259259259259,0.0,0.0,0.5475204498977505,0.0,0.0,0.0,0.0
5346,48,1.2912500000000005,0.5625000000000161,1.1623906377759592,0.6699713818479179,0.01589638368812486,0.0,0.0,0.01440282412537598,0.0,0.0,0.7239583333333334,0.0,0.0,0.5482931316434996,0.0,0.0,0.0,0.0
5347,46,1.3567391304347831,0.9565217391304641,1.1634179028132978,0.6702813299232769,0.017476897227667904,0.0,0.0,0.014408587573484708,0.0,0.0,0.5,0.0,0.0,0.5487723785166241,0.0,0.0,0.0,0.0
5348,49,1.0865306122448983,0.6326530612244928,1.1628116683725678,0.6697031729785089,0.013658286300667401,0.0,0.0,0.014419710683537763,0.0,0.0,0.46938775510204084,0.0,0.0,0.5484135107471853,0.0,0.0,0.0,0.0
5349,48,1.129791666666667,0.6250000000000161,1.1621231965619552,0.6692929499641904,0.016568897036357857,0.0,0.0,0.014422444674996173,0.0,0.0,0.5833333333333334,0.0,0.0,0.5482707459326717,0.0,0.0,0.0,0.0
5350,49,1.276122448979592,0.8163265306122782,1.161879860826851,0.6707941056078627,0.010349222111883867,0.0,0.0,0.014390629396510443,0.0,0.0,0.5918367346938775,0.0,0.0,0.5476616864510847,0.0,0.0,0.0,0.0
5351,48,1.0931250000000006,0.7916666666666603,1.160999078718394,0.6703859146279081,0.012345882352941592,0.0,0.0,0.014370897848508677,0.0,0.0,0.390625,0.0,0.0,0.5470877264817279,0.0,0.0,0.0,0.0
5352,46,1.1060869565217395,0.5652173913043338,1.1605595335515537,0.6703150572831457,0.012427943331704938,0.0,0.0,0.014347608906784312,0.0,0.0,0.6195652173913043,0.0,0.0,0.5469517184942717,0.0,0.0,0.0,0.0
5353,64,1.1132812500000004,0.6562499999999846,1.16036206017338,0.670780214176444,0.014853033145716215,0.0,0.0,0.01436156918385073,0.0,0.0,0.5546875,0.0,0.0,0.5466598674145844,0.0,0.0,0.0,0.0
5354,52,1.3186538461538466,0.8076923076922774,1.1608117742921154,0.6719291097983328,0.013771841735288032,0.0,0.0,0.014350263349748383,0.0,0.0,0.5865384615384616,0.0,0.0,0.5464453045426767,0.0,0.0,0.0,0.0
5355,47,1.5302127659574474,0.936170212765993,1.162691446028512,0.673421588594708,0.02217016029593131,0.0,0.0,0.01438379962307129,0.0,0.0,0.648936170212766,0.0,0.0,0.5467158859470469,0.0,0.0,0.0,0.0
5356,43,1.4062790697674425,0.83720930232566,1.1628334351455902,0.6736917124821865,0.014853844264309435,0.0,0.0,0.014357791072319792,0.0,0.0,0.622093023255814,0.0,0.0,0.5466809203828141,0.0,0.0,0.0,0.0
5357,54,1.14462962962963,0.629629629629668,1.1622502543234985,0.6733468972533101,0.011941653786708452,0.0,0.0,0.014334851939076791,0.0,0.0,0.5324074074074074,0.0,0.0,0.5467192268565615,0.0,0.0,0.0,0.0
5358,42,1.0888095238095243,0.6666666666666989,1.1624024452368813,0.6745797249108547,0.011369965191446866,0.0,0.0,0.01431519327866058,0.0,0.0,0.4523809523809524,0.0,0.0,0.5458991339786041,0.0,0.0,0.0,0.0
5359,48,1.0985416666666672,0.3749999999999873,1.1635763747454166,0.6730142566191485,0.015009962994591322,0.0,0.0,0.01434301516229901,0.0,0.0,0.65625,0.0,0.0,0.5475050916496945,0.0,0.0,0.0,0.0
5360,52,1.2032692307692312,0.5576923076923396,1.1641372289524576,0.6729105161356044,0.014308255202378706,0.0,0.0,0.014335471998034362,0.0,0.0,0.6730769230769231,0.0,0.0,0.5478977908989108,0.0,0.0,0.0,0.0
5361,51,1.4329411764705888,0.8627450980392157,1.1662424982199158,0.6739904384091183,0.020556962025316105,0.0,0.0,0.014377851347453724,0.0,0.0,0.6470588235294118,0.0,0.0,0.5487234258976706,0.0,0.0,0.0,0.0
5362,50,1.2360000000000004,0.7600000000000097,1.1673849287169034,0.6757637474541796,0.011976744186047023,0.0,0.0,0.014357018065687753,0.0,0.0,0.515,0.0,0.0,0.5483961303462321,0.0,0.0,0.0,0.0
5363,47,1.097021276595745,0.6170212765957523,1.1676912874923475,0.6754743929810284,0.014614512471654769,0.0,0.0,0.014397228155181074,0.0,0.0,0.5531914893617021,0.0,0.0,0.5487400530503979,0.0,0.0,0.0,0.0
5364,53,1.0875471698113213,0.7547169811320756,1.1664050219454924,0.6765336327447218,0.012435814455232199,0.0,0.0,0.014362470683756637,0.0,0.0,0.419811320754717,0.0,0.0,0.5473104011432071,0.0,0.0,0.0,0.0
5365,49,1.198775510204082,1.0204081632653643,1.1677243491577325,0.678101071975502,0.013969084423306265,0.0,0.0,0.014369820745661902,0.0,0.0,0.4489795918367347,0.0,0.0,0.5479070954568658,0.0,0.0,0.0,0.0
5366,58,0.9429310344827592,0.5862068965517028,1.1662454062882799,0.6772151898734219,0.014257038581855569,0.0,0.0,0.014343517536205535,0.0,0.0,0.41810344827586204,0.0,0.0,0.5469324213964883,0.0,0.0,0.0,0.0
5367,54,1.4150000000000007,0.8888888888889039,1.1676745845651944,0.6790702416148477,0.018179871520341846,0.0,0.0,0.014365363752092991,0.0,0.0,0.6203703703703703,0.0,0.0,0.5471760627994698,0.0,0.0,0.0,0.0
5368,51,1.4852941176470593,0.9803921568627825,1.1698472505091642,0.682382892057031,0.02081615828524306,0.0,0.0,0.014400105294165605,0.0,0.0,0.5882352941176471,0.0,0.0,0.5470213849287169,0.0,0.0,0.0,0.0
5369,44,1.3875000000000004,1.0454545454545525,1.1706940769387333,0.6850193364543093,0.013180051813471589,0.0,0.0,0.014392470979188127,0.0,0.0,0.5227272727272727,0.0,0.0,0.546280276816609,0.0,0.0,0.0,0.0
5370,51,1.0894117647058827,0.6470588235293765,1.1694718632339463,0.6842373053831325,0.013119244391972325,0.0,0.0,0.014375113357057571,0.0,0.0,0.5686274509803921,0.0,0.0,0.5461738068586547,0.0,0.0,0.0,0.0
5371,43,1.199069767441861,0.9302325581394929,1.1688956743002534,0.6839694656488591,0.013136305732483445,0.0,0.0,0.014365627767576175,0.0,0.0,0.5232558139534884,0.0,0.0,0.5461832061068702,0.0,0.0,0.0,0.0
5372,49,1.1359183673469393,0.7346938775510206,1.1694334046672774,0.6852134923061286,0.02016666666666606,0.0,0.0,0.01440253269409376,0.0,0.0,0.576530612244898,0.0,0.0,0.5463670640986447,0.0,0.0,0.0,0.0
5373,50,1.1930000000000005,0.7999999999999978,1.1703192574459396,0.6855365157078784,0.012825198881961323,0.0,0.0,0.014408813205995224,0.0,0.0,0.455,0.0,0.0,0.5467156262749898,0.0,0.0,0.0,0.0
5374,44,1.3006818181818187,1.1136363636363895,1.1710279706002442,0.686708860759498,0.013763828763829141,0.0,0.0,0.014407981582123745,0.0,0.0,0.3977272727272727,0.0,0.0,0.5463199265006125,0.0,0.0,0.0,0.0
5375,44,1.2209090909090914,0.5454545454545378,1.1712298428250656,0.685650132680143,0.014429223744292653,0.0,0.0,0.014403331074127107,0.0,0.0,0.6477272727272727,0.0,0.0,0.547024903041437,0.0,0.0,0.0,0.0
5376,45,1.1126666666666671,0.7999999999999957,1.1707853136155013,0.6861805201427885,0.017331256490135193,0.0,0.0,0.014407047681918108,0.0,0.0,0.43333333333333335,0.0,0.0,0.5462264150943397,0.0,0.0,0.0,0.0
5377,46,1.5376086956521746,0.8695652173912284,1.172584853735602,0.6869839975537699,0.014317813765182083,0.0,0.0,0.014422220104955195,0.0,0.0,0.6847826086956522,0.0,0.0,0.5466568137804505,0.0,0.0,0.0,0.0
5378,49,1.1226530612244905,0.775510204081637,1.172034019148502,0.6873090242411932,0.026095825426945773,0.0,0.0,0.014473232074218712,0.0,0.0,0.4744897959183674,0.0,0.0,0.5464453045426767,0.0,0.0,0.0,0.0
5379,56,1.2425000000000008,0.8571428571428302,1.173461303462321,0.6894093686354413,0.014886606760805395,0.0,0.0,0.014490801928017537,0.0,0.0,0.42857142857142855,0.0,0.0,0.5458757637474542,0.0,0.0,0.0,0.0
5380,41,1.2797560975609763,0.8292682926829316,1.1748838157358326,0.6892580513656781,0.014211809317443055,0.0,0.0,0.014512297981514679,0.0,0.0,0.5304878048780488,0.0,0.0,0.546804932735426,0.0,0.0,0.0,0.0
5381,64,1.1496875000000004,0.4687500000000023,1.174493696624643,0.6881862545750339,0.011536531828159797,0.0,0.0,0.014485740367349854,0.0,0.0,0.6875,0.0,0.0,0.5473515656771045,0.0,0.0,0.0,0.0
5382,50,1.2696000000000005,0.7199999999999959,1.175583333333332,0.6890243902439058,0.014310189359783915,0.0,0.0,0.014480617593194212,0.0,0.0,0.575,0.0,0.0,0.547510162601626,0.0,0.0,0.0,0.0
5383,46,1.4126086956521746,0.9130434782608952,1.175813409299012,0.6902024621019469,0.01529301012002824,0.0,0.0,0.014498150264507837,0.0,0.0,0.5815217391304348,0.0,0.0,0.5466476752467189,0.0,0.0,0.0,0.0
5384,53,1.315660377358491,0.6792452830188676,1.1761530633014439,0.6902096478729935,0.01206401384083101,0.0,0.0,0.014481126224054484,0.0,0.0,0.6698113207547169,0.0,0.0,0.5468654589863627,0.0,0.0,0.0,0.0
5385,44,1.3784090909090914,0.9090909090908936,1.1782485243232228,0.6918379808670907,0.017954410894019616,0.0,0.0,0.01450545388938871,0.0,0.0,0.5397727272727273,0.0,0.0,0.5471962141257887,0.0,0.0,0.0,0.0
5386,48,1.341666666666667,0.8333333333333431,1.180806878306877,0.6935286935286971,0.013781296811469708,0.0,0.0,0.014507191735442194,0.0,0.0,0.5729166666666666,0.0,0.0,0.5482549857549858,0.0,0.0,0.0,0.0
5387,48,0.9075000000000003,0.5416666666666773,1.178972609713877,0.692597495163429,0.010920030082727518,0.0,0.0,0.014465767971814848,0.0,0.0,0.5208333333333334,0.0,0.0,0.5480602789939925,0.0,0.0,0.0,0.0
5388,58,1.1937931034482765,0.8793103448276111,1.1800294985250723,0.6941308107008483,0.012784342688330928,0.0,0.0,0.01446503340423998,0.0,0.0,0.41379310344827586,0.0,0.0,0.5478588139558539,0.0,0.0,0.0,0.0
5389,46,1.2182608695652177,0.6304347826087252,1.1799389437264665,0.6939045486923822,0.011733668341708728,0.0,0.0,0.014438217147411,0.0,0.0,0.6304347826086957,0.0,0.0,0.5479546148366745,0.0,0.0,0.0,0.0
5390,59,1.3574576271186447,0.6440677966101783,1.180393612693245,0.6935516680227868,0.01607587314331534,0.0,0.0,0.014468100225268784,0.0,0.0,0.6610169491525424,0.0,0.0,0.5482353539462979,0.0,0.0,0.0,0.0
5391,45,1.038444444444445,0.5333333333333343,1.1798127988605134,0.6919320378471909,0.0134513529073115,0.0,0.0,0.014476854146354285,0.0,0.0,0.5555555555555556,0.0,0.0,0.5489368196154237,0.0,0.0,0.0,0.0
5392,34,1.290588235294118,0.6764705882352953,1.1798747454175136,0.6925661914460325,0.0157163323782239,0.0,0.0,0.014457661592213658,0.0,0.0,0.6176470588235294,0.0,0.0,0.5485743380855397,0.0,0.0,0.0,0.0
5393,43,1.3386046511627911,0.8372093023255552,1.1804974008765654,0.6929976556925939,0.016964338343648692,0.0,0.0,0.014467938924622685,0.0,0.0,0.6046511627906976,0.0,0.0,0.5489246763836511,0.0,0.0,0.0,0.0
5394,54,1.1277777777777782,0.7962962962963108,1.1806286296484956,0.6950585838003096,0.014597315436241834,0.0,0.0,0.014473258892885725,0.0,0.0,0.4444444444444444,0.0,0.0,0.5478349465104432,0.0,0.0,0.0,0.0
5395,47,1.231702127659575,0.6808510638297957,1.1808091011121298,0.6946229976533047,0.012057904603207728,0.0,0.0,0.014458074107388284,0.0,0.0,0.574468085106383,0.0,0.0,0.548132843587389,0.0,0.0,0.0,0.0
5396,55,0.9060000000000004,0.6181818181818273,1.1787094470516206,0.6949602122015958,0.011981245491704566,0.0,0.0,0.014446742399139756,0.0,0.0,0.39545454545454545,0.0,0.0,0.5464190981432361,0.0,0.0,0.0,0.0
5397,42,1.0607142857142862,0.6666666666666662,1.1779084499846721,0.6950035761724778,0.010945945945946733,0.0,0.0,0.0144375063400999,0.0,0.0,0.4166666666666667,0.0,0.0,0.5459282721978135,0.0,0.0,0.0,0.0
5398,49,0.8926530612244903,0.6122448979591683,1.1774767501277452,0.694328053142569,0.010481667864845839,0.0,0.0,0.014437619278545744,0.0,0.0,0.35714285714285715,0.0,0.0,0.5459121103730199,0.0,0.0,0.0,0.0
5399,65,1.2476923076923085,0.7999999999999511,1.177035334967319,0.6952614379085,0.013708586883029162,0.0,0.0,0.014404913818207757,0.0,0.0,0.5,0.0,0.0,0.5447303921568627,0.0,0.0,0.0,0.0
5400,49,1.2869387755102046,0.7142857142857304,1.1780539105574828,0.6949152542372916,0.015328147788041882,0.0,0.0,0.014406891617354943,0.0,0.0,0.5918367346938775,0.0,0.0,0.5451807228915663,0.0,0.0,0.0,0.0
5401,46,1.0376086956521744,0.630434782608684,1.1766292364230284,0.6941608819926532,0.014654590113601656,0.0,0.0,0.014376591854196794,0.0,0.0,0.5,0.0,0.0,0.5447376480195998,0.0,0.0,0.0,0.0
5402,56,1.132678571428572,0.5714285714285631,1.1760112073357092,0.6926133469179857,0.01611125222250461,0.0,0.0,0.014385588177010864,0.0,0.0,0.5625,0.0,0.0,0.5451349974528783,0.0,0.0,0.0,0.0
5403,57,1.1066666666666674,0.6666666666666464,1.1756641221374033,0.6921119592875348,0.013757906215922032,0.0,0.0,0.014386205264567272,0.0,0.0,0.4824561403508772,0.0,0.0,0.545089058524173,0.0,0.0,0.0,0.0
5404,62,1.0741935483870975,0.612903225806451,1.1753528574333931,0.6908684157006334,0.014490861618798388,0.0,0.0,0.014389997335743646,0.0,0.0,0.41935483870967744,0.0,0.0,0.5452003254016676,0.0,0.0,0.0,0.0
5405,44,1.5240909090909094,0.8181818181818339,1.177932051673277,0.6935204963889767,0.0157343969967162,0.0,0.0,0.014402274963093452,0.0,0.0,0.7386363636363636,0.0,0.0,0.5455701352863391,0.0,0.0,0.0,0.0
5406,41,1.0426829268292686,0.7804878048780717,1.177244046407489,0.6940769387339739,0.019837587006960724,0.0,0.0,0.014410378621872728,0.0,0.0,0.3902439024390244,0.0,0.0,0.5448809281498066,0.0,0.0,0.0,0.0
5407,41,1.3143902439024393,0.8292682926829548,1.1786851493221877,0.6959535215574383,0.014436110366997768,0.0,0.0,0.014409458041653112,0.0,0.0,0.5487804878048781,0.0,0.0,0.5445418407909489,0.0,0.0,0.0,0.0
5408,39,1.3002564102564107,0.6923076923076823,1.177858818728959,0.6958074058961571,0.010893662728249029,0.0,0.0,0.01436263107484487,0.0,0.0,0.717948717948718,0.0,0.0,0.5441191471998368,0.0,0.0,0.0,0.0
5409,33,0.9560606060606063,0.48484848484847654,1.1786156834679464,0.6962478274205119,0.013228511530398482,0.0,0.0,0.014383853406982587,0.0,0.0,0.5303030303030303,0.0,0.0,0.5442695020959002,0.0,0.0,0.0,0.0
5410,43,1.2262790697674424,0.6279069767442043,1.1805579443079426,0.6974815724815755,0.015964274901605263,0.0,0.0,0.014413675611085338,0.0,0.0,0.6046511627906976,0.0,0.0,0.5448914823914824,0.0,0.0,0.0,0.0
5411,40,1.5310000000000008,0.6999999999999962,1.1820928564107802,0.6970380239827848,0.024398406374501674,0.0,0.0,0.01444360401336458,0.0,0.0,0.825,0.0,0.0,0.5464282053910013,0.0,0.0,0.0,0.0
5412,44,1.1072727272727276,0.7272727272727273,1.183193191140277,0.6980106644790844,0.013935926773455135,0.0,0.0,0.014459508738864221,0.0,0.0,0.48863636363636365,0.0,0.0,0.5466570959803118,0.0,0.0,0.0,0.0
5413,42,1.4500000000000006,1.0000000000000264,1.184177941779416,0.6997744977449808,0.0167169914905309,0.0,0.0,0.014454257577861831,0.0,0.0,0.5714285714285714,0.0,0.0,0.5464842148421484,0.0,0.0,0.0,0.0
5414,65,1.0272307692307698,0.7999999999999575,1.183214651115202,0.7009412727644804,0.014604111986001445,0.0,0.0,0.014476608454329184,0.0,0.0,0.3384615384615385,0.0,0.0,0.5444546756701453,0.0,0.0,0.0,0.0
5415,50,1.0850000000000006,0.5599999999999976,1.1817820971866992,0.6990281329923305,0.014614762931033736,0.0,0.0,0.01447284381072422,0.0,0.0,0.53,0.0,0.0,0.5445524296675192,0.0,0.0,0.0,0.0
5416,52,1.1892307692307698,0.7307692307692543,1.1809422958870461,0.6988950276243128,0.017478801582815662,0.0,0.0,0.014491162830405253,0.0,0.0,0.5336538461538461,0.0,0.0,0.5442756292203806,0.0,0.0,0.0,0.0
5417,49,1.1206122448979596,0.6938775510203922,1.1821385449708368,0.7003990586309253,0.013706939590613577,0.0,0.0,0.014486189078406778,0.0,0.0,0.5102040816326531,0.0,0.0,0.544535966438146,0.0,0.0,0.0,0.0
5418,39,1.1597435897435902,0.512820512820526,1.181352320458968,0.7002356315951269,0.016358047016275204,0.0,0.0,0.014463385540854006,0.0,0.0,0.5641025641025641,0.0,0.0,0.5438223542669809,0.0,0.0,0.0,0.0
5419,41,1.1539024390243908,0.5365853658536471,1.181156253206113,0.6991894942033478,0.018064146620847443,0.0,0.0,0.01447892627308256,0.0,0.0,0.676829268292683,0.0,0.0,0.5446804144865087,0.0,0.0,0.0,0.0
5420,60,1.0156666666666674,0.73333333333334,1.1819149154279844,0.7006663249615612,0.01582857142857127,0.0,0.0,0.01447483195777671,0.0,0.0,0.35,0.0,0.0,0.5439774474628396,0.0,0.0,0.0,0.0
5421,51,1.2723529411764711,0.705882352941215,1.1821419791026415,0.700163900839995,0.015059178463680843,0.0,0.0,0.014465482359488937,0.0,0.0,0.6372549019607843,0.0,0.0,0.5444068838352797,0.0,0.0,0.0,0.0
5422,51,1.0570588235294123,0.5490196078431531,1.1815376729882099,0.6988211173757082,0.01668523676880278,0.0,0.0,0.014478045961851352,0.0,0.0,0.5294117647058824,0.0,0.0,0.5448487954894926,0.0,0.0,0.0,0.0
5423,49,0.8300000000000006,0.5714285714285747,1.1795242977240092,0.6980725856059087,0.01362022772940375,0.0,0.0,0.014472581535856717,0.0,0.0,0.3112244897959184,0.0,0.0,0.5437769120360878,0.0,0.0,0.0,0.0
5424,50,0.9568000000000005,0.4400000000000039,1.1778006556033584,0.6958615037902106,0.018093797276852935,0.0,0.0,0.014477745752446347,0.0,0.0,0.445,0.0,0.0,0.5431007990165949,0.0,0.0,0.0,0.0
5425,40,0.9475000000000005,0.6000000000000151,1.1763514206585275,0.6951482203302939,0.014921259842519692,0.0,0.0,0.01448046102116092,0.0,0.0,0.4625,0.0,0.0,0.5426197558723972,0.0,0.0,0.0,0.0
5426,34,0.9376470588235297,0.7647058823529228,1.1757227987259824,0.6954690229117472,0.020164452877924996,0.0,0.0,0.014500088065089659,0.0,0.0,0.3235294117647059,0.0,0.0,0.54179081475393,0.0,0.0,0.0,0.0
5427,42,1.3626190476190483,0.9523809523809449,1.1778109912686168,0.6969696969697006,0.01766903365236147,0.0,0.0,0.014518487472633831,0.0,0.0,0.5357142857142857,0.0,0.0,0.5423472008217771,0.0,0.0,0.0,0.0
5428,58,1.2315517241379317,0.7241379310344971,1.177927530281255,0.6971874358447994,0.017409212771143264,0.0,0.0,0.01453531556134281,0.0,0.0,0.5603448275862069,0.0,0.0,0.5422141244097721,0.0,0.0,0.0,0.0
5429,46,0.9291304347826091,0.4782608695652388,1.1762104722792595,0.6946611909650964,0.011214904224613178,0.0,0.0,0.014511423530052615,0.0,0.0,0.42391304347826086,0.0,0.0,0.5416837782340862,0.0,0.0,0.0,0.0
5430,48,0.9041666666666671,0.6666666666666691,1.1747900195091885,0.694424478899275,0.01462756993596252,0.0,0.0,0.014518672299213683,0.0,0.0,0.375,0.0,0.0,0.5410206386692679,0.0,0.0,0.0,0.0
5431,53,1.2879245283018874,0.7924528301886818,1.176358879655277,0.6952908587257659,0.02845352230095826,0.0,0.0,0.014564400579224208,0.0,0.0,0.6415094339622641,0.0,0.0,0.5422181183954037,0.0,0.0,0.0,0.0
5432,50,1.0848000000000007,0.7600000000000081,1.1747999999999987,0.6943589743589784,0.01564916330063462,0.0,0.0,0.014561895971746607,0.0,0.0,0.44,0.0,0.0,0.5418461538461539,0.0,0.0,0.0,0.0
5433,50,1.1116000000000004,0.5999999999999935,1.1746060730406225,0.6939885104636889,0.021352285824049008,0.0,0.0,0.014579581816491839,0.0,0.0,0.56,0.0,0.0,0.5420855560114896,0.0,0.0,0.0,0.0
5434,42,1.0988095238095243,0.8571428571428482,1.1731353406638567,0.6931456170999936,0.015311877903118625,0.0,0.0,0.01456361882794805,0.0,0.0,0.3630952380952381,0.0,0.0,0.541259891069777,0.0,0.0,0.0,0.0
5435,65,1.1860000000000004,0.6307692307692293,1.1754563186531146,0.694281901242176,0.017131111111110518,0.0,0.0,0.014588277263548222,0.0,0.0,0.6153846153846154,0.0,0.0,0.5425520993737809,0.0,0.0,0.0,0.0
5436,57,1.1770175438596497,0.7719298245613949,1.175606853390786,0.6950856673848401,0.01887201125175813,0.0,0.0,0.014601457770528629,0.0,0.0,0.4824561403508772,0.0,0.0,0.5418077357135529,0.0,0.0,0.0,0.0
5437,51,1.341568627450981,0.8235294117646944,1.1766088829623542,0.6957636680685235,0.017729981860585487,0.0,0.0,0.01463101544254301,0.0,0.0,0.5588235294117647,0.0,0.0,0.5420299517899272,0.0,0.0,0.0,0.0
5438,39,1.0828205128205133,0.5641025641025622,1.1751194504255091,0.6948631190402987,0.017909245122985168,0.0,0.0,0.014618266232151234,0.0,0.0,0.5256410256410257,0.0,0.0,0.5411924536040192,0.0,0.0,0.0,0.0
5439,45,0.9942222222222226,0.8888888888888674,1.175648110106819,0.6986442070665606,0.016239564428312047,0.0,0.0,0.014635621784183612,0.0,0.0,0.26666666666666666,0.0,0.0,0.5394155710764175,0.0,0.0,0.0,0.0
5440,54,1.1375925925925932,0.6666666666666529,1.1745672928857396,0.6968483728569995,0.01894818013571871,0.0,0.0,0.014636619372368778,0.0,0.0,0.5092592592592593,0.0,0.0,0.5396519864490299,0.0,0.0,0.0,0.0
5441,48,1.4733333333333336,0.7916666666666292,1.1761075136190762,0.6963716723198714,0.0148197820620294,0.0,0.0,0.01463234823974738,0.0,0.0,0.6770833333333334,0.0,0.0,0.5407030527289547,0.0,0.0,0.0,0.0
5442,36,1.2700000000000005,0.7777777777777639,1.1760164693772508,0.6971693257848716,0.017097980553478314,0.0,0.0,0.014630966681094938,0.0,0.0,0.4583333333333333,0.0,0.0,0.5398353062274833,0.0,0.0,0.0,0.0
5443,49,1.294081632653062,0.5714285714285732,1.1758793866419668,0.6962025316455726,0.0171008629989215,0.0,0.0,0.014652087271197859,0.0,0.0,0.673469387755102,0.0,0.0,0.5401358443964186,0.0,0.0,0.0,0.0
5444,44,0.9959090909090914,0.6136363636363844,1.1750344898589509,0.6965921960259476,0.019694382022472336,0.0,0.0,0.014665038233068235,0.0,0.0,0.4375,0.0,0.0,0.5392000411819211,0.0,0.0,0.0,0.0
5445,46,1.2604347826086961,0.565217391304348,1.175079822844782,0.6946132454423759,0.017559055118110744,0.0,0.0,0.014670554348245466,0.0,0.0,0.6902173913043478,0.0,0.0,0.5405809043155835,0.0,0.0,0.0,0.0
5446,48,1.0741666666666672,0.7083333333333272,1.1738310817778685,0.6934103330927118,0.014979662986635913,0.0,0.0,0.014643140160754235,0.0,0.0,0.4583333333333333,0.0,0.0,0.5399092502835928,0.0,0.0,0.0,0.0
5447,39,0.9800000000000003,0.4102564102564084,1.1734962289492703,0.6909804731893818,0.016229299363057347,0.0,0.0,0.014644098083986964,0.0,0.0,0.5769230769230769,0.0,0.0,0.5412232668664119,0.0,0.0,0.0,0.0
5448,33,1.2442424242424248,0.9090909090909185,1.173727376150583,0.6916951080773633,0.01720150816925027,0.0,0.0,0.014636341008250182,0.0,0.0,0.5606060606060606,0.0,0.0,0.5416795945806184,0.0,0.0,0.0,0.0
5449,50,1.2646000000000004,0.6799999999999912,1.1736555360281182,0.6918225989868734,0.019137409200968222,0.0,0.0,0.0146413486873075,0.0,0.0,0.62,0.0,0.0,0.5416106688721183,0.0,0.0,0.0,0.0
5450,59,1.1198305084745768,0.7457627118644112,1.173203512396693,0.6916322314049612,0.014672440595159741,0.0,0.0,0.014639183364098618,0.0,0.0,0.5169491525423728,0.0,0.0,0.5416838842975207,0.0,0.0,0.0,0.0
5451,51,1.3678431372549027,0.6274509803921506,1.1729788332472888,0.6908621579762545,0.02820865345734041,0.0,0.0,0.01467119188663195,0.0,0.0,0.7450980392156863,0.0,0.0,0.5417656169334022,0.0,0.0,0.0,0.0
5452,63,1.0966666666666671,0.7936507936507926,1.1719381761978351,0.6911901081916563,0.02006097560975654,0.0,0.0,0.014673247936795114,0.0,0.0,0.42857142857142855,0.0,0.0,0.5408552292632663,0.0,0.0,0.0,0.0
5453,49,1.1173469387755108,0.7755102040816435,1.1731736711990104,0.6924186238154125,0.015383534700758487,0.0,0.0,0.014680435572810806,0.0,0.0,0.4387755102040816,0.0,0.0,0.5410486196950969,0.0,0.0,0.0,0.0
5454,52,1.419807692307693,0.8461538461538661,1.1742943901183727,0.6927431806484844,0.01822512959763042,0.0,0.0,0.014693520861910265,0.0,0.0,0.6105769230769231,0.0,0.0,0.5415594441585178,0.0,0.0,0.0,0.0
5455,46,1.5195652173913048,0.956521739130468,1.1749180834621324,0.6932509015971176,0.017863531817020883,0.0,0.0,0.014699369230352827,0.0,0.0,0.6195652173913043,0.0,0.0,0.5418598660484286,0.0,0.0,0.0,0.0
5456,47,1.2706382978723407,0.4893617021276787,1.1761176349402547,0.6927276473011978,0.012698277695088635,0.0,0.0,0.014711699523257394,0.0,0.0,0.7872340425531915,0.0,0.0,0.54323753605274,0.0,0.0,0.0,0.0
5457,49,1.460816326530613,0.7755102040816589,1.178551575046324,0.693432159769408,0.021737017916792858,0.0,0.0,0.014759414751872977,0.0,0.0,0.7346938775510204,0.0,0.0,0.5447035206917851,0.0,0.0,0.0,0.0
5458,44,1.3272727272727278,0.863636363636412,1.180674492843167,0.6957059005251808,0.017211906867080146,0.0,0.0,0.014774615381641749,0.0,0.0,0.5681818181818182,0.0,0.0,0.5448975388734425,0.0,0.0,0.0,0.0
5459,37,1.118648648648649,0.5945945945945929,1.1803697981046553,0.6950968273588823,0.021557291666666582,0.0,0.0,0.014793117648805495,0.0,0.0,0.6081081081081081,0.0,0.0,0.5450659250103008,0.0,0.0,0.0,0.0
5460,39,1.2661538461538464,0.769230769230791,1.1806485204660266,0.6948138983400385,0.018563909774437427,0.0,0.0,0.014814832543932482,0.0,0.0,0.5641025641025641,0.0,0.0,0.545649035983091,0.0,0.0,0.0,0.0
5461,57,1.1214035087719305,0.6666666666666694,1.1803912282507973,0.6948419643776415,0.016759307813319815,0.0,0.0,0.0148384165991516,0.0,0.0,0.6052631578947368,0.0,0.0,0.5459950581694636,0.0,0.0,0.0,0.0
5462,47,0.7427659574468088,0.4255319148936258,1.1790767805681344,0.6942157266364792,0.015782097649185953,0.0,0.0,0.014865430206801962,0.0,0.0,0.3723404255319149,0.0,0.0,0.5452861259777686,0.0,0.0,0.0,0.0
5463,41,1.1053658536585371,0.4390243902438963,1.179537304204451,0.6934253915910998,0.027651006711409486,0.0,0.0,0.01488568708693253,0.0,0.0,0.6890243902439024,0.0,0.0,0.546166529266282,0.0,0.0,0.0,0.0
5464,42,1.3035714285714293,0.761904761904745,1.1789340625322458,0.694149210607784,0.02749874434957279,0.0,0.0,0.014903612854750186,0.0,0.0,0.5833333333333334,0.0,0.0,0.5451449798782375,0.0,0.0,0.0,0.0
5465,47,1.1576595744680855,0.5957446808510565,1.178830940824124,0.6938965196736584,0.020340186915887837,0.0,0.0,0.01492639857099341,0.0,0.0,0.5425531914893617,0.0,0.0,0.5451048228854694,0.0,0.0,0.0,0.0
5466,40,1.1142500000000006,0.7999999999999897,1.1785433884297516,0.6944214876033092,0.016850661625708696,0.0,0.0,0.01491715885807245,0.0,0.0,0.425,0.0,0.0,0.5442923553719008,0.0,0.0,0.0,0.0
5467,57,1.183157894736843,0.8070175438596396,1.1785271638091297,0.6941747572815569,0.021048689138576566,0.0,0.0,0.014962804439076872,0.0,0.0,0.4473684210526316,0.0,0.0,0.5440249948357777,0.0,0.0,0.0,0.0
5468,55,1.1830909090909094,0.6909090909090888,1.1780683108038381,0.6943555876586558,0.014247865119334024,0.0,0.0,0.014945619730847867,0.0,0.0,0.5272727272727272,0.0,0.0,0.5436745433907749,0.0,0.0,0.0,0.0
5469,41,1.1663414634146347,0.6829268292682716,1.1782021660649815,0.6946879834966512,0.01797068771138761,0.0,0.0,0.014948692949452082,0.0,0.0,0.5182926829268293,0.0,0.0,0.5436049510056731,0.0,0.0,0.0,0.0
5470,41,1.0743902439024395,0.5365853658536726,1.178600763595088,0.6945619647095279,0.014509222661396256,0.0,0.0,0.014958170941245588,0.0,0.0,0.5365853658536586,0.0,0.0,0.5437777319162109,0.0,0.0,0.0,0.0
5471,54,1.1388888888888893,0.4444444444444581,1.1787934412704957,0.6939259564813898,0.014758819294456615,0.0,0.0,0.01496791866793081,0.0,0.0,0.6342592592592593,0.0,0.0,0.5442404867484789,0.0,0.0,0.0,0.0
5472,46,1.24108695652174,0.782608695652206,1.1792557468302232,0.6946706525100546,0.01886649041639173,0.0,0.0,0.014993925079917732,0.0,0.0,0.4673913043478261,0.0,0.0,0.5438614575816926,0.0,0.0,0.0,0.0
5473,43,0.8893023255813959,0.8372093023255943,1.1765357253325082,0.6951232085782081,0.013541076487252331,0.0,0.0,0.014960864674370586,0.0,0.0,0.20930232558139536,0.0,0.0,0.5416280028868956,0.0,0.0,0.0,0.0
5474,45,1.0682222222222226,0.6666666666666811,1.1766556598906197,0.6948715302858365,0.018091832894241582,0.0,0.0,0.014980294220426313,0.0,0.0,0.4666666666666667,0.0,0.0,0.5419977298524404,0.0,0.0,0.0,0.0
5475,60,1.4281666666666673,0.9000000000000116,1.1773065430190621,0.6967542503864033,0.022119256582344475,0.0,0.0,0.01499786040381934,0.0,0.0,0.5625,0.0,0.0,0.5413961875321999,0.0,0.0,0.0,0.0
5476,56,1.3553571428571431,0.6785714285714398,1.1786617253448628,0.6975499279390616,0.017246080436265347,0.0,0.0,0.015002542021982035,0.0,0.0,0.6964285714285714,0.0,0.0,0.5417953469219683,0.0,0.0,0.0,0.0
5477,53,1.0626415094339627,0.6226415094339661,1.1772766526164282,0.6973373085226735,0.01605015673981158,0.0,0.0,0.014994219077959395,0.0,0.0,0.4858490566037736,0.0,0.0,0.5409684383674309,0.0,0.0,0.0,0.0
5478,38,1.1068421052631583,0.5263157894736871,1.1770949490793126,0.6969447587696785,0.01689156626506014,0.0,0.0,0.014998780964165685,0.0,0.0,0.5657894736842105,0.0,0.0,0.5411480300380619,0.0,0.0,0.0,0.0
5479,47,1.2500000000000007,0.9361702127659464,1.1778462012953632,0.6986737945923763,0.01706856478791385,0.0,0.0,0.01503251362606978,0.0,0.0,0.43617021276595747,0.0,0.0,0.5407628251259381,0.0,0.0,0.0,0.0
5480,38,1.0231578947368425,0.526315789473685,1.1779499845631367,0.6987753421838062,0.012199560715406432,0.0,0.0,0.015038785559999466,0.0,0.0,0.5526315789473685,0.0,0.0,0.5411392405063291,0.0,0.0,0.0,0.0
5481,45,1.4575555555555566,1.022222222222233,1.179067517496912,0.7004940304652166,0.02633079084704995,0.0,0.0,0.01506518134129047,0.0,0.0,0.5111111111111111,0.0,0.0,0.5407832441333882,0.0,0.0,0.0,0.0
5482,40,0.8265000000000002,0.40000000000001484,1.1775486661860128,0.6985271397672308,0.010702492716088743,0.0,0.0,0.015049718956915599,0.0,0.0,0.4,0.0,0.0,0.5405551550108147,0.0,0.0,0.0,0.0
5483,55,1.3621818181818188,0.7272727272727454,1.1786457796557765,0.6981345975471553,0.022350835322196633,0.0,0.0,0.015089649385074858,0.0,0.0,0.6181818181818182,0.0,0.0,0.5415335463258786,0.0,0.0,0.0,0.0
5484,43,1.146744186046512,0.46511627906975556,1.1790297968862766,0.6975976904835598,0.015015225334956816,0.0,0.0,0.015121743189509023,0.0,0.0,0.6918604651162791,0.0,0.0,0.5423239509227755,0.0,0.0,0.0,0.0
5485,44,1.001136363636364,0.6363636363636017,1.1784292491749173,0.6971947194719516,0.010413711583923745,0.0,0.0,0.015095053769123148,0.0,0.0,0.42045454545454547,0.0,0.0,0.5421307755775577,0.0,0.0,0.0,0.0
5486,35,0.9854285714285721,0.7999999999999828,1.1777736434108526,0.6972609819121489,0.01942004504504495,0.0,0.0,0.01510382507866751,0.0,0.0,0.2642857142857143,0.0,0.0,0.5413178294573643,0.0,0.0,0.0,0.0
5487,49,1.4402040816326538,0.7755102040816161,1.1779801529873888,0.6962993591068888,0.020105413105412633,0.0,0.0,0.015133436030915604,0.0,0.0,0.6632653061224489,0.0,0.0,0.5420456894769485,0.0,0.0,0.0,0.0
5488,53,1.2720754716981137,0.8301886792452877,1.178159065053263,0.697383390216159,0.018251218191661978,0.0,0.0,0.015148450995280668,0.0,0.0,0.5283018867924528,0.0,0.0,0.5416020270969076,0.0,0.0,0.0,0.0
5489,58,1.2284482758620694,0.5862068965517261,1.178334540188269,0.6982517844212313,0.016182148535088984,0.0,0.0,0.015153739625086394,0.0,0.0,0.646551724137931,0.0,0.0,0.5410934105720493,0.0,0.0,0.0,0.0
5490,50,1.2686000000000006,0.9000000000000079,1.178662874870734,0.6994829369183083,0.02839301700984827,0.0,0.0,0.01521186180534988,0.0,0.0,0.48,0.0,0.0,0.5404601861427094,0.0,0.0,0.0,0.0
5491,43,1.327209302325582,0.8837209302325744,1.1790002069964807,0.6996481059822027,0.024305792163542925,0.0,0.0,0.01525415785104055,0.0,0.0,0.5813953488372093,0.0,0.0,0.5407006830883875,0.0,0.0,0.0,0.0
5492,52,1.0140384615384619,0.7307692307692195,1.1780407783067681,0.6995446077416728,0.011420836040719029,0.0,0.0,0.015237296485398972,0.0,0.0,0.3173076923076923,0.0,0.0,0.5396915752432209,0.0,0.0,0.0,0.0
5493,51,1.3754901960784318,0.8235294117647161,1.1793687260685082,0.7009210390148032,0.01733382752656298,0.0,0.0,0.015254336204058003,0.0,0.0,0.6323529411764706,0.0,0.0,0.5397392114250232,0.0,0.0,0.0,0.0
5494,60,1.390833333333334,0.8666666666667278,1.1816051679586559,0.7016020671834674,0.024522480164559827,0.0,0.0,0.015296959884390048,0.0,0.0,0.625,0.0,0.0,0.541266149870801,0.0,0.0,0.0,0.0
5495,55,1.2343636363636366,0.6727272727272862,1.1807690719521005,0.7000103231134555,0.017960317460317215,0.0,0.0,0.015302924893570978,0.0,0.0,0.6363636363636364,0.0,0.0,0.5418086094766181,0.0,0.0,0.0,0.0
5496,52,1.3186538461538466,0.9038461538461644,1.181334365325077,0.7014447884416968,0.01674481074481188,0.0,0.0,0.015331710041506526,0.0,0.0,0.5673076923076923,0.0,0.0,0.541640866873065,0.0,0.0,0.0,0.0
5497,49,1.1034693877551027,0.5714285714285651,1.1808107271789579,0.7017019082001075,0.016812810945273256,0.0,0.0,0.015324406558676243,0.0,0.0,0.5918367346938775,0.0,0.0,0.5411552346570397,0.0,0.0,0.0,0.0
5498,55,1.3736363636363642,0.7636363636363914,1.1820957095709568,0.7007013201320175,0.016006355932202985,0.0,0.0,0.015334310881827302,0.0,0.0,0.6727272727272727,0.0,0.0,0.5430074257425742,0.0,0.0,0.0,0.0
5499,51,1.18764705882353,0.6666666666666763,1.1810883231990104,0.700608059363088,0.014856512141280424,0.0,0.0,0.015330745233597922,0.0,0.0,0.6078431372549019,0.0,0.0,0.5427702772338452,0.0,0.0,0.0,0.0
5500,42,0.9852380952380957,0.6190476190476009,1.180056683499948,0.700298876636096,0.010234974029185622,0.0,0.0,0.01529948676972255,0.0,0.0,0.4523809523809524,0.0,0.0,0.5422549726888591,0.0,0.0,0.0,0.0
5501,58,1.3936206896551728,0.7931034482758315,1.1811215242018531,0.7010298661174086,0.016748860339826158,0.0,0.0,0.015336881590296742,0.0,0.0,0.6077586206896551,0.0,0.0,0.5425592173017507,0.0,0.0,0.0,0.0
5502,53,1.1235849056603777,0.8301886792452556,1.1802479168809785,0.7017796522991498,0.012253086419753013,0.0,0.0,0.015328673215948677,0.0,0.0,0.49056603773584906,0.0,0.0,0.5415852278572163,0.0,0.0,0.0,0.0
5503,43,1.2830232558139543,0.5581395348837476,1.1810581574884196,0.7024189397838432,0.021129835312140098,0.0,0.0,0.01536785682714955,0.0,0.0,0.6686046511627907,0.0,0.0,0.5414822439526505,0.0,0.0,0.0,0.0
5504,55,1.2983636363636368,0.7999999999999697,1.1819751054418268,0.7049686246270994,0.017349368318755793,0.0,0.0,0.015376353295416593,0.0,0.0,0.5363636363636364,0.0,0.0,0.5406851147001337,0.0,0.0,0.0,0.0
5505,55,1.2149090909090914,0.7454545454545152,1.1821424161350067,0.7050833504836419,0.016968004062975873,0.0,0.0,0.015410926837382629,0.0,0.0,0.6045454545454545,0.0,0.0,0.5410321053714756,0.0,0.0,0.0,0.0
5506,40,1.1202500000000004,0.5999999999999807,1.1821337317123424,0.7053369050072154,0.014464170432537676,0.0,0.0,0.015416497593563545,0.0,0.0,0.58125,0.0,0.0,0.5409025345147331,0.0,0.0,0.0,0.0
5507,53,0.995283018867925,0.7547169811320508,1.1811481824734833,0.7061064771908179,0.01661940768745987,0.0,0.0,0.01541706933839081,0.0,0.0,0.4056603773584906,0.0,0.0,0.5397487385439192,0.0,0.0,0.0,0.0
5508,67,1.2710447761194033,0.8059701492537448,1.1823824225584023,0.7075228980137933,0.015461147421931441,0.0,0.0,0.015431203528602798,0.0,0.0,0.5634328358208955,0.0,0.0,0.5397499228156839,0.0,0.0,0.0,0.0
5509,53,1.5205660377358496,1.0188679245283276,1.1843573119275492,0.7095811464443792,0.023393323657474298,0.0,0.0,0.015477890840817871,0.0,0.0,0.5849056603773585,0.0,0.0,0.5396984666049193,0.0,0.0,0.0,0.0
5510,47,1.2604255319148943,0.8085106382978884,1.18531378600823,0.710390946502061,0.01517418032786886,0.0,0.0,0.015476294420675857,0.0,0.0,0.48936170212765956,0.0,0.0,0.539429012345679,0.0,0.0,0.0,0.0
5511,48,1.2447916666666674,0.645833333333335,1.1862905050920682,0.7102149984569524,0.022023590121636506,0.0,0.0,0.015518386142637652,0.0,0.0,0.6458333333333334,0.0,0.0,0.5406079621438123,0.0,0.0,0.0,0.0
5512,52,1.53673076923077,0.8076923076922936,1.1900771366862073,0.7122287359868387,0.02023550265890068,0.0,0.0,0.015574246431527775,0.0,0.0,0.7307692307692307,0.0,0.0,0.5421423428982824,0.0,0.0,0.0,0.0
5513,45,0.9106666666666672,0.4666666666666644,1.1902386585742202,0.7114494393580939,0.016216857934309763,0.0,0.0,0.01562613613956998,0.0,0.0,0.5055555555555555,0.0,0.0,0.5428711037959058,0.0,0.0,0.0,0.0
5514,50,0.9880000000000004,0.5999999999999857,1.1898386599527278,0.7115404377761823,0.01513016845329299,0.0,0.0,0.01563131739283641,0.0,0.0,0.52,0.0,0.0,0.5428270475798993,0.0,0.0,0.0,0.0
5515,53,1.064528301886793,0.6037735849056711,1.1890976285802273,0.7108099784416414,0.016170822585267634,0.0,0.0,0.01563145237690388,0.0,0.0,0.49056603773584906,0.0,0.0,0.5427317523868186,0.0,0.0,0.0,0.0
5516,56,1.3587500000000006,1.0357142857142565,1.1896052091878584,0.7126743232157536,0.02206786542923465,0.0,0.0,0.01565863692869614,0.0,0.0,0.5357142857142857,0.0,0.0,0.5423246513535686,0.0,0.0,0.0,0.0
5517,53,0.9979245283018872,0.4150943396226442,1.1900717433637384,0.7113866967305554,0.01073690621193709,0.0,0.0,0.01565594625095567,0.0,0.0,0.5849056603773585,0.0,0.0,0.5430716408732192,0.0,0.0,0.0,0.0
5518,52,1.2421153846153852,0.6923076923077,1.190045091207214,0.7114162738266068,0.0194255639097746,0.0,0.0,0.015670215220773737,0.0,0.0,0.5769230769230769,0.0,0.0,0.5427854068456651,0.0,0.0,0.0,0.0
5519,38,1.0492105263157898,0.6842105263158306,1.1895172201722013,0.7109471094710981,0.010281072717895854,0.0,0.0,0.015623769814236953,0.0,0.0,0.5131578947368421,0.0,0.0,0.5428966789667896,0.0,0.0,0.0,0.0
5520,54,1.1775925925925932,0.44444444444442227,1.1896187352669876,0.7104642820539131,0.024005285013212956,0.0,0.0,0.015656868682917408,0.0,0.0,0.6666666666666666,0.0,0.0,0.5430972635031259,0.0,0.0,0.0,0.0
5521,55,1.3620000000000005,0.7272727272727287,1.1908196050342779,0.7103243630410345,0.021550632911392295,0.0,0.0,0.015688639706229336,0.0,0.0,0.6727272727272727,0.0,0.0,0.5440755141716975,0.0,0.0,0.0,0.0
5522,42,1.3607142857142862,0.7142857142857643,1.191639512245107,0.7115483143764763,0.020454545454545343,0.0,0.0,0.015722882607120313,0.0,0.0,0.6726190476190477,0.0,0.0,0.5438825699354443,0.0,0.0,0.0,0.0
5523,39,0.9028205128205132,0.564102564102545,1.1896727533853095,0.7109150594993877,0.01329180822952018,0.0,0.0,0.01570397483448915,0.0,0.0,0.3717948717948718,0.0,0.0,0.54241895773492,0.0,0.0,0.0,0.0
5524,62,1.1600000000000006,0.6451612903225763,1.189720258223178,0.7118557229224337,0.017131967603621064,0.0,0.0,0.015730119698416947,0.0,0.0,0.5241935483870968,0.0,0.0,0.541756327492571,0.0,0.0,0.0,0.0
5525,58,1.1422413793103454,0.6206896551724389,1.189877112135176,0.7120327700972896,0.021322819439974165,0.0,0.0,0.015745748540159397,0.0,0.0,0.5689655172413793,0.0,0.0,0.5416794674859191,0.0,0.0,0.0,0.0
5526,44,1.1681818181818187,0.6818181818181981,1.1898534235342346,0.7123821238212417,0.02425672487022112,0.0,0.0,0.015748316393255864,0.0,0.0,0.5909090909090909,0.0,0.0,0.5415385403854038,0.0,0.0,0.0,0.0
5527,49,1.178571428571429,0.8163265306122274,1.19008407669435,0.7122936532349052,0.01916058394160622,0.0,0.0,0.015784728908617214,0.0,0.0,0.4489795918367347,0.0,0.0,0.5414487849892341,0.0,0.0,0.0,0.0
5528,64,1.0951562500000005,0.687500000000015,1.1889550250998866,0.7106853805962534,0.014234362307067061,0.0,0.0,0.015781658806699256,0.0,0.0,0.4921875,0.0,0.0,0.5413635897961274,0.0,0.0,0.0,0.0
5529,52,1.1826923076923082,0.8076923076922975,1.1899631336405525,0.7117255504352308,0.020052168242582123,0.0,0.0,0.015798075406644508,0.0,0.0,0.5336538461538461,0.0,0.0,0.5414746543778802,0.0,0.0,0.0,0.0
5530,57,1.3368421052631587,1.0526315789473681,1.1906975554873678,0.713920425488394,0.02739036664270399,0.0,0.0,0.015837737825575373,0.0,0.0,0.4605263157894737,0.0,0.0,0.5409890559476322,0.0,0.0,0.0,0.0
5531,53,1.0973584905660383,0.5283018867924656,1.1896658150229937,0.7129279509453273,0.017597579425113412,0.0,0.0,0.01585041822061195,0.0,0.0,0.6462264150943396,0.0,0.0,0.5408277976494634,0.0,0.0,0.0,0.0
5532,47,0.7923404255319154,0.2978723404255448,1.1884062724198003,0.7121041303679442,0.013556607207863124,0.0,0.0,0.01587494215609237,0.0,0.0,0.4787234042553192,0.0,0.0,0.5399456800245978,0.0,0.0,0.0,0.0
5533,47,1.242765957446809,0.6595744680851099,1.1885755277720835,0.7117237138757974,0.024697674418604,0.0,0.0,0.015911615853282168,0.0,0.0,0.6170212765957447,0.0,0.0,0.5401977864316458,0.0,0.0,0.0,0.0
5534,48,1.1962500000000007,0.7499999999999903,1.1902777208444346,0.7129534740725589,0.020632411067193535,0.0,0.0,0.01597154345213383,0.0,0.0,0.5520833333333334,0.0,0.0,0.5411969665915146,0.0,0.0,0.0,0.0
5535,51,0.9752941176470594,0.7058823529411333,1.1883606557377042,0.7113729508196747,0.011848499285373437,0.0,0.0,0.015948846643061017,0.0,0.0,0.37254901960784315,0.0,0.0,0.5408811475409836,0.0,0.0,0.0,0.0
5536,46,1.0519565217391307,0.6521739130434626,1.1883536647872877,0.7121476166068705,0.014397500743825991,0.0,0.0,0.015968887064424477,0.0,0.0,0.4782608695652174,0.0,0.0,0.5404920553562276,0.0,0.0,0.0,0.0
5537,39,1.4164102564102572,0.9230769230769303,1.1887319175130802,0.7117061659997972,0.02428131868131752,0.0,0.0,0.016012661901524134,0.0,0.0,0.5641025641025641,0.0,0.0,0.5408330768441572,0.0,0.0,0.0,0.0
5538,59,1.077796610169492,0.7118644067796324,1.1883335042559728,0.7119269818480176,0.01642303719008225,0.0,0.0,0.016039555444202883,0.0,0.0,0.4830508474576271,0.0,0.0,0.5404061121936211,0.0,0.0,0.0,0.0
5539,47,1.457446808510639,0.7659574468084878,1.190403895438236,0.7131727319323443,0.022161112908443834,0.0,0.0,0.016084155035409775,0.0,0.0,0.675531914893617,0.0,0.0,0.5412352639671963,0.0,0.0,0.0,0.0
5540,52,1.2532692307692312,0.7692307692307695,1.189678146781467,0.7130996309963119,0.017849904135852787,0.0,0.0,0.016094566411146795,0.0,0.0,0.5048076923076923,0.0,0.0,0.5403854038540385,0.0,0.0,0.0,0.0
5541,51,1.2170588235294122,0.9803921568627602,1.1896362704918026,0.7139344262295104,0.018117338003502837,0.0,0.0,0.016122597756054274,0.0,0.0,0.37254901960784315,0.0,0.0,0.5395491803278688,0.0,0.0,0.0,0.0
5542,42,1.2473809523809527,0.7142857142857163,1.1906249999999994,0.7143442622950842,0.019643794525683624,0.0,0.0,0.016150170667437604,0.0,0.0,0.5595238095238095,0.0,0.0,0.5399590163934426,0.0,0.0,0.0,0.0
5543,61,1.0918032786885252,0.704918032786892,1.1918443126022906,0.7152209492635047,0.018681626928471334,0.0,0.0,0.016182911889953477,0.0,0.0,0.4098360655737705,0.0,0.0,0.5401237725040916,0.0,0.0,0.0,0.0
5544,40,1.3335000000000008,0.9499999999999961,1.191414244781006,0.7161277118297196,0.02318122555410735,0.0,0.0,0.016200424682809873,0.0,0.0,0.46875,0.0,0.0,0.5392703643061809,0.0,0.0,0.0,0.0
5545,45,1.2640000000000005,0.7555555555555712,1.1916122093618757,0.7163781624500687,0.020155917788802026,0.0,0.0,0.016227098563181174,0.0,0.0,0.6444444444444445,0.0,0.0,0.5396906688517874,0.0,0.0,0.0,0.0
5546,44,1.4790909090909097,0.7727272727272734,1.1924182805615322,0.7173890767496689,0.03270351758794079,0.0,0.0,0.01627475797947482,0.0,0.0,0.7727272727272727,0.0,0.0,0.5398350240803361,0.0,0.0,0.0,0.0
5547,43,0.8502325581395352,0.6976744186046463,1.190135301353013,0.7161746617466193,0.011602665820375148,0.0,0.0,0.016248149319481396,0.0,0.0,0.32558139534883723,0.0,0.0,0.5390785157851579,0.0,0.0,0.0,0.0
5548,49,1.198571428571429,0.8979591836734756,1.190698031980319,0.7175071750717524,0.014838302172814635,0.0,0.0,0.016254467146707176,0.0,0.0,0.35714285714285715,0.0,0.0,0.5385147601476015,0.0,0.0,0.0,0.0
5549,50,1.425000000000001,0.7999999999999956,1.1921981963517105,0.7183849149415882,0.021815676668706985,0.0,0.0,0.016278442045462554,0.0,0.0,0.69,0.0,0.0,0.539070506251281,0.0,0.0,0.0,0.0
5550,46,1.3165217391304354,0.7826086956521755,1.192362890825217,0.7181957970271672,0.017302857142856665,0.0,0.0,0.016333784104489085,0.0,0.0,0.5869565217391305,0.0,0.0,0.539031266017427,0.0,0.0,0.0,0.0
5551,57,1.1949122807017551,0.7719298245613873,1.1928656288406383,0.718148299877101,0.024615106613660495,0.0,0.0,0.016389879402783494,0.0,0.0,0.5087719298245614,0.0,0.0,0.5395841868086849,0.0,0.0,0.0,0.0
5552,56,0.9866071428571433,0.4999999999999706,1.1920922856558207,0.717618170656846,0.012556818181819106,0.0,0.0,0.016388971721786542,0.0,0.0,0.5446428571428571,0.0,0.0,0.5392367505627174,0.0,0.0,0.0,0.0
5553,52,1.1613461538461542,0.7307692307691903,1.1924451956566269,0.7180905552140966,0.015879568761504394,0.0,0.0,0.01639662113243059,0.0,0.0,0.46153846153846156,0.0,0.0,0.5387215734480639,0.0,0.0,0.0,0.0
5554,44,0.9561363636363641,0.4545454545454188,1.1907063768710262,0.716424031166702,0.011615129762562229,0.0,0.0,0.016390623566685775,0.0,0.0,0.4659090909090909,0.0,0.0,0.5381381997129383,0.0,0.0,0.0,0.0
5555,48,1.2762500000000008,0.8958333333333347,1.189491542798564,0.7162480779087657,0.02838739573679379,0.0,0.0,0.016400715760729045,0.0,0.0,0.5,0.0,0.0,0.5374167093798052,0.0,0.0,0.0,0.0
5556,46,1.091739130434783,0.8695652173913189,1.1880754252920673,0.7164377946300478,0.012436849925705885,0.0,0.0,0.01638699244910715,0.0,0.0,0.33695652173913043,0.0,0.0,0.5360985857757737,0.0,0.0,0.0,0.0
5557,59,1.0171186440677973,0.6610169491525237,1.1872825975622239,0.7165830175151084,0.018642435538986986,0.0,0.0,0.016429896712869763,0.0,0.0,0.461864406779661,0.0,0.0,0.5356703882003483,0.0,0.0,0.0,0.0
5558,46,1.322173913043479,0.7391304347826235,1.188341353537421,0.7169038599365212,0.014983986203498475,0.0,0.0,0.016450422793127643,0.0,0.0,0.6793478260869565,0.0,0.0,0.536705231903348,0.0,0.0,0.0,0.0
5559,57,1.077192982456141,0.8070175438596017,1.1881342062193117,0.7191080196399345,0.01002940215615736,0.0,0.0,0.016402058871292348,0.0,0.0,0.40350877192982454,0.0,0.0,0.5353416530278232,0.0,0.0,0.0,0.0
5560,49,1.192040816326531,0.44897959183673136,1.1880732630717274,0.7186125038371021,0.016674279189265957,0.0,0.0,0.016416352672543634,0.0,0.0,0.6326530612244898,0.0,0.0,0.5350966949759541,0.0,0.0,0.0,0.0
5561,48,1.4791666666666672,0.9583333333333378,1.1882251791197538,0.7190378710337767,0.023619427811044136,0.0,0.0,0.016426161961467962,0.0,0.0,0.5885416666666666,0.0,0.0,0.5347748208802456,0.0,0.0,0.0,0.0
5562,69,1.1073913043478265,0.5797101449275203,1.1874113801205428,0.7178465624680761,0.012270756383491626,0.0,0.0,0.016422041161170582,0.0,0.0,0.5217391304347826,0.0,0.0,0.5347839411584432,0.0,0.0,0.0,0.0
5563,59,1.1557627118644074,0.7627118644067481,1.1876543209876538,0.7186001428425666,0.018039682539681683,0.0,0.0,0.016439683357931265,0.0,0.0,0.5127118644067796,0.0,0.0,0.5345627997143149,0.0,0.0,0.0,0.0
5564,58,1.4068965517241387,0.9999999999999704,1.1894921476646945,0.720069345298796,0.029384227583724387,0.0,0.0,0.016516864274416378,0.0,0.0,0.603448275862069,0.0,0.0,0.5355904548235774,0.0,0.0,0.0,0.0
5565,48,1.2270833333333337,0.7499999999999784,1.1896297807241198,0.7187149413564499,0.015931836624289507,0.0,0.0,0.016528980896683976,0.0,0.0,0.5520833333333334,0.0,0.0,0.5361040285568588,0.0,0.0,0.0,0.0
5566,44,1.132272727272728,0.6363636363636268,1.1908334184455107,0.7191298130936566,0.016928304451239957,0.0,0.0,0.016543013865004935,0.0,0.0,0.5056818181818182,0.0,0.0,0.5366663262179553,0.0,0.0,0.0,0.0
5567,49,1.0130612244897963,0.8163265306122295,1.1887063151440829,0.7186797465767415,0.012375966093243158,0.0,0.0,0.01650952875657819,0.0,0.0,0.39285714285714285,0.0,0.0,0.5354843654199878,0.0,0.0,0.0,0.0
5568,51,1.1286274509803924,0.5098039215686462,1.1868475372981806,0.7162272634375629,0.014066471163245303,0.0,0.0,0.01647312203126842,0.0,0.0,0.5588235294117647,0.0,0.0,0.5353310852237891,0.0,0.0,0.0,0.0
5569,45,1.1200000000000006,0.7555555555555697,1.185638091345662,0.7149279656687434,0.013504823151125339,0.0,0.0,0.016479052256812076,0.0,0.0,0.4888888888888889,0.0,0.0,0.5351742106876469,0.0,0.0,0.0,0.0
5570,46,1.176739130434783,0.6304347826086907,1.1860979349826204,0.714884481701083,0.014155334728034099,0.0,0.0,0.016486644329061936,0.0,0.0,0.7010869565217391,0.0,0.0,0.5357800040891433,0.0,0.0,0.0,0.0
5571,41,1.0136585365853663,0.5853658536585434,1.18531799591002,0.7133946830265844,0.013015972439712177,0.0,0.0,0.01648958626712985,0.0,0.0,0.5121951219512195,0.0,0.0,0.5357361963190184,0.0,0.0,0.0,0.0
5572,63,1.0871428571428574,0.5396825396825173,1.1849336328364297,0.7121707167653659,0.011808620689655524,0.0,0.0,0.016436759794576657,0.0,0.0,0.5595238095238095,0.0,0.0,0.5356851133346947,0.0,0.0,0.0,0.0
5573,44,1.0188636363636367,0.5454545454545336,1.1841458929301176,0.7109726195341227,0.019265148259562024,0.0,0.0,0.016469981384906178,0.0,0.0,0.4715909090909091,0.0,0.0,0.5358091540662036,0.0,0.0,0.0,0.0
5574,54,0.8314814814814818,0.5925925925925947,1.1816789140640938,0.7085119412124914,0.009999999999999098,0.0,0.0,0.016444702313148585,0.0,0.0,0.3333333333333333,0.0,0.0,0.5353133292508675,0.0,0.0,0.0,0.0
5575,51,0.9668627450980397,0.470588235294126,1.1803855175930638,0.7080061193268733,0.009981781376518277,0.0,0.0,0.01641007317671449,0.0,0.0,0.5343137254901961,0.0,0.0,0.5348036715961244,0.0,0.0,0.0,0.0
5576,37,1.2721621621621628,0.594594594594593,1.1810431764825957,0.7071552516076343,0.030584795321638138,0.0,0.0,0.016437282737321552,0.0,0.0,0.6351351351351351,0.0,0.0,0.5356486679595794,0.0,0.0,0.0,0.0
5577,51,1.0966666666666673,0.6078431372548662,1.1789308304427657,0.7058763517649452,0.014629871828406757,0.0,0.0,0.016442348736219668,0.0,0.0,0.5588235294117647,0.0,0.0,0.5350693735972251,0.0,0.0,0.0,0.0
5578,49,1.1340816326530616,0.9387755102040506,1.1789879616404806,0.7066925117322986,0.013020149953139557,0.0,0.0,0.016392764535329084,0.0,0.0,0.3877551020408163,0.0,0.0,0.5346357886145685,0.0,0.0,0.0,0.0
5579,36,1.0150000000000003,0.7222222222221926,1.178020854630954,0.7058883663872411,0.012994310099573055,0.0,0.0,0.016389185191506322,0.0,0.0,0.4861111111111111,0.0,0.0,0.5350644040073604,0.0,0.0,0.0,0.0
5580,41,1.1260975609756108,0.9756097560975417,1.1773768145573495,0.706501737885912,0.020188019239177568,0.0,0.0,0.01641302256646313,0.0,0.0,0.3353658536585366,0.0,0.0,0.5342465753424658,0.0,0.0,0.0,0.0
5581,51,1.1586274509803929,0.9019607843137157,1.1774603337086695,0.7090797420411495,0.019949358541525814,0.0,0.0,0.016472563652012284,0.0,0.0,0.4019607843137255,0.0,0.0,0.532551950046064,0.0,0.0,0.0,0.0
5582,42,1.3092857142857148,0.8571428571428543,1.1775555783218925,0.7096608954000605,0.023702586206895783,0.0,0.0,0.016510436342690685,0.0,0.0,0.6011904761904762,0.0,0.0,0.5326298534986169,0.0,0.0,0.0,0.0
5583,49,1.1665306122448984,0.816326530612236,1.1763928717738623,0.709238017206062,0.016275626423689907,0.0,0.0,0.016516688811048036,0.0,0.0,0.4336734693877551,0.0,0.0,0.5319029086439984,0.0,0.0,0.0,0.0
5584,40,1.2685000000000008,0.5000000000000043,1.1760137421802883,0.7085427135678382,0.027925151348375494,0.0,0.0,0.016583886861815278,0.0,0.0,0.7125,0.0,0.0,0.5318941647010563,0.0,0.0,0.0,0.0
5585,53,1.342641509433963,0.9433962264151036,1.1760061475409829,0.7089139344262286,0.015263835263835459,0.0,0.0,0.01656832049333316,0.0,0.0,0.47641509433962265,0.0,0.0,0.5315573770491804,0.0,0.0,0.0,0.0
5586,39,0.9479487179487185,0.4615384615384535,1.1742785355348162,0.7073120705568648,0.01579914529914517,0.0,0.0,0.0165845770135453,0.0,0.0,0.4935897435897436,0.0,0.0,0.5312019280073839,0.0,0.0,0.0,0.0
5587,46,1.256956521739131,0.847826086956527,1.1759821520155904,0.7087906451943778,0.016634062140391617,0.0,0.0,0.016617578209363236,0.0,0.0,0.5489130434782609,0.0,0.0,0.5313365473381886,0.0,0.0,0.0,0.0
5588,42,1.0371428571428576,0.5952380952380947,1.1752768930442814,0.7072844960443838,0.016145292809488322,0.0,0.0,0.01664593498478593,0.0,0.0,0.47619047619047616,0.0,0.0,0.5317990342135005,0.0,0.0,0.0,0.0
5589,49,1.0253061224489797,0.653061224489778,1.1743190221857016,0.7073746918652409,0.013483628556092067,0.0,0.0,0.016662955098281265,0.0,0.0,0.40816326530612246,0.0,0.0,0.5307107641741988,0.0,0.0,0.0,0.0
5590,54,1.383703703703704,0.8148148148148159,1.174370568286917,0.7083547425752734,0.016768402154398683,0.0,0.0,0.01666790642589085,0.0,0.0,0.6666666666666666,0.0,0.0,0.5306751618538691,0.0,0.0,0.0,0.0
5591,43,1.1023255813953492,0.6511627906976667,1.1746808510638287,0.7089115016959591,0.017839668799397596,0.0,0.0,0.01668877044392524,0.0,0.0,0.4883720930232558,0.0,0.0,0.5303731113166821,0.0,0.0,0.0,0.0
5592,51,1.208823529411765,0.7450980392156414,1.1744551610917289,0.7092140365278045,0.011446342369105121,0.0,0.0,0.016651643744344583,0.0,0.0,0.553921568627451,0.0,0.0,0.5301918735891648,0.0,0.0,0.0,0.0
5593,46,1.066956521739131,0.43478260869564267,1.1732239204020913,0.7073546004718416,0.016988577362408955,0.0,0.0,0.01665151625442211,0.0,0.0,0.5978260869565217,0.0,0.0,0.5301825828290081,0.0,0.0,0.0,0.0
5594,49,1.058979591836735,0.5306122448979642,1.1729012725779957,0.7059729064039391,0.01264068209500587,0.0,0.0,0.016640022247362128,0.0,0.0,0.5408163265306123,0.0,0.0,0.5307112068965517,0.0,0.0,0.0,0.0
5595,54,1.0368518518518524,0.4814814814814897,1.1718644241616232,0.7048507845349177,0.013036088474970828,0.0,0.0,0.01664952201387988,0.0,0.0,0.5694444444444444,0.0,0.0,0.5307147984822069,0.0,0.0,0.0,0.0
5596,44,1.1452272727272732,0.772727272727279,1.1732453798767957,0.705646817248458,0.012531708530216746,0.0,0.0,0.01665368657449441,0.0,0.0,0.4772727272727273,0.0,0.0,0.5312371663244353,0.0,0.0,0.0,0.0
5597,57,1.2707017543859656,0.6666666666667123,1.1742993336750371,0.7055868785238323,0.02046623339926565,0.0,0.0,0.01670724628380743,0.0,0.0,0.5877192982456141,0.0,0.0,0.532060481804203,0.0,0.0,0.0,0.0
5598,45,1.1031111111111116,0.7111111111111225,1.1753861142446915,0.7060814275458912,0.016238141969251378,0.0,0.0,0.016743103317302912,0.0,0.0,0.5388888888888889,0.0,0.0,0.5329709773356579,0.0,0.0,0.0,0.0
5599,43,1.58093023255814,0.7906976744185717,1.1766954466029382,0.7058279370952807,0.0235224913494814,0.0,0.0,0.016798193999759355,0.0,0.0,0.7965116279069767,0.0,0.0,0.5343560489258916,0.0,0.0,0.0,0.0
5600,43,1.156279069767442,0.697674418604644,1.1760495731770015,0.7057492543453652,0.015260896255372046,0.0,0.0,0.016799720855065006,0.0,0.0,0.5232558139534884,0.0,0.0,0.5340172786177105,0.0,0.0,0.0,0.0
5601,49,1.2634693877551026,0.9387755102040892,1.177144766604975,0.7072794571252299,0.02298069784706815,0.0,0.0,0.016834478529952786,0.0,0.0,0.45918367346938777,0.0,0.0,0.5338011515525396,0.0,0.0,0.0,0.0
5602,48,1.0100000000000005,0.5416666666666586,1.1765754270426003,0.707244288948342,0.013757094211123777,0.0,0.0,0.0168227120649017,0.0,0.0,0.484375,0.0,0.0,0.5333916443712698,0.0,0.0,0.0,0.0
5603,46,1.2513043478260872,0.739130434782584,1.177340063871432,0.707633666426289,0.01776543209876622,0.0,0.0,0.01684793072388177,0.0,0.0,0.5434782608695652,0.0,0.0,0.5337385391985165,0.0,0.0,0.0,0.0
5604,38,1.1676315789473686,0.7894736842104986,1.1779624083445204,0.7085613962614877,0.015829468426685797,0.0,0.0,0.01685972365106957,0.0,0.0,0.5131578947368421,0.0,0.0,0.5343901683362594,0.0,0.0,0.0,0.0
5605,49,1.314489795918368,0.7755102040816606,1.1770809248554905,0.7084021469859606,0.023507299270072373,0.0,0.0,0.016893812572776265,0.0,0.0,0.5816326530612245,0.0,0.0,0.5337014863748968,0.0,0.0,0.0,0.0
5606,50,1.2262000000000006,0.8400000000000527,1.1779024440548616,0.7087759100752798,0.0122473032361173,0.0,0.0,0.01685013977709426,0.0,0.0,0.525,0.0,0.0,0.5342631741775807,0.0,0.0,0.0,0.0
5607,48,1.1716666666666673,0.7500000000000296,1.1772949299258029,0.7084707337180534,0.024106300900129256,0.0,0.0,0.016888486470105626,0.0,0.0,0.5208333333333334,0.0,0.0,0.5341354080791426,0.0,0.0,0.0,0.0
5608,39,1.1253846153846159,0.7179487179487442,1.1765921269579545,0.7085737840065943,0.0122563529740298,0.0,0.0,0.01690524451762017,0.0,0.0,0.46153846153846156,0.0,0.0,0.5331049051937345,0.0,0.0,0.0,0.0
5609,41,1.1212195121951223,0.7073170731707408,1.17710770181219,0.709328665568368,0.016255304101838567,0.0,0.0,0.016915499960049363,0.0,0.0,0.5182926829268293,0.0,0.0,0.5330518945634267,0.0,0.0,0.0,0.0
5610,39,1.1979487179487185,0.5128205128205224,1.1769736299958784,0.7088998763906047,0.014437577255871636,0.0,0.0,0.01690828347640533,0.0,0.0,0.6410256410256411,0.0,0.0,0.5331685208075814,0.0,0.0,0.0,0.0
5611,57,1.2236842105263164,0.66666666666671,1.1757912596401017,0.7086889460154234,0.016281512605041737,0.0,0.0,0.01687657278304929,0.0,0.0,0.5263157894736842,0.0,0.0,0.5319280205655527,0.0,0.0,0.0,0.0
5612,54,1.3885185185185192,0.8888888888888572,1.1772809450436559,0.7096045197740105,0.015659983291562988,0.0,0.0,0.016883136205812038,0.0,0.0,0.625,0.0,0.0,0.5326399589111454,0.0,0.0,0.0,0.0
5613,51,1.5115686274509812,0.7450980392156826,1.1778550903119855,0.7085385878489316,0.021196040692878504,0.0,0.0,0.016907135396794767,0.0,0.0,0.7647058823529411,0.0,0.0,0.5336873973727422,0.0,0.0,0.0,0.0
5614,60,0.8873333333333339,0.7000000000000259,1.1770705411233175,0.7078755519047124,0.011025056947608804,0.0,0.0,0.016880812977481438,0.0,0.0,0.35833333333333334,0.0,0.0,0.5339100523667728,0.0,0.0,0.0,0.0
5615,54,1.1542592592592598,0.40740740740739345,1.1774166067946208,0.7069691060248376,0.017137750893594223,0.0,0.0,0.01689457724418971,0.0,0.0,0.6990740740740741,0.0,0.0,0.5348455301241918,0.0,0.0,0.0,0.0
5616,52,1.3475000000000004,0.673076923076908,1.1782613158164825,0.7066611926511333,0.01785677879714583,0.0,0.0,0.01689709226591307,0.0,0.0,0.6538461538461539,0.0,0.0,0.5354870163194088,0.0,0.0,0.0,0.0
5617,50,0.9782000000000006,0.8399999999999614,1.1775246305418707,0.7074096880131353,0.01426363371245201,0.0,0.0,0.016902616017842792,0.0,0.0,0.25,0.0,0.0,0.5341492200328407,0.0,0.0,0.0,0.0
5618,51,1.1582352941176475,0.6862745098039078,1.1774948749487484,0.7080770807708067,0.015552922590837496,0.0,0.0,0.01689729072988053,0.0,0.0,0.5,0.0,0.0,0.5338509635096351,0.0,0.0,0.0,0.0
5619,55,1.186363636363637,0.6181818181818028,1.1776438075742057,0.7082906857727727,0.016696519959058607,0.0,0.0,0.016891652230084875,0.0,0.0,0.5545454545454546,0.0,0.0,0.533367451381781,0.0,0.0,0.0,0.0
5620,48,1.0633333333333337,0.6666666666666627,1.178077474892395,0.7079319532691114,0.013284747527329778,0.0,0.0,0.016877315997486556,0.0,0.0,0.4791666666666667,0.0,0.0,0.5342283254765321,0.0,0.0,0.0,0.0
5621,47,1.284893617021277,0.7021276595744476,1.1780992413368865,0.7079147016608556,0.018124249699879916,0.0,0.0,0.016894943064448564,0.0,0.0,0.6702127659574468,0.0,0.0,0.5343448841500923,0.0,0.0,0.0,0.0
5622,66,1.3469696969696974,0.8787878787879142,1.179872044221516,0.7098986590234402,0.013133402275078216,0.0,0.0,0.016858692424816423,0.0,0.0,0.5681818181818182,0.0,0.0,0.5345992425017914,0.0,0.0,0.0,0.0
5623,42,1.1992857142857145,0.6190476190476066,1.1817117393976633,0.7102028272894885,0.012794005588011925,0.0,0.0,0.016849442922161038,0.0,0.0,0.6071428571428571,0.0,0.0,0.5360325752919484,0.0,0.0,0.0,0.0
5624,37,1.2427027027027033,0.621621621621629,1.183096727869524,0.7112524361472957,0.024340921122286727,0.0,0.0,0.016865324636015522,0.0,0.0,0.5472972972972973,0.0,0.0,0.5365422094573803,0.0,0.0,0.0,0.0
5625,63,1.2580952380952386,0.6984126984127274,1.1845446172738425,0.7116250511665971,0.01696852922286478,0.0,0.0,0.016873225270400312,0.0,0.0,0.5317460317460317,0.0,0.0,0.5368143675808432,0.0,0.0,0.0,0.0
5626,44,1.0525000000000004,0.8181818181817906,1.1848088325495798,0.711919852790839,0.013877734492058619,0.0,0.0,0.016851125947983096,0.0,0.0,0.3465909090909091,0.0,0.0,0.5367000613371499,0.0,0.0,0.0,0.0
5627,58,1.2758620689655178,0.7241379310344808,1.18458562972035,0.7109614206981003,0.015931108719053007,0.0,0.0,0.016841081165787884,0.0,0.0,0.6077586206896551,0.0,0.0,0.5371249234537661,0.0,0.0,0.0,0.0
5628,48,0.9077083333333338,0.354166666666651,1.182949530036779,0.7091336330200231,0.012283619960530666,0.0,0.0,0.016814221362539357,0.0,0.0,0.4895833333333333,0.0,0.0,0.5367541888026155,0.0,0.0,0.0,0.0
5629,50,1.1132000000000006,0.6199999999999892,1.1837857434640515,0.7097630718954232,0.015803520726859397,0.0,0.0,0.016840050730964663,0.0,0.0,0.525,0.0,0.0,0.5372242647058824,0.0,0.0,0.0,0.0
5630,54,1.1370370370370377,0.6851851851852021,1.1848979383547655,0.7098387426005291,0.014950085220356032,0.0,0.0,0.016838313678338834,0.0,0.0,0.4537037037037037,0.0,0.0,0.5375586854460094,0.0,0.0,0.0,0.0
5631,46,1.1373913043478268,0.7826086956521574,1.184117046266979,0.7097334286589707,0.018300104931794188,0.0,0.0,0.01680398355212146,0.0,0.0,0.5054347826086957,0.0,0.0,0.5368450617914411,0.0,0.0,0.0,0.0
5632,43,0.8018604651162795,0.651162790697673,1.1829446034341775,0.7092191332788208,0.011249592169657879,0.0,0.0,0.01678509896510121,0.0,0.0,0.21511627906976744,0.0,0.0,0.535926001635323,0.0,0.0,0.0,0.0
5633,35,1.268285714285715,0.4571428571428552,1.1836155184768136,0.7088750127955762,0.014123448934139339,0.0,0.0,0.016755748642178582,0.0,0.0,0.7571428571428571,0.0,0.0,0.5365953526461255,0.0,0.0,0.0,0.0
5634,49,1.2393877551020416,0.8571428571428403,1.184259410801963,0.7089811783960702,0.016624692033944552,0.0,0.0,0.016761355986188265,0.0,0.0,0.5408163265306123,0.0,0.0,0.5373619067103109,0.0,0.0,0.0,0.0
5635,53,1.4288679245283022,0.8679245283018419,1.1855755837771398,0.7103646046702151,0.014312984312983983,0.0,0.0,0.016740216281565204,0.0,0.0,0.5754716981132075,0.0,0.0,0.5370493650143384,0.0,0.0,0.0,0.0
5636,53,1.1901886792452836,0.6792452830188839,1.1856506147540973,0.7098360655737685,0.019980994615141114,0.0,0.0,0.01674405447484334,0.0,0.0,0.5849056603773585,0.0,0.0,0.5376280737704918,0.0,0.0,0.0,0.0
5637,49,1.409387755102041,0.9387755102040208,1.185959212953473,0.7103914736626338,0.014171967986866133,0.0,0.0,0.016720448129087115,0.0,0.0,0.5306122448979592,0.0,0.0,0.5374820659971306,0.0,0.0,0.0,0.0
5638,55,1.0834545454545461,0.7999999999999725,1.185793943114384,0.711479435236339,0.01600161117078354,0.0,0.0,0.016712545855155435,0.0,0.0,0.42727272727272725,0.0,0.0,0.5369091467157765,0.0,0.0,0.0,0.0
5639,61,1.2336065573770496,0.7704918032786924,1.1869724208375882,0.7110316649642471,0.01732274401473337,0.0,0.0,0.01671823409492766,0.0,0.0,0.5819672131147541,0.0,0.0,0.5384320735444331,0.0,0.0,0.0,0.0
5640,51,0.9768627450980396,0.5882352941176555,1.186149994891181,0.7106365587003146,0.015348120764017408,0.0,0.0,0.016701434796807902,0.0,0.0,0.47549019607843135,0.0,0.0,0.5382650454684786,0.0,0.0,0.0,0.0
5641,37,1.0916216216216221,0.7027027027026983,1.1843821603927975,0.710208674304417,0.01669008264462817,0.0,0.0,0.01671435727391235,0.0,0.0,0.5405405405405406,0.0,0.0,0.537592062193126,0.0,0.0,0.0,0.0
5642,46,1.5123913043478265,0.9999999999999277,1.1856090333128948,0.7113222971592048,0.01802798652500588,0.0,0.0,0.016720184345610584,0.0,0.0,0.5978260869565217,0.0,0.0,0.5381667688534642,0.0,0.0,0.0,0.0
5643,48,1.369583333333334,0.7916666666667042,1.1859683188553898,0.7124169647419499,0.01880972818311849,0.0,0.0,0.016728677052505362,0.0,0.0,0.625,0.0,0.0,0.5379151762902402,0.0,0.0,0.0,0.0
5644,42,1.0347619047619052,0.4285714285714324,1.1861739752632101,0.7116426454052928,0.011276595744680663,0.0,0.0,0.016688967828225477,0.0,0.0,0.6369047619047619,0.0,0.0,0.5387917816620669,0.0,0.0,0.0,0.0
5645,52,1.0721153846153852,0.7307692307692286,1.1852191235059748,0.7124323219940728,0.020250635670177965,0.0,0.0,0.016698945423090177,0.0,0.0,0.5,0.0,0.0,0.5378741444478496,0.0,0.0,0.0,0.0
5646,43,1.2416279069767446,0.5348837209302713,1.1860118560915767,0.7116721177432525,0.017862161257944875,0.0,0.0,0.016712475947966977,0.0,0.0,0.6395348837209303,0.0,0.0,0.5387111610793132,0.0,0.0,0.0,0.0
5647,55,0.9314545454545459,0.6181818181818152,1.1854030612244884,0.7123469387755084,0.013819800377663834,0.0,0.0,0.016698697677092936,0.0,0.0,0.4090909090909091,0.0,0.0,0.5378316326530612,0.0,0.0,0.0,0.0
5648,56,1.1978571428571434,0.6428571428570766,1.1852763921408924,0.7112898299908356,0.018975954738330175,0.0,0.0,0.01670852778590988,0.0,0.0,0.5625,0.0,0.0,0.5378957548610405,0.0,0.0,0.0,0.0
5649,64,1.1495312500000003,0.4687500000000163,1.184640642472297,0.7098708955982493,0.01768084595049312,0.0,0.0,0.016702824340497517,0.0,0.0,0.6640625,0.0,0.0,0.5382992782352343,0.0,0.0,0.0,0.0
5650,53,1.266981132075472,0.6792452830188955,1.1854735021869582,0.709490387549586,0.013640056875888776,0.0,0.0,0.016694322487304927,0.0,0.0,0.5707547169811321,0.0,0.0,0.5386023802258163,0.0,0.0,0.0,0.0
5651,43,1.4239534883720937,0.6511627906976756,1.1855705996131514,0.7096609996945924,0.017074735080870602,0.0,0.0,0.01665554948528214,0.0,0.0,0.6976744186046512,0.0,0.0,0.5382266110149648,0.0,0.0,0.0,0.0
5652,53,1.275094339622642,0.9433962264151552,1.1866248853561587,0.7103841842453872,0.01783113456464491,0.0,0.0,0.01664515326689196,0.0,0.0,0.5094339622641509,0.0,0.0,0.5387750942627128,0.0,0.0,0.0,0.0
5653,43,0.8558139534883723,0.5581395348837551,1.1855205465483825,0.7093912511471382,0.009414172422613745,0.0,0.0,0.01661118365970677,0.0,0.0,0.3313953488372093,0.0,0.0,0.5383654532476803,0.0,0.0,0.0,0.0
5654,58,1.2758620689655178,0.6551724137931423,1.1848130031590733,0.7083460715377546,0.018348623853211243,0.0,0.0,0.016611853761130235,0.0,0.0,0.6163793103448276,0.0,0.0,0.5384439009477224,0.0,0.0,0.0,0.0
5655,51,1.1305882352941181,0.8627450980392595,1.182962925239355,0.7079853330617222,0.016097152428811427,0.0,0.0,0.016602217092050068,0.0,0.0,0.4362745098039216,0.0,0.0,0.5375331024648604,0.0,0.0,0.0,0.0
5656,62,1.248870967741936,0.677419354838685,1.1829594223532989,0.7088375877148363,0.018133489461359488,0.0,0.0,0.016637830910328822,0.0,0.0,0.6048387096774194,0.0,0.0,0.5367639581002746,0.0,0.0,0.0,0.0
5657,35,0.7254285714285719,0.2857142857142743,1.1799419492820031,0.7069966391689566,0.01173832639852093,0.0,0.0,0.016598591408047557,0.0,0.0,0.4,0.0,0.0,0.535288725939505,0.0,0.0,0.0,0.0
5658,55,1.3376363636363642,0.6181818181817841,1.1801648016276693,0.7057985757884009,0.01626934984520151,0.0,0.0,0.01659348534108774,0.0,0.0,0.7090909090909091,0.0,0.0,0.5361139369277721,0.0,0.0,0.0,0.0
5659,53,1.2554716981132077,0.7169811320754549,1.1808013406459468,0.7062766605728195,0.013836556456643853,0.0,0.0,0.01656102390245294,0.0,0.0,0.6509433962264151,0.0,0.0,0.5364615072110501,0.0,0.0,0.0,0.0
5660,57,0.8287719298245616,0.36842105263156283,1.1784296431467955,0.704075425790752,0.009825291181365235,0.0,0.0,0.0165074669681099,0.0,0.0,0.49122807017543857,0.0,0.0,0.5360908353609084,0.0,0.0,0.0,0.0
5661,63,1.0703174603174608,0.4444444444444423,1.178068895643363,0.7026342451874346,0.023437608620089347,0.0,0.0,0.01653445311711231,0.0,0.0,0.6190476190476191,0.0,0.0,0.5362208713272543,0.0,0.0,0.0,0.0
5662,51,1.040588235294118,0.784313725490225,1.179430828438322,0.7043751265950962,0.016620732853117014,0.0,0.0,0.016537207545455075,0.0,0.0,0.37254901960784315,0.0,0.0,0.5361555600567146,0.0,0.0,0.0,0.0
5663,48,1.0435416666666673,0.7499999999999917,1.1790780285396205,0.7056978038660036,0.01904562737642561,0.0,0.0,0.016520732328138155,0.0,0.0,0.4375,0.0,0.0,0.5350419997975914,0.0,0.0,0.0,0.0
5664,46,0.954347826086957,0.7608695652174392,1.177503287809812,0.7057157309054106,0.014526803441430659,0.0,0.0,0.01648125125666566,0.0,0.0,0.3695652173913043,0.0,0.0,0.5340667678300455,0.0,0.0,0.0,0.0
5665,43,1.334883720930233,0.8604651162790649,1.178282562493674,0.7069122558445485,0.02084998183799422,0.0,0.0,0.0164836644429091,0.0,0.0,0.5465116279069767,0.0,0.0,0.5340805586479102,0.0,0.0,0.0,0.0
5666,50,1.3314000000000004,0.7999999999999836,1.179315539379233,0.70700636942675,0.019544920728126546,0.0,0.0,0.016497037788177474,0.0,0.0,0.6,0.0,0.0,0.5348549186128804,0.0,0.0,0.0,0.0
5667,57,1.0185964912280705,0.6491228070175245,1.178367202507329,0.7060964513193796,0.011621297037630146,0.0,0.0,0.01644210110528805,0.0,0.0,0.4649122807017544,0.0,0.0,0.5349560206248104,0.0,0.0,0.0,0.0
5668,58,1.1839655172413799,0.5172413793103253,1.1783737618758836,0.7050737820901539,0.019316455696203095,0.0,0.0,0.01647069377398982,0.0,0.0,0.6336206896551724,0.0,0.0,0.5355771174449161,0.0,0.0,0.0,0.0
5669,45,1.5828888888888897,1.1333333333333762,1.1802626793291566,0.7071125479894913,0.021281744846131146,0.0,0.0,0.016487786840244524,0.0,0.0,0.6111111111111112,0.0,0.0,0.5359921196201253,0.0,0.0,0.0,0.0
5670,36,1.3997222222222225,1.2222222222222598,1.1815000505407858,0.7096937228343257,0.015490316630802801,0.0,0.0,0.01649168402101713,0.0,0.0,0.4444444444444444,0.0,0.0,0.5356565248155262,0.0,0.0,0.0,0.0
5671,52,1.237115384615385,0.5769230769230809,1.182025073298958,0.7104438378323712,0.023148614609571874,0.0,0.0,0.016528044808360027,0.0,0.0,0.6682692307692307,0.0,0.0,0.5358153877262157,0.0,0.0,0.0,0.0
5672,42,1.0971428571428579,0.6190476190476255,1.1813897036512584,0.7097198341256178,0.01900206185567009,0.0,0.0,0.0165265214703007,0.0,0.0,0.5,0.0,0.0,0.5359815919894811,0.0,0.0,0.0,0.0
5673,56,1.063571428571429,0.571428571428571,1.1819919191919186,0.7083838383838366,0.01029915268891581,0.0,0.0,0.01648765861755102,0.0,0.0,0.5446428571428571,0.0,0.0,0.5374494949494949,0.0,0.0,0.0,0.0
5674,57,1.1359649122807023,0.5964912280702127,1.1822437449556087,0.7079297820823227,0.01499189627228485,0.0,0.0,0.016472585986831396,0.0,0.0,0.543859649122807,0.0,0.0,0.5378077078288943,0.0,0.0,0.0,0.0
5675,48,1.1193750000000005,0.6249999999999946,1.180448484848484,0.7063636363636346,0.01328963640860734,0.0,0.0,0.016423758040466203,0.0,0.0,0.5520833333333334,0.0,0.0,0.5377272727272727,0.0,0.0,0.0,0.0
5676,45,1.0924444444444452,0.7111111111111318,1.1790575386793398,0.7065426231165924,0.01831594634873413,0.0,0.0,0.016425814268004067,0.0,0.0,0.42777777777777776,0.0,0.0,0.536328243502882,0.0,0.0,0.0,0.0
5677,46,1.1534782608695655,0.6521739130434924,1.1795628415300539,0.7067395264116559,0.01456491902278369,0.0,0.0,0.01641812235377635,0.0,0.0,0.532608695652174,0.0,0.0,0.5365816636308439,0.0,0.0,0.0,0.0
5678,60,1.3280000000000007,0.76666666666667,1.18074111470113,0.7077948303715654,0.020264496439471282,0.0,0.0,0.016437724200748943,0.0,0.0,0.5958333333333333,0.0,0.0,0.5368285541195477,0.0,0.0,0.0,0.0
5679,49,0.7802040816326533,0.5714285714285638,1.1784312537855834,0.7060367454068226,0.009817668207498634,0.0,0.0,0.016398461512527617,0.0,0.0,0.32653061224489793,0.0,0.0,0.5362658994548758,0.0,0.0,0.0,0.0
5680,52,1.4532692307692312,0.7115384615384499,1.1804667338709667,0.7067540322580629,0.019466769706337046,0.0,0.0,0.016433957418501954,0.0,0.0,0.7692307692307693,0.0,0.0,0.5374243951612904,0.0,0.0,0.0,0.0
5681,43,1.1467441860465122,0.6976744186046613,1.1790633192175832,0.7052833232506537,0.01697418244406143,0.0,0.0,0.016401580976665452,0.0,0.0,0.5174418604651163,0.0,0.0,0.5374571486186731,0.0,0.0,0.0,0.0
5682,40,1.2022500000000007,0.749999999999993,1.1805787457148609,0.7066948981649509,0.025444444444444297,0.0,0.0,0.016450325803832103,0.0,0.0,0.5,0.0,0.0,0.5378604557370438,0.0,0.0,0.0,0.0
5683,53,1.1383018867924533,0.6792452830188714,1.1793455022186354,0.706434045986283,0.013356209873810357,0.0,0.0,0.016402980322410072,0.0,0.0,0.5330188679245284,0.0,0.0,0.5373890681726503,0.0,0.0,0.0,0.0
5684,60,1.3806666666666674,0.8166666666667062,1.1807027081445676,0.7081445686096834,0.02160667709963277,0.0,0.0,0.016437330148999358,0.0,0.0,0.6208333333333333,0.0,0.0,0.5372244035034732,0.0,0.0,0.0,0.0
5685,50,1.0308000000000002,0.3599999999999806,1.1807435355669573,0.7067109367139537,0.011780571428571415,0.0,0.0,0.016444485859777647,0.0,0.0,0.62,0.0,0.0,0.5381577623503371,0.0,0.0,0.0,0.0
5686,45,1.2791111111111115,0.600000000000012,1.1818755653834545,0.7059000904613516,0.015527380631238345,0.0,0.0,0.016432349640635637,0.0,0.0,0.6666666666666666,0.0,0.0,0.5397024826615741,0.0,0.0,0.0,0.0
5687,54,1.0168518518518523,0.44444444444443443,1.179708659835241,0.7041390395820762,0.01617855038302861,0.0,0.0,0.016413125670030042,0.0,0.0,0.5462962962962963,0.0,0.0,0.5391299979907574,0.0,0.0,0.0,0.0
5688,48,1.2893750000000004,0.5833333333333558,1.1797457030857363,0.7028847120313586,0.015554159336516804,0.0,0.0,0.016398863830060728,0.0,0.0,0.71875,0.0,0.0,0.5400542768117399,0.0,0.0,0.0,0.0
5689,51,0.8152941176470591,0.45098039215687813,1.177592033796016,0.7022731844699243,0.009525773195876552,0.0,0.0,0.01635827860835547,0.0,0.0,0.3137254901960784,0.0,0.0,0.5382719774693221,0.0,0.0,0.0,0.0
5690,42,1.2233333333333338,0.5952380952381207,1.1773273605798258,0.7008254479565117,0.01738159675236839,0.0,0.0,0.016324973269944264,0.0,0.0,0.6190476190476191,0.0,0.0,0.538906784779545,0.0,0.0,0.0,0.0
5691,60,1.1735000000000004,0.7833333333333157,1.1766566174253832,0.7005326097879595,0.012062703443549167,0.0,0.0,0.01626438545875811,0.0,0.0,0.5083333333333333,0.0,0.0,0.5385388403175561,0.0,0.0,0.0,0.0
5692,49,0.9522448979591842,0.6530612244897827,1.1764012866907911,0.7001407318053865,0.015399339933993157,0.0,0.0,0.016291868293416355,0.0,0.0,0.37244897959183676,0.0,0.0,0.5388771612384399,0.0,0.0,0.0,0.0
5693,48,1.1858333333333342,0.874999999999995,1.1754258421317236,0.7003519356460517,0.020445402298850467,0.0,0.0,0.016302113767169054,0.0,0.0,0.46875,0.0,0.0,0.5380593262946204,0.0,0.0,0.0,0.0
5694,36,0.9388888888888892,0.5555555555555758,1.1732647918556587,0.6988206833988491,0.011876317638791756,0.0,0.0,0.016245492000044676,0.0,0.0,0.4791666666666667,0.0,0.0,0.53731982663038,0.0,0.0,0.0,0.0
5695,55,1.1347272727272733,0.6363636363636523,1.172712428182642,0.6986190908174561,0.014245606026021644,0.0,0.0,0.016224234944673396,0.0,0.0,0.5818181818181818,0.0,0.0,0.5370174377582905,0.0,0.0,0.0,0.0
5696,47,1.263829787234043,0.8510638297872198,1.172378983461072,0.6982654296087112,0.013241194828354794,0.0,0.0,0.016202612976239605,0.0,0.0,0.5,0.0,0.0,0.5366831383622428,0.0,0.0,0.0,0.0
5697,49,1.331632653061225,0.8367346938775455,1.1735064542154086,0.6995764421137536,0.022073748308525033,0.0,0.0,0.016224074084401803,0.0,0.0,0.6224489795918368,0.0,0.0,0.5368344090359016,0.0,0.0,0.0,0.0
5698,46,1.3128260869565223,0.9130434782608831,1.173042293327949,0.7002119713333985,0.013519140362660224,0.0,0.0,0.016208654877451788,0.0,0.0,0.532608695652174,0.0,0.0,0.536060361360654,0.0,0.0,0.0,0.0
5699,52,1.246538461538462,0.5769230769230681,1.1733528461849,0.699737585789259,0.01639767265368097,0.0,0.0,0.016217387240726584,0.0,0.0,0.6586538461538461,0.0,0.0,0.5363342753330642,0.0,0.0,0.0,0.0
5700,39,0.7253846153846155,0.7179487179487137,1.1723866733972734,0.7001514386673376,0.007853970016657396,0.0,0.0,0.016209098598862704,0.0,0.0,0.21153846153846154,0.0,0.0,0.5354114083796062,0.0,0.0,0.0,0.0
5701,55,1.2347272727272733,0.7454545454545133,1.1714370834174908,0.6998586144213268,0.014192267502612089,0.0,0.0,0.016191991088491144,0.0,0.0,0.5363636363636364,0.0,0.0,0.5349929307210665,0.0,0.0,0.0,0.0
5702,30,1.1303333333333339,1.033333333333332,1.1715689847150512,0.7001720821945521,0.027932454695222354,0.0,0.0,0.016238847475415014,0.0,0.0,0.23333333333333334,0.0,0.0,0.534315214090495,0.0,0.0,0.0,0.0
5703,56,1.0180357142857148,0.4642857142857021,1.1702153255155674,0.6994541043267264,0.01666471791873727,0.0,0.0,0.016222992091554683,0.0,0.0,0.6116071428571429,0.0,0.0,0.5341690254751315,0.0,0.0,0.0,0.0
5704,42,1.4457142857142864,0.7619047619047562,1.1706731450551668,0.6991598339912926,0.019233449477352983,0.0,0.0,0.0162298233747134,0.0,0.0,0.6785714285714286,0.0,0.0,0.5347707257819617,0.0,0.0,0.0,0.0
5705,50,1.2248000000000006,0.5600000000000065,1.1707008304638438,0.6981972858010919,0.019447443632899554,0.0,0.0,0.016239974262180195,0.0,0.0,0.73,0.0,0.0,0.5353706704476403,0.0,0.0,0.0,0.0
5706,44,1.3081818181818188,0.7272727272727557,1.1715175136667335,0.6987244381453717,0.015641304347826093,0.0,0.0,0.0162446043165468,0.0,0.0,0.6363636363636364,0.0,0.0,0.5356347438752784,0.0,0.0,0.0,0.0
5707,48,1.3695833333333338,0.8541666666666337,1.173426516762888,0.6991795806745652,0.01673625254582323,0.0,0.0,0.016245644196211377,0.0,0.0,0.6145833333333334,0.0,0.0,0.5367162969715386,0.0,0.0,0.0,0.0
5708,51,1.2141176470588242,0.7843137254901844,1.1729735213553814,0.6988941868722715,0.014767469592178442,0.0,0.0,0.016243007302469505,0.0,0.0,0.46078431372549017,0.0,0.0,0.5361418281424368,0.0,0.0,0.0,0.0
5709,56,1.4491071428571431,1.1250000000000104,1.1726734279918856,0.6995943204868134,0.015086447295035273,0.0,0.0,0.01619977919377711,0.0,0.0,0.46875,0.0,0.0,0.5354969574036511,0.0,0.0,0.0,0.0
5710,56,1.0671428571428578,0.767857142857161,1.171656702806768,0.6994629648393941,0.014751913107874874,0.0,0.0,0.01619717185300363,0.0,0.0,0.39285714285714285,0.0,0.0,0.5349072854392543,0.0,0.0,0.0,0.0
5711,65,1.3066153846153852,0.923076923076943,1.1721889540764712,0.7011936071211796,0.01788753159224895,0.0,0.0,0.016186303130194327,0.0,0.0,0.5153846153846153,0.0,0.0,0.5342403398745701,0.0,0.0,0.0,0.0
5712,47,1.4359574468085112,1.0000000000000118,1.1715251492763887,0.7020544479303698,0.01778861360042164,0.0,0.0,0.016172456428346933,0.0,0.0,0.5797872340425532,0.0,0.0,0.5334227304928651,0.0,0.0,0.0,0.0
5713,52,1.277307692307693,0.8461538461538299,1.1732686084142392,0.7038834951456293,0.015192131747483802,0.0,0.0,0.01616632758284332,0.0,0.0,0.5384615384615384,0.0,0.0,0.5335760517799353,0.0,0.0,0.0,0.0
5714,44,1.3311363636363642,0.8181818181818095,1.174908925318761,0.7049180327868835,0.017359217545939977,0.0,0.0,0.016176648846570257,0.0,0.0,0.5795454545454546,0.0,0.0,0.5338494231936854,0.0,0.0,0.0,0.0
5715,53,1.1016981132075476,0.5094339622641476,1.175108277676583,0.7044120623355579,0.011198695818948702,0.0,0.0,0.016140601066920227,0.0,0.0,0.5943396226415094,0.0,0.0,0.5344059906901437,0.0,0.0,0.0,0.0
5716,46,1.14804347826087,0.6956521739130458,1.173940437601296,0.7024918962722838,0.012852275492819967,0.0,0.0,0.016093457295015406,0.0,0.0,0.5597826086956522,0.0,0.0,0.5345168152350082,0.0,0.0,0.0,0.0
5717,57,1.2615789473684216,0.6315789473684233,1.1753908464965568,0.703624949372214,0.017856965482989342,0.0,0.0,0.016140019131943694,0.0,0.0,0.7017543859649122,0.0,0.0,0.5352116241393277,0.0,0.0,0.0,0.0
5718,53,1.1054716981132082,0.6981132075471759,1.174664371772805,0.7036549559582853,0.017232352941176095,0.0,0.0,0.01612999467531224,0.0,0.0,0.4811320754716981,0.0,0.0,0.5347018325402451,0.0,0.0,0.0,0.0
5719,52,1.1711538461538467,0.8461538461539052,1.1751278940450907,0.7044788191284993,0.011832135224403415,0.0,0.0,0.01613077328744313,0.0,0.0,0.4326923076923077,0.0,0.0,0.5342483065413002,0.0,0.0,0.0,0.0
5720,51,1.1647058823529415,0.6862745098039117,1.1750606796116498,0.7058050161812284,0.012502631025047905,0.0,0.0,0.016078055854604256,0.0,0.0,0.5294117647058824,0.0,0.0,0.5335002022653722,0.0,0.0,0.0,0.0
5721,54,1.1650000000000007,0.6111111111111243,1.1739658136947502,0.7051684029533717,0.015514180024661066,0.0,0.0,0.01604859237792108,0.0,0.0,0.5648148148148148,0.0,0.0,0.5328967330838474,0.0,0.0,0.0,0.0
5722,39,0.77948717948718,0.48717948717948145,1.1716157426143254,0.7042695265074853,0.013013698630136874,0.0,0.0,0.016021752033459586,0.0,0.0,0.3333333333333333,0.0,0.0,0.5315155807365439,0.0,0.0,0.0,0.0
5723,41,0.8570731707317076,0.4878048780487857,1.1713716366578995,0.7039247420594766,0.00936567164179096,0.0,0.0,0.015997242659755846,0.0,0.0,0.40853658536585363,0.0,0.0,0.531635646368602,0.0,0.0,0.0,0.0
5724,42,1.1797619047619052,0.7619047619047274,1.1714788161362244,0.7045408473545495,0.011349060925332704,0.0,0.0,0.015962635383548772,0.0,0.0,0.44047619047619047,0.0,0.0,0.5312943442124468,0.0,0.0,0.0,0.0
5725,43,1.1102325581395354,0.5581395348837338,1.17138361587656,0.7043954928433644,0.014960827326856075,0.0,0.0,0.01593522229188362,0.0,0.0,0.5232558139534884,0.0,0.0,0.5310374581260786,0.0,0.0,0.0,0.0
5726,45,1.3311111111111118,0.6666666666666778,1.1721274868047087,0.7043239951278912,0.014874596473801844,0.0,0.0,0.01590505284789121,0.0,0.0,0.6555555555555556,0.0,0.0,0.531338814453918,0.0,0.0,0.0,0.0
5727,49,1.1561224489795925,0.6530612244898251,1.1720158343483547,0.7035119772634985,0.012246000864677769,0.0,0.0,0.015868306264756275,0.0,0.0,0.6071428571428571,0.0,0.0,0.5321254567600487,0.0,0.0,0.0,0.0
5728,52,1.4696153846153852,0.8461538461538751,1.1740884146341455,0.7043699186991857,0.01775970253311529,0.0,0.0,0.015890566779957576,0.0,0.0,0.7115384615384616,0.0,0.0,0.5333333333333333,0.0,0.0,0.0,0.0
5729,48,1.1208333333333338,0.5624999999999892,1.173783041886945,0.7031313542090267,0.011629917855598788,0.0,0.0,0.01584599695853397,0.0,0.0,0.5989583333333334,0.0,0.0,0.5336518910126068,0.0,0.0,0.0,0.0
5730,50,1.2846000000000004,0.559999999999985,1.1734011598331457,0.7003764370739636,0.012508276533592565,0.0,0.0,0.015778611093250024,0.0,0.0,0.7,0.0,0.0,0.5349221690914641,0.0,0.0,0.0,0.0
5731,46,0.9978260869565222,0.5652173913043272,1.1729892079006303,0.7006719609040913,0.012503405066738896,0.0,0.0,0.015753950076232554,0.0,0.0,0.5217391304347826,0.0,0.0,0.5342598248829159,0.0,0.0,0.0,0.0
5732,57,0.8478947368421057,0.6666666666666747,1.1729241253051252,0.7024003254678586,0.010486005641136989,0.0,0.0,0.0157290667874197,0.0,0.0,0.3201754385964912,0.0,0.0,0.5332841741253052,0.0,0.0,0.0,0.0
5733,51,1.2856862745098045,0.5098039215686662,1.1731750711671403,0.7016063440422923,0.015167707610455378,0.0,0.0,0.015696912811932515,0.0,0.0,0.7549019607843137,0.0,0.0,0.5340331435542903,0.0,0.0,0.0,0.0
5734,45,1.1680000000000006,0.5777777777777773,1.1730387470761712,0.7008034170649841,0.015025728987993314,0.0,0.0,0.015675056057620457,0.0,0.0,0.6555555555555556,0.0,0.0,0.5345011695311706,0.0,0.0,0.0,0.0
5735,51,0.9833333333333337,0.6274509803921914,1.17308044340486,0.7003966236143588,0.014198754246886216,0.0,0.0,0.01568981370650071,0.0,0.0,0.4950980392156863,0.0,0.0,0.5351367842977728,0.0,0.0,0.0,0.0
5736,54,1.0011111111111115,0.4444444444444642,1.1727029773397002,0.6992175591911383,0.010102784526256955,0.0,0.0,0.01565515061572983,0.0,0.0,0.5833333333333334,0.0,0.0,0.535667107001321,0.0,0.0,0.0,0.0
5737,51,0.8868627450980398,0.4901960784314044,1.170258804425047,0.697249568659291,0.009135528176126445,0.0,0.0,0.015584996958843045,0.0,0.0,0.37254901960784315,0.0,0.0,0.5347102405358773,0.0,0.0,0.0,0.0
5738,52,1.2353846153846162,0.8461538461538175,1.1711568149502325,0.6979484054438345,0.014795025333947368,0.0,0.0,0.015575980657013221,0.0,0.0,0.4423076923076923,0.0,0.0,0.5345317895592119,0.0,0.0,0.0,0.0
5739,46,1.12304347826087,0.47826086956518205,1.1695652615540872,0.6965972574911116,0.012002788104088988,0.0,0.0,0.015527791750333468,0.0,0.0,0.6141304347826086,0.0,0.0,0.5342305738953783,0.0,0.0,0.0,0.0
5740,45,0.9328888888888893,0.6666666666666904,1.1680402520837556,0.6960764383004671,0.012652200120554711,0.0,0.0,0.015503480841878078,0.0,0.0,0.2833333333333333,0.0,0.0,0.5332384631022565,0.0,0.0,0.0,0.0
5741,45,1.201333333333334,0.48888888888890086,1.167938364524002,0.6936533767290475,0.01463850528025994,0.0,0.0,0.015487095177533227,0.0,0.0,0.7,0.0,0.0,0.5348352318958502,0.0,0.0,0.0,0.0
5742,58,0.9970689655172417,0.5517241379310404,1.1665932168968307,0.692729488220958,0.014261405672010051,0.0,0.0,0.015465481150426438,0.0,0.0,0.4870689655172414,0.0,0.0,0.5344486190089358,0.0,0.0,0.0,0.0
5743,46,1.2641304347826092,0.6086956521739095,1.1675134750330507,0.6922607546018502,0.014815286624203424,0.0,0.0,0.015446620426121686,0.0,0.0,0.6793478260869565,0.0,0.0,0.5358995220176955,0.0,0.0,0.0,0.0
5744,45,1.038444444444445,0.40000000000000313,1.166248221183166,0.6898759910550919,0.009848261327713173,0.0,0.0,0.015387127359825371,0.0,0.0,0.6111111111111112,0.0,0.0,0.536516568408213,0.0,0.0,0.0,0.0
5745,55,0.8367272727272734,0.800000000000025,1.1639612103980492,0.6901909017059296,0.014535691724574163,0.0,0.0,0.015365474401577513,0.0,0.0,0.16818181818181818,0.0,0.0,0.5339662875710804,0.0,0.0,0.0,0.0
5746,57,0.6973684210526321,0.5263157894736599,1.1598580265693124,0.6888753676097752,0.009094028826354773,0.0,0.0,0.015282742549279544,0.0,0.0,0.2894736842105263,0.0,0.0,0.5314876787344083,0.0,0.0,0.0,0.0
5747,64,1.0937500000000004,0.5312499999999942,1.1607771706132353,0.6878162315320779,0.01159900579950354,0.0,0.0,0.015268585910753583,0.0,0.0,0.56640625,0.0,0.0,0.5326097955879376,0.0,0.0,0.0,0.0
5748,52,1.2194230769230774,0.7692307692307658,1.1608983308042478,0.6872028325746072,0.019215151515151675,0.0,0.0,0.015288205592784565,0.0,0.0,0.5769230769230769,0.0,0.0,0.5337126960040466,0.0,0.0,0.0,0.0
5749,45,1.3904444444444448,0.5777777777777753,1.1606072874493916,0.6861336032388657,0.02186233403214516,0.0,0.0,0.01528486842280657,0.0,0.0,0.8,0.0,0.0,0.5341346153846154,0.0,0.0,0.0,0.0
5750,51,0.6254901960784318,0.4705882352941116,1.1571208902377328,0.6845725847243291,0.008591435496902795,0.0,0.0,0.015242337947200197,0.0,0.0,0.2647058823529412,0.0,0.0,0.5324987354577643,0.0,0.0,0.0,0.0
5751,53,1.284528301886793,0.6226415094339569,1.1575862766926412,0.6837364639206552,0.017492291880781448,0.0,0.0,0.015219481494097523,0.0,0.0,0.6132075471698113,0.0,0.0,0.5330685153324562,0.0,0.0,0.0,0.0
5752,62,1.2545161290322588,0.6774193548386979,1.1591625366643057,0.6847375341357334,0.018567677249941093,0.0,0.0,0.015253742348599126,0.0,0.0,0.6129032258064516,0.0,0.0,0.5335035905734803,0.0,0.0,0.0,0.0
5753,50,1.1716000000000006,0.28000000000000663,1.1592139605462812,0.6824481537683356,0.016746712407089533,0.0,0.0,0.015257527016303021,0.0,0.0,0.78,0.0,0.0,0.5351289833080425,0.0,0.0,0.0,0.0
5754,53,1.2137735849056612,0.5660377358490413,1.1604093389933283,0.6828380836870829,0.014042785418031757,0.0,0.0,0.015267670850692937,0.0,0.0,0.6367924528301887,0.0,0.0,0.5359814028704265,0.0,0.0,0.0,0.0
5755,51,1.0933333333333342,0.8627450980392346,1.1595018692533081,0.6827321410528443,0.017545626179987492,0.0,0.0,0.015239685686852883,0.0,0.0,0.43137254901960786,0.0,0.0,0.5356168535919976,0.0,0.0,0.0,0.0
5756,53,1.1143396226415099,0.754716981132116,1.1595749192245546,0.6822495961227788,0.014183477425553067,0.0,0.0,0.015248873704910064,0.0,0.0,0.4811320754716981,0.0,0.0,0.5362479806138933,0.0,0.0,0.0,0.0
5757,40,0.8535000000000004,0.5749999999999962,1.15918664643399,0.6819423368740519,0.012682020802377566,0.0,0.0,0.015225177582958457,0.0,0.0,0.33125,0.0,0.0,0.5358624178047546,0.0,0.0,0.0,0.0
5758,46,1.2915217391304354,0.5869565217391429,1.1590440060698017,0.6812341932220539,0.021564428312159684,0.0,0.0,0.015249726474839723,0.0,0.0,0.6304347826086957,0.0,0.0,0.5356348002023268,0.0,0.0,0.0,0.0
5759,47,1.18936170212766,0.5106382978723395,1.1596607594936696,0.679696202531646,0.014622024588019249,0.0,0.0,0.015289191098033034,0.0,0.0,0.6276595744680851,0.0,0.0,0.5368354430379747,0.0,0.0,0.0,0.0
5760,46,0.838260869565218,0.6521739130434808,1.1580024311183135,0.6807131280388984,0.01049823032943038,0.0,0.0,0.015259225839692615,0.0,0.0,0.31521739130434784,0.0,0.0,0.5353271880064829,0.0,0.0,0.0,0.0
5761,57,0.978070175438597,0.5087719298245484,1.155404311304523,0.6783726343487505,0.017995480955454248,0.0,0.0,0.015236998925613811,0.0,0.0,0.4649122807017544,0.0,0.0,0.5346624835542961,0.0,0.0,0.0,0.0
5762,40,1.5602500000000006,0.8999999999999982,1.157384287454323,0.6799634591961028,0.02230521801286624,0.0,0.0,0.015288280533522153,0.0,0.0,0.65,0.0,0.0,0.535221274868047,0.0,0.0,0.0,0.0
5763,43,1.1490697674418613,0.5581395348837217,1.1573576657177707,0.6789345262301755,0.034625087596356324,0.0,0.0,0.015311405909751845,0.0,0.0,0.5465116279069767,0.0,0.0,0.5354056527043514,0.0,0.0,0.0,0.0
5764,31,1.1390322580645167,0.7419354838709564,1.155824243042103,0.6772351921704565,0.022041198501872323,0.0,0.0,0.015273282788276603,0.0,0.0,0.4435483870967742,0.0,0.0,0.534713018656336,0.0,0.0,0.0,0.0
5765,51,0.9996078431372554,0.43137254901960226,1.1546636771300438,0.6756013045250722,0.015300120048019462,0.0,0.0,0.015270121828765864,0.0,0.0,0.5637254901960784,0.0,0.0,0.5347788422339992,0.0,0.0,0.0,0.0
5766,49,1.118571428571429,0.6938775510204099,1.154583885097279,0.6758683915656524,0.014378279118572082,0.0,0.0,0.015258975353117652,0.0,0.0,0.4642857142857143,0.0,0.0,0.5345574004278293,0.0,0.0,0.0,0.0
5767,43,1.1679069767441865,0.5581395348837329,1.155349097951278,0.6746509020487219,0.014986571172784785,0.0,0.0,0.015273326757860969,0.0,0.0,0.627906976744186,0.0,0.0,0.5356742431964122,0.0,0.0,0.0,0.0
5768,64,1.4039062500000008,0.6874999999999799,1.1571070846905525,0.6755903908794798,0.02006028131279322,0.0,0.0,0.015308852464315053,0.0,0.0,0.72265625,0.0,0.0,0.5367721905537459,0.0,0.0,0.0,0.0
5769,47,1.1680851063829794,0.4893617021276582,1.1573295338896794,0.6743334011805423,0.014102234780375443,0.0,0.0,0.015311592836946325,0.0,0.0,0.6595744680851063,0.0,0.0,0.5375788723794016,0.0,0.0,0.0,0.0
5770,46,1.1754347826086964,0.7608695652174065,1.1573234276409514,0.6749440260533289,0.019915285451196904,0.0,0.0,0.015334409398172353,0.0,0.0,0.5,0.0,0.0,0.536637492367189,0.0,0.0,0.0,0.0
5771,44,1.0922727272727277,0.7272727272727543,1.1576314986265122,0.6755519381422332,0.01477859778597797,0.0,0.0,0.015341953751769747,0.0,0.0,0.45454545454545453,0.0,0.0,0.5363719605249772,0.0,0.0,0.0,0.0
5772,43,1.141162790697675,0.744186046511609,1.1580120297685788,0.6767254562136824,0.017811252268601887,0.0,0.0,0.015378910242958043,0.0,0.0,0.5465116279069767,0.0,0.0,0.536267713324498,0.0,0.0,0.0,0.0
5773,42,1.3228571428571436,0.5714285714285527,1.1593423065157529,0.6768634648720312,0.016780428873451644,0.0,0.0,0.015372957142412913,0.0,0.0,0.6785714285714286,0.0,0.0,0.5371673294585501,0.0,0.0,0.0,0.0
5774,45,1.238444444444445,0.6222222222222208,1.1615125535823625,0.6770769544805073,0.014475324675325547,0.0,0.0,0.015400927533564604,0.0,0.0,0.6,0.0,0.0,0.5385793018983466,0.0,0.0,0.0,0.0
5775,44,1.4143181818181823,0.636363636363639,1.1636625472372577,0.6779695638852018,0.018984136668700025,0.0,0.0,0.015453168169247565,0.0,0.0,0.7272727272727273,0.0,0.0,0.5394494944336635,0.0,0.0,0.0,0.0
5776,42,1.205714285714286,0.7142857142856698,1.1634330338913828,0.6784401796651703,0.016652416968103066,0.0,0.0,0.015426583232831066,0.0,0.0,0.5773809523809523,0.0,0.0,0.5392507145773785,0.0,0.0,0.0,0.0
5777,41,0.8119512195121954,0.5121951219512118,1.1623083997547505,0.6781115879828337,0.012238970588235223,0.0,0.0,0.015418958743964274,0.0,0.0,0.3475609756097561,0.0,0.0,0.5383455957490292,0.0,0.0,0.0,0.0
5778,40,1.0725000000000005,0.87499999999996,1.1620824383757788,0.6776107190344697,0.01609152288071959,0.0,0.0,0.015435303579482813,0.0,0.0,0.4,0.0,0.0,0.5385343152296206,0.0,0.0,0.0,0.0
5779,53,1.3096226415094345,0.679245283018888,1.1634214825403297,0.6774555850520739,0.016545887961859542,0.0,0.0,0.01545092865172276,0.0,0.0,0.6886792452830188,0.0,0.0,0.539539513988156,0.0,0.0,0.0,0.0
5780,49,1.0695918367346944,0.7346938775510442,1.1631085492756568,0.6764945929402176,0.013376722817763734,0.0,0.0,0.015425275132661741,0.0,0.0,0.46938775510204084,0.0,0.0,0.5400428483982861,0.0,0.0,0.0,0.0
5781,55,1.0410909090909097,0.5818181818181845,1.1624474811339984,0.6747909443198056,0.02487402258905368,0.0,0.0,0.015436583707772395,0.0,0.0,0.5545454545454546,0.0,0.0,0.5408423414236182,0.0,0.0,0.0,0.0
5782,34,1.4767647058823534,0.7058823529411892,1.1629087568891598,0.6741171667687297,0.016570957095710253,0.0,0.0,0.015415288954309603,0.0,0.0,0.7941176470588235,0.0,0.0,0.5414625433761993,0.0,0.0,0.0,0.0
5783,44,1.3175000000000003,0.6363636363636513,1.163585213928315,0.6732359848871657,0.01574843792447716,0.0,0.0,0.0154128607890797,0.0,0.0,0.6875,0.0,0.0,0.5426580210354335,0.0,0.0,0.0,0.0
5784,40,1.2057500000000005,0.8500000000000203,1.1633289084039609,0.6746655774532846,0.014785407725321397,0.0,0.0,0.015379406611030315,0.0,0.0,0.4875,0.0,0.0,0.5417389972429286,0.0,0.0,0.0,0.0
5785,53,1.3288679245283026,0.7547169811320584,1.1632543653630132,0.6736444399060569,0.02086814814814839,0.0,0.0,0.015405186111768533,0.0,0.0,0.6509433962264151,0.0,0.0,0.5426835494741141,0.0,0.0,0.0,0.0
5786,48,1.101666666666667,0.750000000000015,1.1638094266476213,0.6748622730055107,0.01056543456543468,0.0,0.0,0.015371304605600072,0.0,0.0,0.4270833333333333,0.0,0.0,0.5423127933074883,0.0,0.0,0.0,0.0
5787,57,1.2429824561403515,0.6140350877193153,1.163832670946702,0.6736981555080013,0.023252379389563073,0.0,0.0,0.015397762740474438,0.0,0.0,0.6885964912280702,0.0,0.0,0.5431315601752776,0.0,0.0,0.0,0.0
5788,55,1.2016363636363643,0.6909090909090547,1.1645857927946253,0.6741298595562807,0.018706481743560027,0.0,0.0,0.015410789365238025,0.0,0.0,0.5545454545454546,0.0,0.0,0.5434815794830042,0.0,0.0,0.0,0.0
5789,47,1.1700000000000006,0.914893617021295,1.1653063925081422,0.6753868078175912,0.014463440294581966,0.0,0.0,0.015415608479145564,0.0,0.0,0.3351063829787234,0.0,0.0,0.5431596091205212,0.0,0.0,0.0,0.0
5790,56,1.2469642857142862,0.6428571428571648,1.1645715448809268,0.6744351719926743,0.017620489528134692,0.0,0.0,0.015419259993882512,0.0,0.0,0.6919642857142857,0.0,0.0,0.5433289232648076,0.0,0.0,0.0,0.0
5791,57,0.9810526315789478,0.6315789473683902,1.1637804878048768,0.6742886178861806,0.014888178913737261,0.0,0.0,0.015407923275226486,0.0,0.0,0.35964912280701755,0.0,0.0,0.542505081300813,0.0,0.0,0.0,0.0
5792,45,1.034666666666667,0.5777777777777653,1.1629560707748614,0.6734797640837927,0.016646406864497552,0.0,0.0,0.015441409377578052,0.0,0.0,0.4777777777777778,0.0,0.0,0.5421496847671344,0.0,0.0,0.0,0.0
5793,53,1.2935849056603779,0.8301886792453002,1.1641083223249657,0.6754394878569271,0.013263687366996471,0.0,0.0,0.015420240968396334,0.0,0.0,0.5,0.0,0.0,0.5416624326796057,0.0,0.0,0.0,0.0
5794,45,1.0422222222222226,0.555555555555536,1.1640744129307705,0.6756124834807378,0.015785930663075924,0.0,0.0,0.015437087565804154,0.0,0.0,0.4666666666666667,0.0,0.0,0.5413235742604453,0.0,0.0,0.0,0.0
5795,62,0.9351612903225811,0.4193548387096783,1.1633306246825788,0.6750634840020332,0.012281296335521996,0.0,0.0,0.015430908461340554,0.0,0.0,0.5443548387096774,0.0,0.0,0.5411884205180295,0.0,0.0,0.0,0.0
5796,42,1.2140476190476197,0.7142857142857324,1.1636279589556018,0.6747942700396239,0.0163534316869792,0.0,0.0,0.015450514495999013,0.0,0.0,0.5297619047619048,0.0,0.0,0.541425378441532,0.0,0.0,0.0,0.0
5797,48,1.046666666666667,0.5833333333333294,1.1624364449867794,0.6743949562741524,0.01686471970459892,0.0,0.0,0.015432238764060162,0.0,0.0,0.5416666666666666,0.0,0.0,0.5411582265609112,0.0,0.0,0.0,0.0
5798,55,0.9783636363636367,0.5818181818181916,1.1616791954490033,0.6737098740349468,0.01162956559325639,0.0,0.0,0.015405217171077663,0.0,0.0,0.4409090909090909,0.0,0.0,0.5406084924827306,0.0,0.0,0.0,0.0
5799,50,1.0748000000000004,0.7200000000000426,1.159408181910465,0.6734341691198882,0.015695093457945074,0.0,0.0,0.01537497374981831,0.0,0.0,0.39,0.0,0.0,0.5387270327885494,0.0,0.0,0.0,0.0
5800,41,1.4931707317073173,1.1463414634145772,1.1608112498730825,0.6752969844654296,0.019883078921726863,0.0,0.0,0.015394164053358651,0.0,0.0,0.5609756097560976,0.0,0.0,0.5388871966697126,0.0,0.0,0.0,0.0
5801,46,1.3636956521739136,0.7826086956521664,1.1612482226284775,0.6744871013609604,0.014483952897714609,0.0,0.0,0.015361408552887949,0.0,0.0,0.6195652173913043,0.0,0.0,0.5396607759496242,0.0,0.0,0.0,0.0
5802,36,1.2052777777777781,0.7777777777777518,1.1621476510067104,0.6755135245068148,0.015039861351818447,0.0,0.0,0.015367763433023507,0.0,0.0,0.4583333333333333,0.0,0.0,0.5396329062436445,0.0,0.0,0.0,0.0
5803,45,1.1253333333333337,0.4888888888888793,1.1615620868504006,0.6743618427743331,0.013375594294770636,0.0,0.0,0.015347190402799214,0.0,0.0,0.5944444444444444,0.0,0.0,0.5398657581612936,0.0,0.0,0.0,0.0
5804,39,1.3566666666666676,0.8205128205128276,1.162312385600975,0.6744966442953039,0.018397079276773125,0.0,0.0,0.015357159171828215,0.0,0.0,0.6025641025641025,0.0,0.0,0.5402176123652633,0.0,0.0,0.0,0.0
5805,44,1.2777272727272733,0.9318181818182464,1.162070403906805,0.6751449791433533,0.013823457093681095,0.0,0.0,0.015318843320364242,0.0,0.0,0.5113636363636364,0.0,0.0,0.5398819818903245,0.0,0.0,0.0,0.0
5806,51,1.0552941176470592,0.8431372549019159,1.1611902339776181,0.6751780264496453,0.01664192949907076,0.0,0.0,0.015345266823061279,0.0,0.0,0.3480392156862745,0.0,0.0,0.5389623601220753,0.0,0.0,0.0,0.0
5807,57,1.2377192982456144,0.6315789473684199,1.1615824778940933,0.6745604228071971,0.014031424025457429,0.0,0.0,0.015309039033407471,0.0,0.0,0.6491228070175439,0.0,0.0,0.5396889927838195,0.0,0.0,0.0,0.0
5808,48,1.287916666666667,0.7083333333333277,1.1623415922014606,0.674553208773356,0.015595358224015912,0.0,0.0,0.015325194163253794,0.0,0.0,0.5989583333333334,0.0,0.0,0.5402873679935012,0.0,0.0,0.0,0.0
5809,36,1.0086111111111116,0.9444444444444472,1.1619506248095077,0.6754038402925947,0.01725760456273763,0.0,0.0,0.015327117833178564,0.0,0.0,0.2569444444444444,0.0,0.0,0.5393426800772122,0.0,0.0,0.0,0.0
5810,49,1.2630612244897965,0.8163265306122313,1.1623109712777817,0.6767481985182187,0.015003636363636937,0.0,0.0,0.015329184781444778,0.0,0.0,0.5306122448979592,0.0,0.0,0.5388967827057749,0.0,0.0,0.0,0.0
5811,52,1.1509615384615393,0.7307692307692398,1.1618958164094215,0.677091795288384,0.01885633270321374,0.0,0.0,0.01533872312588309,0.0,0.0,0.5048076923076923,0.0,0.0,0.5387896019496344,0.0,0.0,0.0,0.0
5812,50,1.4382000000000006,0.6800000000000263,1.1620560747663533,0.6759447379114192,0.01913008778930485,0.0,0.0,0.015355789456727921,0.0,0.0,0.7,0.0,0.0,0.5391355140186916,0.0,0.0,0.0,0.0
5813,53,1.0896226415094346,0.7924528301887032,1.1598557789965451,0.6762136908389204,0.014524647887323739,0.0,0.0,0.015322855057373807,0.0,0.0,0.4716981132075472,0.0,0.0,0.5376041031891123,0.0,0.0,0.0,0.0
5814,55,1.1140000000000008,0.9818181818182068,1.1612610507062273,0.6777766487145626,0.018788715118062602,0.0,0.0,0.01536595761845857,0.0,0.0,0.38181818181818183,0.0,0.0,0.5378264404023981,0.0,0.0,0.0,0.0
5815,44,1.4177272727272732,0.8409090909091652,1.1624473603905998,0.6799918624758432,0.015700981625976385,0.0,0.0,0.015359085875256714,0.0,0.0,0.6477272727272727,0.0,0.0,0.5374326111280643,0.0,0.0,0.0,0.0
5816,43,1.3623255813953494,0.8372093023255842,1.1623427000610858,0.6807167582977007,0.02292759295499015,0.0,0.0,0.01537192653163447,0.0,0.0,0.6511627906976745,0.0,0.0,0.5373141926287925,0.0,0.0,0.0,0.0
5817,50,1.3632000000000009,0.6400000000000055,1.1643025860313565,0.6796986357157421,0.018813138283189763,0.0,0.0,0.015393824852163415,0.0,0.0,0.745,0.0,0.0,0.5398340460191408,0.0,0.0,0.0,0.0
5818,59,1.0055932203389837,0.5423728813559516,1.1633814852492355,0.6788402848423215,0.011642464678178848,0.0,0.0,0.015367324259351592,0.0,0.0,0.5466101694915254,0.0,0.0,0.5400813835198373,0.0,0.0,0.0,0.0
5819,71,1.0036619718309865,0.42253521126758786,1.1621013609587632,0.6773308957952489,0.011924364123159155,0.0,0.0,0.015332791957622618,0.0,0.0,0.5774647887323944,0.0,0.0,0.5402701604712573,0.0,0.0,0.0,0.0
5820,58,1.2543103448275867,0.7241379310345036,1.1631249999999984,0.6776582792207814,0.01566200215285302,0.0,0.0,0.015345371795729883,0.0,0.0,0.603448275862069,0.0,0.0,0.5409395292207793,0.0,0.0,0.0,0.0
5821,59,1.1318644067796617,0.6440677966101496,1.162358127280096,0.677340899878397,0.017198042750452107,0.0,0.0,0.015342609226044395,0.0,0.0,0.5169491525423728,0.0,0.0,0.5401803810295907,0.0,0.0,0.0,0.0
5822,56,1.1369642857142863,0.49999999999999917,1.1609778859809277,0.6749847839318339,0.01681278056509105,0.0,0.0,0.015370169173765387,0.0,0.0,0.5848214285714286,0.0,0.0,0.5402465003043213,0.0,0.0,0.0,0.0
5823,50,1.2282000000000004,0.5200000000000135,1.1611554834786122,0.6744374619906771,0.015645859872611443,0.0,0.0,0.01538524349086163,0.0,0.0,0.64,0.0,0.0,0.5404672613014393,0.0,0.0,0.0,0.0
5824,52,1.209615384615385,0.6538461538461363,1.1611051513004744,0.6745268697500272,0.015065868263472575,0.0,0.0,0.015360808040776934,0.0,0.0,0.5865384615384616,0.0,0.0,0.5406841412812469,0.0,0.0,0.0,0.0
5825,48,1.3589583333333337,0.5833333333333358,1.1614484086762606,0.6739306709912849,0.0182410514541388,0.0,0.0,0.015364549113835118,0.0,0.0,0.6979166666666666,0.0,0.0,0.5415061828501926,0.0,0.0,0.0,0.0
5826,60,1.1155000000000006,0.7166666666666477,1.1616545233758337,0.6735478648046972,0.01576678445229645,0.0,0.0,0.015373480325589996,0.0,0.0,0.49166666666666664,0.0,0.0,0.5420714430277271,0.0,0.0,0.0,0.0
5827,53,1.315849056603774,0.7924528301886699,1.1618112787283577,0.673888832641492,0.01519059028534076,0.0,0.0,0.015368886710274669,0.0,0.0,0.5849056603773585,0.0,0.0,0.541915561405285,0.0,0.0,0.0,0.0
5828,52,1.0973076923076928,0.6153846153846052,1.1627062038255225,0.6751340957392993,0.013514921837991398,0.0,0.0,0.015373056239102833,0.0,0.0,0.5865384615384616,0.0,0.0,0.5424046149175185,0.0,0.0,0.0,0.0
5829,64,1.0328125000000006,0.6250000000000153,1.1621162203132887,0.6750884284992438,0.014591611479029199,0.0,0.0,0.015366299852338866,0.0,0.0,0.4375,0.0,0.0,0.5418140474987367,0.0,0.0,0.0,0.0
5830,49,1.2616326530612252,0.5306122448979597,1.1627462082912021,0.674317492416584,0.018209131075109953,0.0,0.0,0.015381495753875953,0.0,0.0,0.6887755102040817,0.0,0.0,0.5430232558139535,0.0,0.0,0.0,0.0
5831,46,1.0954347826086963,0.6739130434782775,1.162551061678462,0.6738119312436823,0.015223564954682732,0.0,0.0,0.015369642575467135,0.0,0.0,0.5217391304347826,0.0,0.0,0.5430990899898888,0.0,0.0,0.0,0.0
5832,52,0.8600000000000002,0.38461538461538286,1.1625285382361843,0.6723911506212767,0.011230537418382574,0.0,0.0,0.015364497036680013,0.0,0.0,0.49038461538461536,0.0,0.0,0.5442468936256187,0.0,0.0,0.0,0.0
5833,48,1.334583333333334,0.6874999999999895,1.1629882970137193,0.6732243744955627,0.016304403156019227,0.0,0.0,0.015374624721750598,0.0,0.0,0.6666666666666666,0.0,0.0,0.5440879741727199,0.0,0.0,0.0,0.0
5834,60,1.2320000000000007,0.6500000000000182,1.1630283180489758,0.6721757533004151,0.02232558139534916,0.0,0.0,0.01539924076137357,0.0,0.0,0.625,0.0,0.0,0.5445933689408445,0.0,0.0,0.0,0.0
5835,50,0.9648000000000007,0.6399999999999988,1.1606088709677407,0.670967741935486,0.015160276555625291,0.0,0.0,0.015405913884971222,0.0,0.0,0.49,0.0,0.0,0.5441532258064516,0.0,0.0,0.0,0.0
5836,64,1.0195312500000004,0.5468750000000058,1.1595418386869385,0.6701238545967194,0.0140534137411154,0.0,0.0,0.01537823913078316,0.0,0.0,0.484375,0.0,0.0,0.5435504984392306,0.0,0.0,0.0,0.0
5837,54,1.0848148148148153,0.6296296296296533,1.1579035829307556,0.6685789049919509,0.015423907319642367,0.0,0.0,0.015386332360174768,0.0,0.0,0.4722222222222222,0.0,0.0,0.5432266505636071,0.0,0.0,0.0,0.0
5838,46,1.0452173913043483,0.34782608695651934,1.1577938954366866,0.666364460562106,0.017282530553558068,0.0,0.0,0.015390328001660429,0.0,0.0,0.7065217391304348,0.0,0.0,0.5446257681071824,0.0,0.0,0.0,0.0
5839,53,1.3488679245283026,0.8867924528302613,1.15834862385321,0.6669019054340185,0.017090604829070617,0.0,0.0,0.015388610751720388,0.0,0.0,0.5613207547169812,0.0,0.0,0.5444853311825789,0.0,0.0,0.0,0.0
5840,46,1.5519565217391311,0.9565217391304008,1.1611085333871283,0.6686503933830973,0.017285714285714064,0.0,0.0,0.015399267977493518,0.0,0.0,0.6630434782608695,0.0,0.0,0.545390357070809,0.0,0.0,0.0,0.0
5841,52,1.2642307692307697,0.8461538461538656,1.1619075435592696,0.6694531171316374,0.01489352061622171,0.0,0.0,0.015392121807255923,0.0,0.0,0.49038461538461536,0.0,0.0,0.5451203545170712,0.0,0.0,0.0,0.0
5842,46,1.352826086956522,0.8695652173913055,1.1611682948937445,0.6688488266693554,0.01435856022150406,0.0,0.0,0.015372586458165282,0.0,0.0,0.5869565217391305,0.0,0.0,0.5450699969785477,0.0,0.0,0.0,0.0
5843,49,1.0967346938775515,0.6122448979591791,1.1598429003021138,0.6679758308157128,0.01568135395389521,0.0,0.0,0.015357978661695467,0.0,0.0,0.5204081632653061,0.0,0.0,0.5445619335347432,0.0,0.0,0.0,0.0
5844,46,1.474347826086957,0.9130434782608243,1.1618280652305204,0.6701228105496302,0.017057344064385416,0.0,0.0,0.01538795879158606,0.0,0.0,0.657608695652174,0.0,0.0,0.5446949869136299,0.0,0.0,0.0,0.0
5845,52,1.3092307692307696,0.9230769230769323,1.1630692570968382,0.6711294543990364,0.015261152208024325,0.0,0.0,0.015369398562552124,0.0,0.0,0.5,0.0,0.0,0.5446949869136299,0.0,0.0,0.0,0.0
5846,48,1.3170833333333338,0.9166666666666656,1.1634731864372663,0.6729047187845886,0.01622273543751639,0.0,0.0,0.015363917428523218,0.0,0.0,0.5729166666666666,0.0,0.0,0.5444209679042157,0.0,0.0,0.0,0.0
5847,50,1.1614000000000004,0.7199999999999618,1.1647473323937976,0.6734447352526701,0.01414961013645284,0.0,0.0,0.01536490079064716,0.0,0.0,0.54,0.0,0.0,0.5451479766458627,0.0,0.0,0.0,0.0
5848,50,1.2980000000000007,0.599999999999997,1.1652316680096684,0.6732473811442413,0.013304633046330547,0.0,0.0,0.015334658011630491,0.0,0.0,0.68,0.0,0.0,0.5457292506043513,0.0,0.0,0.0,0.0
5849,52,1.1390384615384619,0.6923076923076846,1.1651956434045976,0.6746672045179536,0.015380420669954941,0.0,0.0,0.015321945611050188,0.0,0.0,0.5192307692307693,0.0,0.0,0.5448265429608713,0.0,0.0,0.0,0.0
5850,42,0.8621428571428573,0.5952380952381154,1.1633659767794031,0.6743059061080289,0.008600950118765016,0.0,0.0,0.015295377860133219,0.0,0.0,0.32142857142857145,0.0,0.0,0.5437405350832912,0.0,0.0,0.0,0.0
5851,55,1.381636363636364,0.7454545454545403,1.163446606836744,0.6748008470303546,0.014778296382729742,0.0,0.0,0.015283403759288938,0.0,0.0,0.65,0.0,0.0,0.5436623979025915,0.0,0.0,0.0,0.0
5852,54,1.2018518518518522,0.5555555555555615,1.1630590844928401,0.6727162734422286,0.013447990053874832,0.0,0.0,0.015258913760671768,0.0,0.0,0.6666666666666666,0.0,0.0,0.5445150231901593,0.0,0.0,0.0,0.0
5853,62,1.2862903225806457,0.8064516129032232,1.1651574922008643,0.6740464929053056,0.015419566898684737,0.0,0.0,0.015290183022573085,0.0,0.0,0.5564516129032258,0.0,0.0,0.54551172386032,0.0,0.0,0.0,0.0
5854,52,1.2113461538461545,0.788461538461567,1.1647527942805347,0.6747558151243602,0.01729069448256949,0.0,0.0,0.01528351472373912,0.0,0.0,0.4567307692307692,0.0,0.0,0.5446329674755815,0.0,0.0,0.0,0.0
5855,62,1.1020967741935488,0.5967741935483677,1.1645373164353239,0.6733051699859203,0.013674204522714017,0.0,0.0,0.015269065511029276,0.0,0.0,0.5362903225806451,0.0,0.0,0.54513679340173,0.0,0.0,0.0,0.0
5856,40,1.0180000000000005,0.5249999999999665,1.163419354838709,0.672681451612905,0.011355270496373996,0.0,0.0,0.015234394181395761,0.0,0.0,0.5,0.0,0.0,0.5445816532258064,0.0,0.0,0.0,0.0
5857,55,1.0314545454545458,0.6727272727273036,1.1642313883299793,0.6740442655935635,0.00944712739383906,0.0,0.0,0.015198683498552674,0.0,0.0,0.5,0.0,0.0,0.5448440643863179,0.0,0.0,0.0,0.0
5858,57,1.2352631578947373,0.5087719298245731,1.1636793401730028,0.6734057533695458,0.01716061418474301,0.0,0.0,0.015202899369639386,0.0,0.0,0.6929824561403509,0.0,0.0,0.5447847515590425,0.0,0.0,0.0,0.0
5859,60,1.1460000000000006,0.6833333333333056,1.163083727007739,0.673233490803098,0.015344789109573796,0.0,0.0,0.015212373383815458,0.0,0.0,0.5166666666666667,0.0,0.0,0.5440496532314806,0.0,0.0,0.0,0.0
5860,36,1.1125000000000003,0.7777777777777464,1.1648197018533435,0.6753626107977461,0.013829419889503392,0.0,0.0,0.01524123133615285,0.0,0.0,0.4861111111111111,0.0,0.0,0.5441428283642225,0.0,0.0,0.0,0.0
5861,44,1.0209090909090917,0.49999999999999095,1.164781511756988,0.6760520738722396,0.020502053856686134,0.0,0.0,0.015225329687217602,0.0,0.0,0.5568181818181818,0.0,0.0,0.5437228781915431,0.0,0.0,0.0,0.0
5862,59,1.1454237288135598,0.81355932203396,1.1653050317636378,0.6763134012302132,0.012909264565425037,0.0,0.0,0.01520351686402869,0.0,0.0,0.423728813559322,0.0,0.0,0.5438892810325703,0.0,0.0,0.0,0.0
5863,57,1.232105263157895,0.8070175438596662,1.1662774531533342,0.676707636510178,0.014486386138614644,0.0,0.0,0.015185701149244335,0.0,0.0,0.5614035087719298,0.0,0.0,0.5445043320572235,0.0,0.0,0.0,0.0
5864,53,0.8662264150943401,0.6415094339622808,1.165657907983489,0.6761300714789111,0.0113498145859079,0.0,0.0,0.01516798323180714,0.0,0.0,0.41509433962264153,0.0,0.0,0.5446239806704923,0.0,0.0,0.0,0.0
5865,49,0.9606122448979598,0.6326530612244757,1.163914880772713,0.6751182211490114,0.013027954608358528,0.0,0.0,0.015137396788840742,0.0,0.0,0.42857142857142855,0.0,0.0,0.5440436663648255,0.0,0.0,0.0,0.0
5866,46,1.2297826086956527,0.695652173913045,1.1633769501761446,0.6745848012078536,0.019156789705383297,0.0,0.0,0.015133281920820339,0.0,0.0,0.5652173913043478,0.0,0.0,0.5438600905888273,0.0,0.0,0.0,0.0
5867,49,0.9334693877551025,0.5714285714285615,1.1630734360834085,0.6742218192807521,0.013053652968036194,0.0,0.0,0.015146740306848637,0.0,0.0,0.42857142857142855,0.0,0.0,0.5437443336355394,0.0,0.0,0.0,0.0
5868,58,0.8287931034482764,0.5517241379310213,1.1609982874987401,0.6744232900171276,0.009251347190146236,0.0,0.0,0.01508723586409843,0.0,0.0,0.3620689655172414,0.0,0.0,0.5421577515865821,0.0,0.0,0.0,0.0
5869,56,0.9178571428571433,0.3392857142857159,1.1577178506741794,0.6704568323606385,0.010789252728799529,0.0,0.0,0.015033391130280906,0.0,0.0,0.5714285714285714,0.0,0.0,0.5420104648822701,0.0,0.0,0.0,0.0
5870,50,1.0980000000000005,0.8400000000000171,1.1565424035369771,0.6693127009646326,0.012670205400415533,0.0,0.0,0.01501809100434102,0.0,0.0,0.46,0.0,0.0,0.5419513665594855,0.0,0.0,0.0,0.0
5871,44,1.3100000000000005,0.5454545454545501,1.1568000804505223,0.6692477876106219,0.01718545020870649,0.0,0.0,0.014998109463374404,0.0,0.0,0.7215909090909091,0.0,0.0,0.5420856798069188,0.0,0.0,0.0,0.0
5872,42,1.0590476190476197,0.3809523809523801,1.1566391794046655,0.6682421560740168,0.018871446754348622,0.0,0.0,0.014997353014043332,0.0,0.0,0.625,0.0,0.0,0.5426136363636364,0.0,0.0,0.0,0.0
5873,60,1.1126666666666671,0.6500000000000166,1.1568978689183749,0.6686771210293552,0.015645652683384546,0.0,0.0,0.015036464879526066,0.0,0.0,0.49166666666666664,0.0,0.0,0.542294933655006,0.0,0.0,0.0,0.0
5874,39,0.9633333333333335,0.4358974358974429,1.1562578046324263,0.6681772406847959,0.028290662650602018,0.0,0.0,0.015059804329206436,0.0,0.0,0.5128205128205128,0.0,0.0,0.5421701913393756,0.0,0.0,0.0,0.0
5875,42,1.3030952380952388,0.928571428571439,1.1570576380491728,0.6694881096332147,0.016615057680631557,0.0,0.0,0.015075926864429226,0.0,0.0,0.5,0.0,0.0,0.5419437726723095,0.0,0.0,0.0,0.0
5876,45,1.4793333333333338,0.9777777777778079,1.1588119709794429,0.6706972994760201,0.02150193798449621,0.0,0.0,0.015090622072103956,0.0,0.0,0.5888888888888889,0.0,0.0,0.5426743248690045,0.0,0.0,0.0,0.0
5877,54,1.026296296296297,0.4074074074074036,1.158116190092629,0.6693515908175616,0.01935731749912715,0.0,0.0,0.015109183670788603,0.0,0.0,0.6481481481481481,0.0,0.0,0.5432944019331454,0.0,0.0,0.0,0.0
5878,57,1.258771929824562,0.7017543859649091,1.15766743881559,0.6689495417464018,0.01694615021256388,0.0,0.0,0.01509277982321146,0.0,0.0,0.6052631578947368,0.0,0.0,0.5433326618994864,0.0,0.0,0.0,0.0
5879,49,0.865510204081633,0.5306122448979628,1.1580884278376467,0.6687481115923077,0.014160267111852922,0.0,0.0,0.015116111840712787,0.0,0.0,0.3673469387755102,0.0,0.0,0.5435340920535804,0.0,0.0,0.0,0.0
5880,54,1.3161111111111117,0.7592592592592736,1.1574020743127573,0.6690162118618492,0.01698613766730374,0.0,0.0,0.015104199655449235,0.0,0.0,0.6296296296296297,0.0,0.0,0.5428204611821569,0.0,0.0,0.0,0.0
5881,44,1.5050000000000003,0.7499999999999745,1.1589881192106315,0.6692509061619032,0.014695960940967317,0.0,0.0,0.01509466398808271,0.0,0.0,0.75,0.0,0.0,0.543848167539267,0.0,0.0,0.0,0.0
5882,40,1.4217500000000005,0.7499999999999756,1.159872130487313,0.6692509061619032,0.011852855356399628,0.0,0.0,0.015048791639451308,0.0,0.0,0.675,0.0,0.0,0.5445529601288763,0.0,0.0,0.0,0.0
5883,51,1.2890196078431377,0.9019607843137053,1.1606505538771392,0.6703927492447151,0.01520703215359715,0.0,0.0,0.01505967547621471,0.0,0.0,0.45098039215686275,0.0,0.0,0.5441339375629406,0.0,0.0,0.0,0.0
5884,38,1.2602631578947372,0.5789473684210713,1.1597002422285014,0.6691562373839341,0.01771735109137926,0.0,0.0,0.015036228612556,0.0,0.0,0.6447368421052632,0.0,0.0,0.5440553088413403,0.0,0.0,0.0,0.0
5885,54,1.0970370370370375,0.3888888888888971,1.1600090799031468,0.6691888619854742,0.015335231685218897,0.0,0.0,0.015056392675826877,0.0,0.0,0.6111111111111112,0.0,0.0,0.5440375302663438,0.0,0.0,0.0,0.0
5886,51,1.3556862745098042,0.9411764705882111,1.1604748941318808,0.6709013914095604,0.013729150119141706,0.0,0.0,0.015045373023508711,0.0,0.0,0.5049019607843137,0.0,0.0,0.5432798951401492,0.0,0.0,0.0,0.0
5887,49,1.3551020408163272,0.7346938775510261,1.1622193079794203,0.6724503177645537,0.01660415103775935,0.0,0.0,0.015048491569324302,0.0,0.0,0.6530612244897959,0.0,0.0,0.543806113184707,0.0,0.0,0.0,0.0
5888,64,1.0650000000000004,0.4687500000000245,1.160977943398126,0.6715681337496244,0.015003301782962305,0.0,0.0,0.015045597465806762,0.0,0.0,0.62890625,0.0,0.0,0.5435089132843187,0.0,0.0,0.0,0.0
5889,55,1.233454545454546,0.8000000000000017,1.163154132689016,0.6734118594583732,0.015268962412784578,0.0,0.0,0.015078337176781626,0.0,0.0,0.4681818181818182,0.0,0.0,0.5442716198530152,0.0,0.0,0.0,0.0
5890,53,1.2169811320754722,0.8301886792452585,1.1631868463395005,0.6745776347546277,0.015423242467718696,0.0,0.0,0.015071345273074311,0.0,0.0,0.5518867924528302,0.0,0.0,0.5439963797264682,0.0,0.0,0.0,0.0
5891,43,1.2530232558139538,0.5581395348837128,1.1635136496423886,0.6734159363352492,0.011764192139738294,0.0,0.0,0.015074496742398902,0.0,0.0,0.6744186046511628,0.0,0.0,0.544776871159464,0.0,0.0,0.0,0.0
5892,50,1.1978000000000002,0.7199999999999771,1.1647290491539073,0.6737510072522179,0.010340124309391952,0.0,0.0,0.01503755673173203,0.0,0.0,0.54,0.0,0.0,0.545603344077357,0.0,0.0,0.0,0.0
5893,57,1.358070175438597,0.6842105263157598,1.1657361376673032,0.6728388849753465,0.017557269222046056,0.0,0.0,0.015032435974798669,0.0,0.0,0.7105263157894737,0.0,0.0,0.5469205997786052,0.0,0.0,0.0,0.0
5894,53,1.0952830188679248,0.6037735849056721,1.166181434599155,0.6728953184649406,0.01046700324558148,0.0,0.0,0.015011308750218189,0.0,0.0,0.5377358490566038,0.0,0.0,0.5471167369901547,0.0,0.0,0.0,0.0
5895,39,1.1400000000000003,0.717948717948701,1.1662527671563683,0.6732743006641191,0.01274655963302724,0.0,0.0,0.015005424636393965,0.0,0.0,0.5576923076923077,0.0,0.0,0.5469661903803582,0.0,0.0,0.0,0.0
5896,46,1.2623913043478265,1.000000000000012,1.1662362886182942,0.6739458589111419,0.01684164733178649,0.0,0.0,0.01502389274065159,0.0,0.0,0.43478260869565216,0.0,0.0,0.5466690147931972,0.0,0.0,0.0,0.0
5897,60,1.5071666666666674,0.8333333333333507,1.1674778850020093,0.6741053478086066,0.0283479623824449,0.0,0.0,0.015051970067314808,0.0,0.0,0.75,0.0,0.0,0.5475221149979895,0.0,0.0,0.0,0.0
5898,42,1.1600000000000006,0.7619047619047876,1.1667739340305703,0.6733708769107019,0.01492189892802489,0.0,0.0,0.015060306647490342,0.0,0.0,0.4880952380952381,0.0,0.0,0.5473401045856798,0.0,0.0,0.0,0.0
5899,34,1.0011764705882358,0.6470588235294081,1.165788837396735,0.6737860165222667,0.01285498489425978,0.0,0.0,0.015045839829096902,0.0,0.0,0.5441176470588235,0.0,0.0,0.5467459198065686,0.0,0.0,0.0,0.0
5900,56,1.2782142857142862,0.8214285714285674,1.1681494518756905,0.6744443326963713,0.01661945669839765,0.0,0.0,0.015088296120010971,0.0,0.0,0.5803571428571429,0.0,0.0,0.5482500251433169,0.0,0.0,0.0,0.0
5901,51,1.547254901960785,0.8627450980391513,1.1697263306167613,0.6750176074051732,0.014902738432483246,0.0,0.0,0.015092586582474971,0.0,0.0,0.7450980392156863,0.0,0.0,0.5493258879162893,0.0,0.0,0.0,0.0
5902,37,1.0691891891891896,0.6486486486486651,1.1694711441785632,0.6738387291373434,0.01899183869419104,0.0,0.0,0.01508290595519819,0.0,0.0,0.5540540540540541,0.0,0.0,0.550296601648904,0.0,0.0,0.0,0.0
5903,55,0.8892727272727275,0.47272727272727527,1.1687742584213163,0.6739064856711935,0.011481220657277181,0.0,0.0,0.015056022300113684,0.0,0.0,0.5454545454545454,0.0,0.0,0.5499245852187029,0.0,0.0,0.0,0.0
5904,37,1.2448648648648653,0.5945945945945696,1.167887323943661,0.6732394366197202,0.01991353220925184,0.0,0.0,0.015053490151328452,0.0,0.0,0.5945945945945946,0.0,0.0,0.5495472837022133,0.0,0.0,0.0,0.0
5905,47,0.8808510638297876,0.6382978723404038,1.1662433329978859,0.6736439569286523,0.01292134831460618,0.0,0.0,0.015026691302797445,0.0,0.0,0.2978723404255319,0.0,0.0,0.5474489282479622,0.0,0.0,0.0,0.0
5906,50,1.0564000000000007,0.8400000000000233,1.1650628582922649,0.6742431861611201,0.01424487594390547,0.0,0.0,0.015019999922204466,0.0,0.0,0.335,0.0,0.0,0.545987126621744,0.0,0.0,0.0,0.0
5907,50,1.1946000000000003,0.44000000000000095,1.164224233283056,0.6721970839617917,0.01491385767790246,0.0,0.0,0.015010708775750935,0.0,0.0,0.71,0.0,0.0,0.546480643539467,0.0,0.0,0.0,0.0
5908,62,1.1975806451612907,0.887096774193549,1.1641763760546395,0.6729610285255142,0.01329691977077371,0.0,0.0,0.014999644114758062,0.0,0.0,0.4274193548387097,0.0,0.0,0.5461781840096425,0.0,0.0,0.0,0.0
5909,41,0.9773170731707322,0.7317073170731492,1.1618006236797094,0.6706568755658403,0.012963442251698272,0.0,0.0,0.014990868771197456,0.0,0.0,0.3780487804878049,0.0,0.0,0.5459209335076954,0.0,0.0,0.0,0.0
5910,61,0.8304918032786888,0.3278688524590086,1.1603016287954946,0.6680072390910936,0.010342997141690173,0.0,0.0,0.014962607613318074,0.0,0.0,0.46311475409836067,0.0,0.0,0.5462748843756284,0.0,0.0,0.0,0.0
5911,43,1.3267441860465121,0.9302325581395419,1.1600644901249484,0.6674727932285385,0.016725300498387444,0.0,0.0,0.01495237959173597,0.0,0.0,0.5465116279069767,0.0,0.0,0.5464782345828295,0.0,0.0,0.0,0.0
5912,37,1.251621621621622,0.8108108108108111,1.1590982449061922,0.6664313092596346,0.022846571287617138,0.0,0.0,0.0149592020578617,0.0,0.0,0.49324324324324326,0.0,0.0,0.5461216461569498,0.0,0.0,0.0,0.0
5913,45,1.1237777777777787,0.6444444444444437,1.1583173513677185,0.6653881094175854,0.013847207009857247,0.0,0.0,0.014952583600883912,0.0,0.0,0.5222222222222223,0.0,0.0,0.5460532956495407,0.0,0.0,0.0,0.0
5914,50,1.0848000000000004,0.6199999999999677,1.1571794613134256,0.6644809845657235,0.012750352609308284,0.0,0.0,0.014929822369380015,0.0,0.0,0.51,0.0,0.0,0.5457227882578433,0.0,0.0,0.0,0.0
5915,67,0.9616417910447767,0.5223880597014737,1.1561559383499536,0.6643497531983495,0.013197460057353304,0.0,0.0,0.01494414091593268,0.0,0.0,0.4925373134328358,0.0,0.0,0.5451042611060744,0.0,0.0,0.0,0.0
5916,51,1.2500000000000007,0.6274509803921282,1.1566753926701558,0.6640153040676615,0.01891691394658709,0.0,0.0,0.014972792972441024,0.0,0.0,0.6372549019607843,0.0,0.0,0.5455094643576319,0.0,0.0,0.0,0.0
5917,48,1.1510416666666672,0.7916666666666586,1.1560455507407021,0.6648191071248629,0.017500791891035872,0.0,0.0,0.0149680517226756,0.0,0.0,0.5,0.0,0.0,0.5443918169908294,0.0,0.0,0.0,0.0
5918,49,1.2600000000000007,0.7346938775510375,1.156829317471518,0.6649863897570333,0.01868644067796601,0.0,0.0,0.014974037549311647,0.0,0.0,0.5714285714285714,0.0,0.0,0.5448633934872467,0.0,0.0,0.0,0.0
5919,61,1.490491803278689,0.8360655737704457,1.1588043916196604,0.6650886381950049,0.016414515255462142,0.0,0.0,0.01500553678078909,0.0,0.0,0.639344262295082,0.0,0.0,0.5460314262691378,0.0,0.0,0.0,0.0
5920,52,1.115384615384616,0.7307692307692331,1.1585466814382104,0.665323798972707,0.013695395513576994,0.0,0.0,0.01501381538160337,0.0,0.0,0.47596153846153844,0.0,0.0,0.5457498237486151,0.0,0.0,0.0,0.0
5921,50,1.0360000000000005,0.6399999999999831,1.1578942065491171,0.6654911838790939,0.010711331679074046,0.0,0.0,0.01498404080546989,0.0,0.0,0.445,0.0,0.0,0.5451385390428212,0.0,0.0,0.0,0.0
5922,53,1.0326415094339627,0.6981132075471752,1.1587111379414416,0.6663648254351551,0.010911084529505077,0.0,0.0,0.01496347624071634,0.0,0.0,0.3867924528301887,0.0,0.0,0.5451252641110775,0.0,0.0,0.0,0.0
5923,36,1.298055555555556,0.8611111111110824,1.1604610428830269,0.6678075296959941,0.01975898520084574,0.0,0.0,0.015005577618714716,0.0,0.0,0.6111111111111112,0.0,0.0,0.5459281256291524,0.0,0.0,0.0,0.0
5924,42,1.1409523809523816,0.9047619047618831,1.1602969599355737,0.6684115160056379,0.024586967675730764,0.0,0.0,0.01505080748780406,0.0,0.0,0.42857142857142855,0.0,0.0,0.5458777934366821,0.0,0.0,0.0,0.0
5925,53,1.0486792452830196,0.7169811320754595,1.159918543845534,0.6691472244569593,0.012943642291569248,0.0,0.0,0.015039384041672321,0.0,0.0,0.41509433962264153,0.0,0.0,0.5452785599356396,0.0,0.0,0.0,0.0
5926,55,1.1287272727272732,0.5636363636363553,1.158972272453284,0.66857544705646,0.013994589720468608,0.0,0.0,0.01503420890760853,0.0,0.0,0.6090909090909091,0.0,0.0,0.5451326100060278,0.0,0.0,0.0,0.0
5927,47,1.3878723404255322,0.702127659574468,1.1600673231511243,0.6688102893890676,0.016712785037150846,0.0,0.0,0.01505957963583043,0.0,0.0,0.6702127659574468,0.0,0.0,0.5454180064308681,0.0,0.0,0.0,0.0
5928,62,1.331290322580646,0.8064516129032111,1.1595171652278646,0.6687412166231679,0.02260131434830212,0.0,0.0,0.01508036868284654,0.0,0.0,0.5201612903225806,0.0,0.0,0.5443936960449709,0.0,0.0,0.0,0.0
5929,57,1.1594736842105269,0.7017543859648905,1.159703139103399,0.6694413800020056,0.013191616766467004,0.0,0.0,0.015088849278531808,0.0,0.0,0.47368421052631576,0.0,0.0,0.5437268077424531,0.0,0.0,0.0,0.0
5930,43,1.5113953488372098,0.8837209302325308,1.160594138900039,0.6709152950622237,0.018363944617123918,0.0,0.0,0.01512133249995419,0.0,0.0,0.6569767441860465,0.0,0.0,0.5434313528703332,0.0,0.0,0.0,0.0
5931,46,1.1523913043478269,0.7826086956521741,1.1613077077478913,0.6719189080690484,0.01793301759133938,0.0,0.0,0.015144788971301311,0.0,0.0,0.46195652173913043,0.0,0.0,0.5431553592934565,0.0,0.0,0.0,0.0
5932,42,0.9066666666666675,0.6190476190476037,1.1620283445572408,0.6717258015880989,0.013566084788029663,0.0,0.0,0.015167145299190108,0.0,0.0,0.34523809523809523,0.0,0.0,0.5435973464669817,0.0,0.0,0.0,0.0
5933,45,1.3677777777777782,0.4888888888888828,1.1623252539474997,0.6717288544704811,0.013720463664735082,0.0,0.0,0.015158629807818388,0.0,0.0,0.8333333333333334,0.0,0.0,0.5438248013677964,0.0,0.0,0.0,0.0
5934,45,1.0180000000000005,0.48888888888890797,1.1616463843910279,0.6713265613999794,0.014720437017994885,0.0,0.0,0.01515745034894185,0.0,0.0,0.5277777777777778,0.0,0.0,0.54324650507895,0.0,0.0,0.0,0.0
5935,53,1.3318867924528308,0.7547169811320913,1.1634680744092498,0.6719959778783303,0.025085287846480883,0.0,0.0,0.01519859450939178,0.0,0.0,0.6226415094339622,0.0,0.0,0.5439165409753645,0.0,0.0,0.0,0.0
5936,45,0.8788888888888892,0.5333333333333372,1.1630615942028975,0.6726046698872777,0.00879084240942431,0.0,0.0,0.015196542038377326,0.0,0.0,0.43333333333333335,0.0,0.0,0.5432014895330113,0.0,0.0,0.0,0.0
5937,48,1.2581250000000004,0.8333333333333384,1.1649390919158351,0.6743179301318827,0.012090090090090091,0.0,0.0,0.015215597271240142,0.0,0.0,0.5,0.0,0.0,0.5438689217758985,0.0,0.0,0.0,0.0
5938,49,1.1067346938775513,0.5714285714285569,1.1642829808660613,0.6729103726082569,0.014289855072463987,0.0,0.0,0.015213377283882331,0.0,0.0,0.6020408163265306,0.0,0.0,0.5446878147029205,0.0,0.0,0.0,0.0
5939,53,1.2088679245283023,0.6037735849056288,1.1647116836067213,0.6734426889403231,0.01527294398093036,0.0,0.0,0.015231892145147063,0.0,0.0,0.5849056603773585,0.0,0.0,0.5445808594143101,0.0,0.0,0.0,0.0
5940,51,1.20764705882353,0.5882352941176344,1.1659810922256852,0.6730363069496116,0.0215802382620887,0.0,0.0,0.01526702327712895,0.0,0.0,0.6078431372549019,0.0,0.0,0.5460876998893694,0.0,0.0,0.0,0.0
5941,41,1.527804878048781,0.7317073170731583,1.1673136130395398,0.6741120837106336,0.018193435957014885,0.0,0.0,0.015283353663837918,0.0,0.0,0.75,0.0,0.0,0.546232015293289,0.0,0.0,0.0,0.0
5942,50,1.2684000000000006,0.7599999999999889,1.1688168361695688,0.6752592890947523,0.015078459343795692,0.0,0.0,0.015287676501074019,0.0,0.0,0.58,0.0,0.0,0.5467475581512435,0.0,0.0,0.0,0.0
5943,52,1.124615384615385,0.7692307692308031,1.1681443091476287,0.6760591727885666,0.013227776521149565,0.0,0.0,0.015278130589692365,0.0,0.0,0.44711538461538464,0.0,0.0,0.5456123578544833,0.0,0.0,0.0,0.0
5944,46,1.111956521739131,0.5217391304347743,1.1684715234453598,0.6765948883075052,0.013393558523174457,0.0,0.0,0.01530259882478982,0.0,0.0,0.6032608695652174,0.0,0.0,0.5455826121956128,0.0,0.0,0.0,0.0
5945,49,1.1373469387755106,0.7346938775510508,1.1701550543697128,0.6761981474023347,0.012102062975027774,0.0,0.0,0.015286406885866011,0.0,0.0,0.4489795918367347,0.0,0.0,0.5471959323399114,0.0,0.0,0.0,0.0
5946,63,1.0385714285714291,0.6349206349206333,1.1720326021332248,0.6767961360434686,0.0135521955260979,0.0,0.0,0.015310980507112146,0.0,0.0,0.46825396825396826,0.0,0.0,0.548173676796136,0.0,0.0,0.0,0.0
5947,58,1.3318965517241383,0.7241379310344769,1.1734706000805466,0.6780104712041873,0.017588797814208315,0.0,0.0,0.015353670681969063,0.0,0.0,0.6896551724137931,0.0,0.0,0.5488824003221909,0.0,0.0,0.0,0.0
5948,42,1.1047619047619053,0.7142857142856899,1.1729389236041108,0.677685950413222,0.012409735223321155,0.0,0.0,0.015322401206001021,0.0,0.0,0.47619047619047616,0.0,0.0,0.5484277363434792,0.0,0.0,0.0,0.0
5949,42,1.1383333333333339,0.4761904761904714,1.1718056255670921,0.6772860167355569,0.017987208427388074,0.0,0.0,0.015307079521315452,0.0,0.0,0.625,0.0,0.0,0.5476106462344994,0.0,0.0,0.0,0.0
5950,45,1.4751111111111113,1.155555555555524,1.1759931403207895,0.6805205285988084,0.015238751147841772,0.0,0.0,0.01533949845652612,0.0,0.0,0.5111111111111111,0.0,0.0,0.5489004337738324,0.0,0.0,0.0,0.0
5951,55,1.3318181818181822,0.8727272727272403,1.176277357539081,0.6818961169944515,0.015216036560033364,0.0,0.0,0.015327705757422806,0.0,0.0,0.5454545454545454,0.0,0.0,0.5485375693393848,0.0,0.0,0.0,0.0
5952,52,1.1363461538461546,0.42307692307691247,1.175577990913679,0.6805653710247337,0.016291701130410587,0.0,0.0,0.015314453911044325,0.0,0.0,0.5961538461538461,0.0,0.0,0.5483846542150429,0.0,0.0,0.0,0.0
5953,56,1.1114285714285719,0.6428571428571495,1.1752355968116224,0.6823731207748953,0.012038684719535977,0.0,0.0,0.01528565391873552,0.0,0.0,0.5357142857142857,0.0,0.0,0.5471445868227223,0.0,0.0,0.0,0.0
5954,42,1.1780952380952388,0.8095238095237954,1.175041414141413,0.6835353535353522,0.017038567493113155,0.0,0.0,0.0152998373072709,0.0,0.0,0.5178571428571429,0.0,0.0,0.546540404040404,0.0,0.0,0.0,0.0
5955,64,1.1082812500000006,0.5624999999999681,1.1750307676788048,0.681831937859375,0.014957823703079303,0.0,0.0,0.015288341013764372,0.0,0.0,0.53125,0.0,0.0,0.5470341975184102,0.0,0.0,0.0,0.0
5956,39,1.2705128205128209,0.7179487179487087,1.1757318921103128,0.6815839983836732,0.01955406471981067,0.0,0.0,0.01530861030985327,0.0,0.0,0.6794871794871795,0.0,0.0,0.5479088796848166,0.0,0.0,0.0,0.0
5957,42,1.1323809523809527,0.85714285714286,1.1768498131501854,0.682759317240681,0.018208269525267624,0.0,0.0,0.01532787499852006,0.0,0.0,0.4523809523809524,0.0,0.0,0.5483789516210483,0.0,0.0,0.0,0.0
5958,51,1.1682352941176475,0.7843137254901995,1.1762729658792639,0.683727034120733,0.013204787234042923,0.0,0.0,0.015292752710187126,0.0,0.0,0.45098039215686275,0.0,0.0,0.5474964667878054,0.0,0.0,0.0,0.0
5959,44,1.1152272727272732,0.7272727272727316,1.1759396142583043,0.6847419973745311,0.014678432545617409,0.0,0.0,0.015293423160770073,0.0,0.0,0.4431818181818182,0.0,0.0,0.5466525295365041,0.0,0.0,0.0,0.0
5960,50,1.2966000000000006,0.47999999999998794,1.178116483294639,0.6838598970424932,0.019917050691243998,0.0,0.0,0.01533634148969437,0.0,0.0,0.715,0.0,0.0,0.5485767639043101,0.0,0.0,0.0,0.0
5961,43,1.33093023255814,0.6976744186046271,1.1799332861619312,0.6849287374911535,0.018875329815303016,0.0,0.0,0.015339616492504347,0.0,0.0,0.6162790697674418,0.0,0.0,0.5493530779338927,0.0,0.0,0.0,0.0
5962,64,1.1654687500000005,0.6406249999999953,1.1783059392961566,0.6837753352828457,0.019577427821521994,0.0,0.0,0.01533522837629987,0.0,0.0,0.59375,0.0,0.0,0.5492336392054049,0.0,0.0,0.0,0.0
5963,63,0.9668253968253974,0.6031746031746062,1.1770916775686813,0.6838079903391346,0.012382598089043472,0.0,0.0,0.015280294717040278,0.0,0.0,0.42063492063492064,0.0,0.0,0.5484301096910537,0.0,0.0,0.0,0.0
5964,57,1.2264912280701759,0.7368421052631746,1.1774927230753776,0.683930543009132,0.015766801984664413,0.0,0.0,0.015269005299930225,0.0,0.0,0.5877192982456141,0.0,0.0,0.5489812305530463,0.0,0.0,0.0,0.0
5965,50,0.9548000000000004,0.33999999999999064,1.177285685605299,0.6834972897008614,0.01575577557755812,0.0,0.0,0.015270790744912164,0.0,0.0,0.56,0.0,0.0,0.5489610519975908,0.0,0.0,0.0,0.0
5966,36,1.0716666666666672,0.666666666666663,1.1771926826816752,0.6833852648507369,0.029472880061115165,0.0,0.0,0.015299520448539328,0.0,0.0,0.4583333333333333,0.0,0.0,0.5490501557945522,0.0,0.0,0.0,0.0
5967,54,1.203333333333334,0.6851851851851485,1.1773744979919665,0.6839357429718855,0.012923627684963754,0.0,0.0,0.015285316169263163,0.0,0.0,0.5509259259259259,0.0,0.0,0.5487198795180723,0.0,0.0,0.0,0.0
5968,50,1.1630000000000007,0.6599999999999874,1.1758445606273864,0.6837924793886969,0.013789423760967348,0.0,0.0,0.015249203960767836,0.0,0.0,0.605,0.0,0.0,0.5478835712849387,0.0,0.0,0.0,0.0
5969,43,1.1718604651162794,0.5581395348837167,1.1758640112653376,0.684168175417419,0.015023852116875167,0.0,0.0,0.015254043996278607,0.0,0.0,0.6627906976744186,0.0,0.0,0.5478525447596058,0.0,0.0,0.0,0.0
5970,40,1.3702500000000006,0.799999999999994,1.1766485507246363,0.6842793880837337,0.019204625087596343,0.0,0.0,0.015252243249378345,0.0,0.0,0.56875,0.0,0.0,0.5481582125603864,0.0,0.0,0.0,0.0
5971,54,1.1001851851851856,0.7037037037036794,1.1766066760506722,0.6841946511160241,0.012994313210848266,0.0,0.0,0.015240804748893635,0.0,0.0,0.5370370370370371,0.0,0.0,0.548511964608888,0.0,0.0,0.0,0.0
5972,43,0.9530232558139539,0.6046511627907021,1.1757932837321523,0.6835913935250328,0.011708571428570895,0.0,0.0,0.01521550585685158,0.0,0.0,0.4127906976744186,0.0,0.0,0.5479338427508547,0.0,0.0,0.0,0.0
5973,53,1.2716981132075476,0.5849056603773427,1.1756834387867818,0.6835392186401503,0.015576611971343192,0.0,0.0,0.015210803492190113,0.0,0.0,0.660377358490566,0.0,0.0,0.5479813196746007,0.0,0.0,0.0,0.0
5974,49,1.1544897959183678,0.6122448979591943,1.1752956530468814,0.6834655155104886,0.016288511373451848,0.0,0.0,0.01521935035997221,0.0,0.0,0.5612244897959183,0.0,0.0,0.5478114647123783,0.0,0.0,0.0,0.0
5975,48,0.9145833333333337,0.60416666666668,1.1729844455594567,0.6832915203211217,0.011099873577749534,0.0,0.0,0.015182159310978115,0.0,0.0,0.3854166666666667,0.0,0.0,0.546236828901154,0.0,0.0,0.0,0.0
5976,58,0.9220689655172418,0.551724137931,1.1713886384129832,0.6823965534515558,0.010165367800798044,0.0,0.0,0.015142185895252416,0.0,0.0,0.40086206896551724,0.0,0.0,0.5452609958921951,0.0,0.0,0.0,0.0
5977,39,1.155384615384616,0.7179487179487211,1.172802886060726,0.6832347930654352,0.016529713866470584,0.0,0.0,0.015157311796344887,0.0,0.0,0.5384615384615384,0.0,0.0,0.5460466980659384,0.0,0.0,0.0,0.0
5978,55,1.266545454545455,0.8181818181818069,1.1737202321392821,0.6832099259555713,0.01632528708694498,0.0,0.0,0.01516053403642094,0.0,0.0,0.5681818181818182,0.0,0.0,0.5467530518310987,0.0,0.0,0.0,0.0
5979,46,0.7676086956521743,0.586956521739136,1.1711284670071078,0.6827876239110823,0.010982892690513085,0.0,0.0,0.015135632481397572,0.0,0.0,0.32065217391304346,0.0,0.0,0.5449584459797737,0.0,0.0,0.0,0.0
5980,54,0.8842592592592597,0.8148148148148182,1.1700760608486775,0.6832465972778199,0.011517124939700963,0.0,0.0,0.015125139395946554,0.0,0.0,0.3055555555555556,0.0,0.0,0.544035228182546,0.0,0.0,0.0,0.0
5981,48,1.346666666666667,0.7291666666666674,1.1716354531797684,0.6840260390585855,0.013540008378717818,0.0,0.0,0.015086440131536493,0.0,0.0,0.5885416666666666,0.0,0.0,0.5441912869303956,0.0,0.0,0.0,0.0
5982,45,1.4495555555555564,0.6666666666666816,1.171848739495797,0.6838735494197655,0.02462438656096524,0.0,0.0,0.01511323507971544,0.0,0.0,0.7555555555555555,0.0,0.0,0.5442927170868347,0.0,0.0,0.0,0.0
5983,44,1.2775000000000003,0.6818181818181727,1.1716726690676256,0.6840736294517783,0.01728474784747855,0.0,0.0,0.015119332851388988,0.0,0.0,0.625,0.0,0.0,0.5440176070428171,0.0,0.0,0.0,0.0
5984,52,1.2738461538461543,0.7307692307692584,1.1720673461231002,0.6836530775379672,0.014684105519840292,0.0,0.0,0.015118206341370954,0.0,0.0,0.625,0.0,0.0,0.544664268585132,0.0,0.0,0.0,0.0
5985,38,0.9950000000000004,0.36842105263157104,1.1705623936755716,0.6820774542179503,0.009795336787564706,0.0,0.0,0.015066746181608309,0.0,0.0,0.5460526315789473,0.0,0.0,0.5441058741118783,0.0,0.0,0.0,0.0
5986,53,0.9983018867924534,0.6226415094339874,1.1699799959991986,0.6814362872574493,0.015331787887569526,0.0,0.0,0.015097003174930911,0.0,0.0,0.49056603773584906,0.0,0.0,0.544383876775355,0.0,0.0,0.0,0.0
5987,45,1.1020000000000008,0.9333333333333417,1.1692569597436397,0.6829561385940294,0.015818181818182415,0.0,0.0,0.015067853216123686,0.0,0.0,0.37777777777777777,0.0,0.0,0.5428099339074705,0.0,0.0,0.0,0.0
5988,56,1.263214285714286,0.839285714285748,1.1696054871332717,0.6837889256032824,0.015907353271869252,0.0,0.0,0.015056095341457161,0.0,0.0,0.5446428571428571,0.0,0.0,0.542755582256934,0.0,0.0,0.0,0.0
5989,50,1.2596000000000005,0.7199999999999944,1.1700540540540527,0.682882882882881,0.013139995827248493,0.0,0.0,0.015047173515376261,0.0,0.0,0.575,0.0,0.0,0.5438938938938939,0.0,0.0,0.0,0.0
5990,42,0.9930952380952385,0.28571428571428104,1.1688773055332782,0.6814354450681616,0.01380668652763957,0.0,0.0,0.015029199441659733,0.0,0.0,0.5833333333333334,0.0,0.0,0.5432287489975942,0.0,0.0,0.0,0.0
5991,59,1.3857627118644076,0.9491525423728743,1.1712327119663244,0.6833032671878113,0.01841856273935524,0.0,0.0,0.015049256072340084,0.0,0.0,0.5677966101694916,0.0,0.0,0.5444227300060133,0.0,0.0,0.0,0.0
5992,57,1.1991228070175446,0.7017543859649342,1.1720070070070054,0.6838838838838822,0.018368718086535608,0.0,0.0,0.015059397179084142,0.0,0.0,0.5131578947368421,0.0,0.0,0.5445445445445446,0.0,0.0,0.0,0.0
5993,45,1.2920000000000007,0.6888888888888888,1.1719024243638534,0.6831296333400102,0.016745391705068995,0.0,0.0,0.015078907578298485,0.0,0.0,0.65,0.0,0.0,0.5452564616309357,0.0,0.0,0.0,0.0
5994,48,1.1993750000000005,0.5416666666666882,1.1726189283925872,0.6830245368052063,0.01277062999112654,0.0,0.0,0.015062818563316397,0.0,0.0,0.625,0.0,0.0,0.5459939909864797,0.0,0.0,0.0,0.0
5995,51,0.9243137254901964,0.5490196078431425,1.1728253458993367,0.6839783436936018,0.009968280820469362,0.0,0.0,0.015048718298371566,0.0,0.0,0.4950980392156863,0.0,0.0,0.5457439342289954,0.0,0.0,0.0,0.0
5996,69,1.1500000000000008,0.7246376811594293,1.172494750524946,0.6841315868413143,0.014691723754859621,0.0,0.0,0.015041026976343233,0.0,0.0,0.532608695652174,0.0,0.0,0.5457204279572043,0.0,0.0,0.0,0.0
5997,41,1.188536585365854,0.5609756097561109,1.1731648989393622,0.6841104662797663,0.017122276879831942,0.0,0.0,0.015041656189542686,0.0,0.0,0.6097560975609756,0.0,0.0,0.5460026015609366,0.0,0.0,0.0,0.0
5998,44,1.3197727272727278,0.5681818181818368,1.174884303315635,0.6841630772312918,0.016822132097334328,0.0,0.0,0.015069838018966924,0.0,0.0,0.7386363636363636,0.0,0.0,0.5474306320745267,0.0,0.0,0.0,0.0
5999,45,1.0346666666666673,0.6222222222222136,1.1747534576067336,0.6837041491280801,0.01346053772766615,0.0,0.0,0.015059935554824613,0.0,0.0,0.4888888888888889,0.0,0.0,0.5479555021046302,0.0,0.0,0.0,0.0
6000,53,0.8535849056603778,0.18867924528302576,1.1717427427427416,0.6791791791791777,0.010237610319075968,0.0,0.0,0.015013556913384494,0.0,0.0,0.5943396226415094,0.0,0.0,0.5481481481481482,0.0,0.0,0.0,0.0
6001,46,1.2476086956521741,0.7608695652174119,1.171208208208207,0.6790790790790778,0.01180135718692209,0.0,0.0,0.014996475298894611,0.0,0.0,0.5760869565217391,0.0,0.0,0.547947947947948,0.0,0.0,0.0,0.0
6002,55,1.192181818181819,0.672727272727325,1.1712009191727433,0.6786891797382347,0.014214177324951737,0.0,0.0,0.014991700087986705,0.0,0.0,0.5636363636363636,0.0,0.0,0.5483564791687481,0.0,0.0,0.0,0.0
6003,50,1.3452000000000006,0.8200000000000083,1.172275813860594,0.6802476532853995,0.019037645060854348,0.0,0.0,0.015017814126698377,0.0,0.0,0.61,0.0,0.0,0.5484571599760335,0.0,0.0,0.0,0.0
6004,49,1.048775510204082,0.46938775510204095,1.1709547086991206,0.6786711891460486,0.010060689115114005,0.0,0.0,0.014973115707697863,0.0,0.0,0.5918367346938775,0.0,0.0,0.548458699122107,0.0,0.0,0.0,0.0
6005,64,1.0429687500000004,0.6875000000000021,1.1696714456391861,0.6776184786937465,0.011496727523251827,0.0,0.0,0.01495337642270003,0.0,0.0,0.4140625,0.0,0.0,0.5477648347272003,0.0,0.0,0.0,0.0
6006,52,0.9757692307692312,0.44230769230768985,1.1692483822797397,0.675559980089596,0.010650713685978344,0.0,0.0,0.014920399804874054,0.0,0.0,0.5,0.0,0.0,0.5485316077650573,0.0,0.0,0.0,0.0
6007,52,1.0588461538461542,0.5192307692307706,1.1682878486055763,0.674999999999999,0.010095342867619057,0.0,0.0,0.014892662612206516,0.0,0.0,0.5769230769230769,0.0,0.0,0.5481075697211155,0.0,0.0,0.0,0.0
6008,52,1.1648076923076929,0.7307692307692216,1.167698128235761,0.6751294305057736,0.01574064449064449,0.0,0.0,0.014893269028081448,0.0,0.0,0.5480769230769231,0.0,0.0,0.5478643966547192,0.0,0.0,0.0,0.0
6009,49,1.3551020408163272,0.7142857142857256,1.1691806701799725,0.674356169831957,0.018485523385301413,0.0,0.0,0.014903318453399412,0.0,0.0,0.5918367346938775,0.0,0.0,0.5491200159093169,0.0,0.0,0.0,0.0
6010,49,1.1881632653061227,0.7346938775510476,1.1688157502237233,0.6739584369096144,0.01408321238509985,0.0,0.0,0.014898496941029715,0.0,0.0,0.5204081632653061,0.0,0.0,0.5490702992940241,0.0,0.0,0.0,0.0
6011,56,1.159285714285715,0.4642857142857078,1.1688549845939753,0.6724977636417843,0.018354537743851,0.0,0.0,0.014898068547191725,0.0,0.0,0.6428571428571429,0.0,0.0,0.5498210913428089,0.0,0.0,0.0,0.0
6012,41,1.0421951219512202,0.6341463414634034,1.1669986072423384,0.6723040191006755,0.011690834473324493,0.0,0.0,0.014863059866962278,0.0,0.0,0.5853658536585366,0.0,0.0,0.5492190608834063,0.0,0.0,0.0,0.0
6013,49,1.201836734693878,0.6122448979591805,1.1675766321656036,0.6713773885350307,0.013034528552456235,0.0,0.0,0.01485430341153111,0.0,0.0,0.6530612244897959,0.0,0.0,0.5501343550955414,0.0,0.0,0.0,0.0
6014,47,1.2761702127659578,0.7234042553191349,1.1683784860557753,0.6699203187250982,0.023007288070580067,0.0,0.0,0.014864979255846228,0.0,0.0,0.5904255319148937,0.0,0.0,0.5512450199203187,0.0,0.0,0.0,0.0
6015,39,0.8876923076923078,0.5641025641025502,1.166194319880417,0.6687593423019413,0.009323996768111945,0.0,0.0,0.014834689267541971,0.0,0.0,0.4423076923076923,0.0,0.0,0.5503986048829098,0.0,0.0,0.0,0.0
6016,52,1.0626923076923083,0.8076923076922569,1.164818797291914,0.6687574671445619,0.015998841922408063,0.0,0.0,0.014813599281822552,0.0,0.0,0.46153846153846156,0.0,0.0,0.5495071684587813,0.0,0.0,0.0,0.0
6017,54,1.230185185185186,0.6666666666666494,1.164182921974521,0.6688893312101889,0.026851253031527956,0.0,0.0,0.014832988430540095,0.0,0.0,0.6203703703703703,0.0,0.0,0.5489152070063694,0.0,0.0,0.0,0.0
6018,45,0.9195555555555559,0.4888888888888924,1.164018337651982,0.668825991628461,0.009843006660323098,0.0,0.0,0.014826997877461449,0.0,0.0,0.5333333333333333,0.0,0.0,0.5488588798086506,0.0,0.0,0.0,0.0
6019,49,1.2138775510204087,0.7142857142857066,1.1653995205753083,0.6707950459448639,0.01671255970778314,0.0,0.0,0.01485763110277476,0.0,0.0,0.576530612244898,0.0,0.0,0.5487914502596883,0.0,0.0,0.0,0.0
6020,57,1.2998245614035095,1.0526315789473697,1.1656497852362389,0.6726600739186872,0.02022659022659053,0.0,0.0,0.014877941497086032,0.0,0.0,0.43859649122807015,0.0,0.0,0.5478473678953152,0.0,0.0,0.0,0.0
6021,52,1.2705769230769235,1.0769230769230522,1.1663944422231096,0.6749300279888022,0.013101328574261517,0.0,0.0,0.014855066282875634,0.0,0.0,0.4230769230769231,0.0,0.0,0.5473810475809676,0.0,0.0,0.0,0.0
6022,35,1.5160000000000007,1.000000000000001,1.1677852348993276,0.6770509866773492,0.02700254452926208,0.0,0.0,0.014876064695186096,0.0,0.0,0.5857142857142857,0.0,0.0,0.5473054192126615,0.0,0.0,0.0,0.0
6023,46,0.9830434782608698,0.6521739130434916,1.1666309249423776,0.6777232187593926,0.010426562139728196,0.0,0.0,0.014847599819917899,0.0,0.0,0.40217391304347827,0.0,0.0,0.5461719611183485,0.0,0.0,0.0,0.0
6024,48,1.0322916666666668,0.4374999999999923,1.1657604010025047,0.6766917293233061,0.013829193413340287,0.0,0.0,0.01484177946253641,0.0,0.0,0.6458333333333334,0.0,0.0,0.5464411027568923,0.0,0.0,0.0,0.0
6025,51,1.060196078431373,0.31372549019607926,1.1642914411705738,0.6752856283824393,0.01482588428845541,0.0,0.0,0.014826192050190999,0.0,0.0,0.6862745098039216,0.0,0.0,0.5464271397073562,0.0,0.0,0.0,0.0
6026,38,0.9397368421052633,0.5263157894736813,1.1637284049819188,0.6744676576938509,0.010267395054629274,0.0,0.0,0.014800836485483453,0.0,0.0,0.5131578947368421,0.0,0.0,0.5466301727601446,0.0,0.0,0.0,0.0
6027,49,1.0708163265306128,0.5306122448979567,1.1624608118971045,0.6731310289389046,0.011685968819599173,0.0,0.0,0.014780681693322278,0.0,0.0,0.5561224489795918,0.0,0.0,0.5464730707395499,0.0,0.0,0.0,0.0
6028,43,1.1351162790697678,0.7441860465116207,1.162683294780246,0.673740319822989,0.013909945853519522,0.0,0.0,0.014783608381234888,0.0,0.0,0.5406976744186046,0.0,0.0,0.5462385597908076,0.0,0.0,0.0,0.0
6029,47,1.0653191489361704,0.5744680851063753,1.1630596413459586,0.6735845254886137,0.017907725321888262,0.0,0.0,0.014795918236567413,0.0,0.0,0.5531914893617021,0.0,0.0,0.5469725972194237,0.0,0.0,0.0,0.0
6030,48,1.265208333333334,0.7916666666666763,1.16306700251889,0.6748614609571768,0.01775211926337232,0.0,0.0,0.01479402827457423,0.0,0.0,0.625,0.0,0.0,0.5466498740554157,0.0,0.0,0.0,0.0
6031,42,1.1600000000000004,0.6190476190475644,1.1633676040721685,0.6746295736316881,0.012727272727273357,0.0,0.0,0.014782074680293756,0.0,0.0,0.6428571428571429,0.0,0.0,0.5471726640459631,0.0,0.0,0.0,0.0
6032,56,1.0741071428571431,0.5714285714285483,1.1644534005037768,0.6755667506297205,0.013682893539581265,0.0,0.0,0.014793992388720511,0.0,0.0,0.6116071428571429,0.0,0.0,0.5478337531486146,0.0,0.0,0.0,0.0
6033,45,1.204666666666667,0.6666666666666091,1.1638127393670612,0.6754686555129988,0.011221279238253975,0.0,0.0,0.014764336520007991,0.0,0.0,0.6,0.0,0.0,0.5474954646240677,0.0,0.0,0.0,0.0
6034,47,1.0297872340425536,0.6382978723403919,1.1627641537995743,0.6754465637299397,0.012461380020597074,0.0,0.0,0.014720921853519387,0.0,0.0,0.5,0.0,0.0,0.546800888081542,0.0,0.0,0.0,0.0
6035,33,0.9403030303030305,0.6666666666666605,1.16302264456126,0.6755964415689418,0.011793994678829297,0.0,0.0,0.014709288573682443,0.0,0.0,0.42424242424242425,0.0,0.0,0.5466791346542661,0.0,0.0,0.0,0.0
6036,55,1.0865454545454551,0.6909090909090719,1.1635262572093479,0.6765152281695813,0.016265650517147522,0.0,0.0,0.014720506833392181,0.0,0.0,0.42727272727272725,0.0,0.0,0.546418091672569,0.0,0.0,0.0,0.0
6037,58,1.1522413793103452,0.7931034482758753,1.163889956508545,0.6774552442601366,0.012401187604379468,0.0,0.0,0.014701126150583478,0.0,0.0,0.4525862068965517,0.0,0.0,0.5462728835845049,0.0,0.0,0.0,0.0
6038,48,0.6695833333333335,0.3749999999999955,1.1620426736778224,0.677520477298005,0.008639784946236614,0.0,0.0,0.01466319081579135,0.0,0.0,0.453125,0.0,0.0,0.5450753362321772,0.0,0.0,0.0,0.0
6039,40,1.5475000000000005,1.175000000000047,1.1626012555690548,0.6784123126771942,0.02399224806201679,0.0,0.0,0.014680983007070762,0.0,0.0,0.5625,0.0,0.0,0.5450587282300526,0.0,0.0,0.0,0.0
6040,58,1.0501724137931039,0.6896551724137877,1.1601304611650471,0.6771844660194145,0.01419813519813508,0.0,0.0,0.014664582933844641,0.0,0.0,0.4051724137931034,0.0,0.0,0.5436893203883495,0.0,0.0,0.0,0.0
6041,54,1.1018518518518523,0.7407407407407768,1.1592649140545994,0.6766430738119283,0.015527139874739582,0.0,0.0,0.014667518690799635,0.0,0.0,0.47685185185185186,0.0,0.0,0.5436046511627907,0.0,0.0,0.0,0.0
6042,47,0.9446808510638303,0.510638297872367,1.1573450611667158,0.6749570316449269,0.015535339398180914,0.0,0.0,0.014672413969894554,0.0,0.0,0.5531914893617021,0.0,0.0,0.5434485896269335,0.0,0.0,0.0,0.0
6043,46,1.5702173913043485,0.9565217391304494,1.1595661407766977,0.67657766990291,0.0194532722865612,0.0,0.0,0.01469072798977034,0.0,0.0,0.6739130434782609,0.0,0.0,0.5441697006472492,0.0,0.0,0.0,0.0
6044,45,1.4091111111111119,0.8222222222222697,1.1592373824213602,0.6761403863659329,0.023355432780847608,0.0,0.0,0.014708842337885315,0.0,0.0,0.6222222222222222,0.0,0.0,0.5439971679983817,0.0,0.0,0.0,0.0
6045,44,1.2061363636363642,0.6363636363636125,1.1586567466342734,0.6746634274724138,0.01733747141457063,0.0,0.0,0.014716019320739952,0.0,0.0,0.6477272727272727,0.0,0.0,0.5446907581739042,0.0,0.0,0.0,0.0
6046,50,1.1652000000000007,0.8399999999999939,1.157920250986741,0.6743244610869322,0.017904118008604614,0.0,0.0,0.014721812618538431,0.0,0.0,0.43,0.0,0.0,0.543973282056472,0.0,0.0,0.0,0.0
6047,48,1.0900000000000005,0.6249999999999604,1.1575726288085828,0.6738536289098064,0.014725584013509535,0.0,0.0,0.014724853629109599,0.0,0.0,0.5677083333333334,0.0,0.0,0.5441087154570301,0.0,0.0,0.0,0.0
6048,50,1.0112000000000003,0.4000000000000165,1.1561210648851088,0.6728413807065471,0.01261791864237615,0.0,0.0,0.014722901133351875,0.0,0.0,0.64,0.0,0.0,0.5439062658163781,0.0,0.0,0.0,0.0
6049,44,1.262954545454546,0.4999999999999956,1.1566872657278886,0.6719683922601538,0.01974769012082393,0.0,0.0,0.014737884254209594,0.0,0.0,0.6931818181818182,0.0,0.0,0.5447016513017932,0.0,0.0,0.0,0.0
6050,56,1.1617857142857149,0.553571428571408,1.1579676277187645,0.6716236722306501,0.012458828035235564,0.0,0.0,0.01475584838480546,0.0,0.0,0.6428571428571429,0.0,0.0,0.546206373292868,0.0,0.0,0.0,0.0
6051,44,1.2172727272727277,0.8863636363636679,1.1569860239011533,0.6721693336034007,0.014359249329759441,0.0,0.0,0.01475378883271019,0.0,0.0,0.45454545454545453,0.0,0.0,0.5452197690905408,0.0,0.0,0.0,0.0
6052,46,1.293260869565218,0.7826086956521838,1.1573758362051478,0.6733225217920108,0.016052347544522522,0.0,0.0,0.014768163270585031,0.0,0.0,0.5815217391304348,0.0,0.0,0.5447243056963308,0.0,0.0,0.0,0.0
6053,57,1.2791228070175442,0.5614035087719317,1.1572690396511498,0.6718385559273885,0.014711460855528892,0.0,0.0,0.014763441180161424,0.0,0.0,0.7280701754385965,0.0,0.0,0.5457103742013995,0.0,0.0,0.0,0.0
6054,40,1.1472500000000005,0.8499999999999919,1.1569428368362258,0.6719463904964947,0.015195364238410869,0.0,0.0,0.014753209659794186,0.0,0.0,0.3875,0.0,0.0,0.5455376180322875,0.0,0.0,0.0,0.0
6055,50,1.1748000000000005,0.79999999999998,1.1573792823015137,0.673071058249464,0.019878172588832833,0.0,0.0,0.014779868988490404,0.0,0.0,0.49,0.0,0.0,0.5453136118735387,0.0,0.0,0.0,0.0
6056,55,0.9770909090909096,0.6181818181817911,1.1569386926512375,0.6733658140479065,0.012163875056587373,0.0,0.0,0.014780806747360426,0.0,0.0,0.4818181818181818,0.0,0.0,0.5451431181485993,0.0,0.0,0.0,0.0
6057,55,1.0603636363636368,0.4727272727272536,1.1571000812017858,0.672249289484366,0.01778048780487901,0.0,0.0,0.014835292112006314,0.0,0.0,0.5590909090909091,0.0,0.0,0.5454730004060089,0.0,0.0,0.0,0.0
6058,50,1.3070000000000008,0.719999999999983,1.157408836973082,0.6734382935500227,0.025597336466901877,0.0,0.0,0.014858678969474662,0.0,0.0,0.605,0.0,0.0,0.544921279837481,0.0,0.0,0.0,0.0
6059,44,1.0359090909090916,0.7727272727272887,1.156934581340929,0.6738223623969859,0.015798960138648347,0.0,0.0,0.01485937734801216,0.0,0.0,0.375,0.0,0.0,0.544333095940584,0.0,0.0,0.0,0.0
6060,52,1.099038461538462,0.5769230769230581,1.1567912646013196,0.672930421533771,0.014100666173205056,0.0,0.0,0.014859256920379111,0.0,0.0,0.5336538461538461,0.0,0.0,0.5444895886236668,0.0,0.0,0.0,0.0
6061,63,1.0088888888888894,0.6031746031745446,1.1564527575020267,0.67325628548256,0.011781278962001124,0.0,0.0,0.014821616972179055,0.0,0.0,0.5158730158730159,0.0,0.0,0.5442518248175182,0.0,0.0,0.0,0.0
6062,46,1.5017391304347836,0.7608695652173779,1.1581311541975428,0.6728250938990931,0.026156758803483723,0.0,0.0,0.014873696616352166,0.0,0.0,0.6956521739130435,0.0,0.0,0.5456806415592326,0.0,0.0,0.0,0.0
6063,51,1.0356862745098043,0.27450980392156965,1.1570685627221933,0.6699847638395089,0.01544896168470294,0.0,0.0,0.014878718099091831,0.0,0.0,0.6715686274509803,0.0,0.0,0.5462417470797359,0.0,0.0,0.0,0.0
6064,43,1.3616279069767445,0.790697674418574,1.1595302491103194,0.6706659888154513,0.017296898079763257,0.0,0.0,0.014908079319905926,0.0,0.0,0.627906976744186,0.0,0.0,0.5473055414336553,0.0,0.0,0.0,0.0
6065,40,1.2595000000000005,0.6999999999999632,1.1609291675147557,0.670974964380212,0.01281281790437459,0.0,0.0,0.014906190217334489,0.0,0.0,0.625,0.0,0.0,0.5482139222470995,0.0,0.0,0.0,0.0
6066,40,1.3847500000000006,0.9250000000000211,1.1615183299388991,0.6718940936863507,0.0165195347450045,0.0,0.0,0.014896861841624087,0.0,0.0,0.6375,0.0,0.0,0.5484979633401222,0.0,0.0,0.0,0.0
6067,48,0.8377083333333336,0.5833333333333343,1.1610734290660951,0.6719625216417113,0.011462371721778974,0.0,0.0,0.014889561642261219,0.0,0.0,0.4375,0.0,0.0,0.5485538242183522,0.0,0.0,0.0,0.0
6068,38,1.2600000000000005,0.5789473684210474,1.163423818757015,0.6723135013776879,0.015032967032967899,0.0,0.0,0.014928522323270027,0.0,0.0,0.7368421052631579,0.0,0.0,0.5503877946729258,0.0,0.0,0.0,0.0
6069,56,1.1023214285714291,0.6428571428571841,1.1644780079599948,0.6740483722828826,0.014972107688577175,0.0,0.0,0.014954601690117227,0.0,0.0,0.44642857142857145,0.0,0.0,0.5496734360649046,0.0,0.0,0.0,0.0
6070,56,1.040535714285715,0.6071428571428632,1.1641091279959195,0.6728199898011185,0.015580213903743709,0.0,0.0,0.014970653082049402,0.0,0.0,0.5178571428571429,0.0,0.0,0.549949005609383,0.0,0.0,0.0,0.0
6071,60,1.367833333333334,0.8999999999999396,1.1647001323694115,0.6747785357906488,0.01560266159695792,0.0,0.0,0.014965283637976447,0.0,0.0,0.6333333333333333,0.0,0.0,0.5496894409937888,0.0,0.0,0.0,0.0
6072,55,1.519454545454546,1.05454545454541,1.1671354484441725,0.6781574130567378,0.016211445198835238,0.0,0.0,0.014961656031858802,0.0,0.0,0.6,0.0,0.0,0.5496491763270287,0.0,0.0,0.0,0.0
6073,45,1.0180000000000005,0.7555555555555581,1.1667848049699554,0.678684183725426,0.015840248962655436,0.0,0.0,0.014961162766402003,0.0,0.0,0.4388888888888889,0.0,0.0,0.5494958753437214,0.0,0.0,0.0,0.0
6074,48,1.062291666666667,0.7499999999999923,1.1670818070818059,0.6799959299959257,0.01765581717451536,0.0,0.0,0.01494823541677527,0.0,0.0,0.4427083333333333,0.0,0.0,0.5491198616198616,0.0,0.0,0.0,0.0
6075,42,1.2750000000000006,0.904761904761953,1.1669617419617409,0.6798941798941758,0.01735818476499271,0.0,0.0,0.014950769836438277,0.0,0.0,0.4642857142857143,0.0,0.0,0.5489672364672364,0.0,0.0,0.0,0.0
6076,57,1.1414035087719303,0.7017543859649256,1.165385162601625,0.6786585365853617,0.013783898305084122,0.0,0.0,0.014917221149030551,0.0,0.0,0.4824561403508772,0.0,0.0,0.5483993902439024,0.0,0.0,0.0,0.0
6077,46,1.0650000000000006,0.5000000000000062,1.1656794141578508,0.6793124491456427,0.016760177899418194,0.0,0.0,0.014907693208202446,0.0,0.0,0.5597826086956522,0.0,0.0,0.5479048006509357,0.0,0.0,0.0,0.0
6078,46,0.8180434782608698,0.4782608695651948,1.1635108441095598,0.6782405050402157,0.010986861313868713,0.0,0.0,0.014878969147875096,0.0,0.0,0.3967391304347826,0.0,0.0,0.546863863150392,0.0,0.0,0.0,0.0
6079,52,1.3923076923076927,0.9230769230768419,1.1662082654723116,0.6802728013029269,0.017063398538768995,0.0,0.0,0.014893816445970924,0.0,0.0,0.6346153846153846,0.0,0.0,0.5482237377850163,0.0,0.0,0.0,0.0
6080,44,1.2477272727272732,0.6818181818181857,1.1657489300998563,0.6798451192174397,0.016104429451452067,0.0,0.0,0.0148877949246479,0.0,0.0,0.5795454545454546,0.0,0.0,0.547916242103118,0.0,0.0,0.0,0.0
6081,52,1.2676923076923083,0.6730769230769157,1.1647688861738943,0.6794950111993436,0.01983749623833908,0.0,0.0,0.014910358202263595,0.0,0.0,0.6057692307692307,0.0,0.0,0.5473172469965384,0.0,0.0,0.0,0.0
6082,46,1.305434782608696,0.7826086956521618,1.1643813593813583,0.6796906796906751,0.0218125681075179,0.0,0.0,0.014954360186662581,0.0,0.0,0.6086956521739131,0.0,0.0,0.5470848595848596,0.0,0.0,0.0,0.0
6083,58,0.9827586206896557,0.6034482758620767,1.162663955261819,0.6780884595831169,0.013179190751445293,0.0,0.0,0.01494289974426089,0.0,0.0,0.4525862068965517,0.0,0.0,0.547025927808846,0.0,0.0,0.0,0.0
6084,59,1.2172881355932208,0.5762711864407262,1.1626146509740252,0.677861201298697,0.015339598462194829,0.0,0.0,0.014935545846519595,0.0,0.0,0.6398305084745762,0.0,0.0,0.5472047483766234,0.0,0.0,0.0,0.0
6085,51,1.321568627450981,0.6470588235294227,1.1637968131533534,0.6792854968029999,0.01640301776587925,0.0,0.0,0.014941390929536193,0.0,0.0,0.696078431372549,0.0,0.0,0.5476250888054399,0.0,0.0,0.0,0.0
6086,35,1.3920000000000003,0.8000000000000071,1.1636139066788647,0.6783572227305033,0.018391845979614685,0.0,0.0,0.014961317315647819,0.0,0.0,0.6428571428571429,0.0,0.0,0.5481854223848734,0.0,0.0,0.0,0.0
6087,48,1.3725000000000003,0.7291666666666673,1.163679341195607,0.678324522163477,0.0185577464788728,0.0,0.0,0.014969422799762487,0.0,0.0,0.6458333333333334,0.0,0.0,0.5481394875965839,0.0,0.0,0.0,0.0
6088,38,1.3394736842105268,1.0526315789473883,1.1650040774719665,0.6811416921508623,0.01758811333794069,0.0,0.0,0.014979153915014021,0.0,0.0,0.39473684210526316,0.0,0.0,0.5470183486238532,0.0,0.0,0.0,0.0
6089,55,1.2010909090909094,0.727272727272765,1.1648226299694182,0.6807339449541244,0.013021880544057068,0.0,0.0,0.01496446451886647,0.0,0.0,0.5909090909090909,0.0,0.0,0.5477064220183486,0.0,0.0,0.0,0.0
6090,57,0.966491228070176,0.6666666666666734,1.1633890360709183,0.6798451192174406,0.01382434127979915,0.0,0.0,0.01495599982185101,0.0,0.0,0.4298245614035088,0.0,0.0,0.5469991848379866,0.0,0.0,0.0,0.0
6091,49,1.348367346938776,0.5714285714285666,1.1639195519348258,0.6798370672097722,0.023800432276656965,0.0,0.0,0.015007431703173035,0.0,0.0,0.7244897959183674,0.0,0.0,0.547326883910387,0.0,0.0,0.0,0.0
6092,57,1.2378947368421058,0.6666666666666806,1.164176249109595,0.6795563244123298,0.01554527428949069,0.0,0.0,0.015046195891623437,0.0,0.0,0.6578947368421053,0.0,0.0,0.5480054950646179,0.0,0.0,0.0,0.0
6093,56,1.429821428571429,0.6785714285714439,1.1645654386321993,0.6795237125992233,0.018760543580130722,0.0,0.0,0.015052485635510263,0.0,0.0,0.7232142857142857,0.0,0.0,0.5480612660289029,0.0,0.0,0.0,0.0
6094,55,1.4650909090909097,0.9818181818182095,1.166620879120878,0.6816239316239285,0.016232876712329283,0.0,0.0,0.015093677678225857,0.0,0.0,0.5909090909090909,0.0,0.0,0.5483567358567358,0.0,0.0,0.0,0.0
6095,41,1.6921951219512201,0.9268292682927263,1.1689186164801617,0.682502543234992,0.017680937818553177,0.0,0.0,0.015117806178969607,0.0,0.0,0.8048780487804879,0.0,0.0,0.5493896236012208,0.0,0.0,0.0,0.0
6096,59,1.140677966101695,0.745762711864458,1.1683125063496889,0.6813979477801455,0.011116617112653512,0.0,0.0,0.015078251611448237,0.0,0.0,0.5211864406779662,0.0,0.0,0.5497561718988113,0.0,0.0,0.0,0.0
6097,41,0.8953658536585369,0.6829268292683138,1.1651038273615624,0.6804763843648182,0.010958208955224338,0.0,0.0,0.015004666844950637,0.0,0.0,0.32926829268292684,0.0,0.0,0.5476129885993485,0.0,0.0,0.0,0.0
6098,58,1.3331034482758624,0.655172413793133,1.1661158536585352,0.6799796747967453,0.019002211845662875,0.0,0.0,0.015026321578980458,0.0,0.0,0.7025862068965517,0.0,0.0,0.5487804878048781,0.0,0.0,0.0,0.0
6099,51,1.076274509803922,0.5882352941175991,1.166219945216596,0.6796185451963043,0.010660322392697166,0.0,0.0,0.01500448355572727,0.0,0.0,0.5686274509803921,0.0,0.0,0.5488992594095566,0.0,0.0,0.0,0.0
6100,43,1.3579069767441865,0.790697674418642,1.1664201544087756,0.6792970337261248,0.014774797570850734,0.0,0.0,0.01499421503359982,0.0,0.0,0.5930232558139535,0.0,0.0,0.5489130434782609,0.0,0.0,0.0,0.0
6101,44,0.9481818181818187,0.7499999999999752,1.163469553725728,0.678662193758257,0.013303571428570754,0.0,0.0,0.014987906272630724,0.0,0.0,0.32954545454545453,0.0,0.0,0.5469147097692386,0.0,0.0,0.0,0.0
6102,55,1.2558181818181824,0.7636363636363385,1.164338914256721,0.6792491121258216,0.015573844419391377,0.0,0.0,0.014980410485514467,0.0,0.0,0.5454545454545454,0.0,0.0,0.5468797564687976,0.0,0.0,0.0,0.0
6103,47,1.345106382978724,0.7446808510638937,1.166738092820147,0.6807149385599649,0.015248432223831137,0.0,0.0,0.01500132531268893,0.0,0.0,0.6170212765957447,0.0,0.0,0.5472225043160354,0.0,0.0,0.0,0.0
6104,44,1.2645454545454549,0.6363636363636448,1.1668814694540273,0.6808402679115056,0.019878528045730814,0.0,0.0,0.015004312690270558,0.0,0.0,0.6988636363636364,0.0,0.0,0.5477217373655369,0.0,0.0,0.0,0.0
6105,59,1.0844067796610175,0.7288135593220437,1.1677508615446974,0.6813298195824019,0.011400570206700225,0.0,0.0,0.014986686196180576,0.0,0.0,0.4788135593220339,0.0,0.0,0.5484998986418002,0.0,0.0,0.0,0.0
6106,45,1.3535555555555563,0.7555555555555724,1.1691633708548814,0.6808640097353186,0.0202695507487521,0.0,0.0,0.015010936816448986,0.0,0.0,0.6444444444444445,0.0,0.0,0.5500202819186695,0.0,0.0,0.0,0.0
6107,40,1.3555000000000006,0.8749999999999891,1.169790884174194,0.6828748350421253,0.017114898989898937,0.0,0.0,0.015020131358909105,0.0,0.0,0.525,0.0,0.0,0.549106689676175,0.0,0.0,0.0,0.0
6108,38,0.8915789473684215,0.342105263157896,1.1685397374580222,0.6802686476035387,0.013116531165311212,0.0,0.0,0.015026288585598216,0.0,0.0,0.4473684210526316,0.0,0.0,0.5494810216749771,0.0,0.0,0.0,0.0
6109,46,1.2456521739130437,0.5217391304347698,1.1696979251423905,0.6793124491456444,0.022984356197353215,0.0,0.0,0.01506061979120288,0.0,0.0,0.7445652173913043,0.0,0.0,0.5511086248982913,0.0,0.0,0.0,0.0
6110,51,1.021176470588236,0.5098039215686152,1.1710333944206868,0.6806149460395006,0.015649038461538027,0.0,0.0,0.015093511906167917,0.0,0.0,0.5098039215686274,0.0,0.0,0.5514406434534718,0.0,0.0,0.0,0.0
6111,54,1.0201851851851858,0.7407407407407695,1.1695240516627665,0.6798535543577724,0.016352033244287082,0.0,0.0,0.01509177165354333,0.0,0.0,0.3888888888888889,0.0,0.0,0.5505695108308756,0.0,0.0,0.0,0.0
6112,52,1.250961538461539,0.8461538461538445,1.1696456133225004,0.6802396425670163,0.011883449031786744,0.0,0.0,0.015048292043733945,0.0,0.0,0.5,0.0,0.0,0.5505178716490658,0.0,0.0,0.0,0.0
6113,55,1.3407272727272734,0.6727272727273041,1.170809494826535,0.6803611280178513,0.013341776732404461,0.0,0.0,0.015041716515361238,0.0,0.0,0.6727272727272727,0.0,0.0,0.5513288699533374,0.0,0.0,0.0,0.0
6114,48,1.2931250000000005,0.7708333333333043,1.171841517857141,0.6811079545454524,0.016793831168830875,0.0,0.0,0.015062874626351813,0.0,0.0,0.6145833333333334,0.0,0.0,0.5518465909090909,0.0,0.0,0.0,0.0
6115,57,1.2292982456140356,0.5964912280701458,1.1736045094454584,0.6816981515336155,0.01363229571984371,0.0,0.0,0.01506516110359288,0.0,0.0,0.6140350877192983,0.0,0.0,0.5526101970343287,0.0,0.0,0.0,0.0
6116,51,1.2460784313725495,0.7058823529411635,1.1735841966280705,0.6821044078813708,0.011048331015298406,0.0,0.0,0.015018260887648124,0.0,0.0,0.5490196078431373,0.0,0.0,0.5521531586431038,0.0,0.0,0.0,0.0
6117,56,1.3705357142857149,0.7321428571428987,1.1748132737974408,0.6818550842297524,0.022118155619596288,0.0,0.0,0.015040086161537314,0.0,0.0,0.6875,0.0,0.0,0.5531763750761112,0.0,0.0,0.0,0.0
6118,44,1.1245454545454552,0.7272727272727185,1.1741648898365298,0.6817951061021403,0.0170327022375215,0.0,0.0,0.015031950376827287,0.0,0.0,0.5056818181818182,0.0,0.0,0.5528733881612347,0.0,0.0,0.0,0.0
6119,41,0.9200000000000004,0.7560975609755951,1.171141519991859,0.6811476243768421,0.011739807033924734,0.0,0.0,0.015008174791914403,0.0,0.0,0.3048780487804878,0.0,0.0,0.5513022687964187,0.0,0.0,0.0,0.0
6120,58,1.3462068965517249,0.8275862068965835,1.1724687341128606,0.6817488561260786,0.016489968321013675,0.0,0.0,0.01502456051659172,0.0,0.0,0.5862068965517241,0.0,0.0,0.551906456532791,0.0,0.0,0.0,0.0
6121,51,1.1760784313725494,0.7647058823529264,1.1731811712078062,0.6823912159414379,0.010532045654082042,0.0,0.0,0.015018409555008072,0.0,0.0,0.5343137254901961,0.0,0.0,0.552358682391216,0.0,0.0,0.0,0.0
6122,47,1.4200000000000008,0.6808510638297905,1.1751190233977602,0.6822990844354,0.019244521337947174,0.0,0.0,0.015064390723562653,0.0,0.0,0.7446808510638298,0.0,0.0,0.5541709053916581,0.0,0.0,0.0,0.0
6123,43,1.1853488372093028,0.5581395348837273,1.1747138355189573,0.6811019619802768,0.013402576912963135,0.0,0.0,0.015041712171050508,0.0,0.0,0.6104651162790697,0.0,0.0,0.5542086001829826,0.0,0.0,0.0,0.0
6124,49,1.025102040816327,0.653061224489784,1.174113165379925,0.680008126777731,0.012687547360444583,0.0,0.0,0.015005459259384298,0.0,0.0,0.46938775510204084,0.0,0.0,0.554322429906542,0.0,0.0,0.0,0.0
6125,44,1.202045454545455,0.818181818181825,1.1749140823589204,0.6804270462633436,0.013980967486121558,0.0,0.0,0.015011926104918562,0.0,0.0,0.4772727272727273,0.0,0.0,0.5547280122013218,0.0,0.0,0.0,0.0
6126,54,1.2761111111111116,0.6851851851851828,1.17572808623144,0.6811063656701225,0.01632551528073925,0.0,0.0,0.015024995939053331,0.0,0.0,0.5925925925925926,0.0,0.0,0.554631889363433,0.0,0.0,0.0,0.0
6127,38,1.255526315789474,0.6842105263158023,1.1750218829516519,0.6810178117048331,0.01391773628938169,0.0,0.0,0.015011494701254817,0.0,0.0,0.6578947368421053,0.0,0.0,0.5544783715012722,0.0,0.0,0.0,0.0
6128,50,1.0024000000000002,0.39999999999998825,1.1731549984714136,0.67879343727708,0.01045037531276112,0.0,0.0,0.01494710423607561,0.0,0.0,0.635,0.0,0.0,0.55510547233262,0.0,0.0,0.0,0.0
6129,42,1.1366666666666674,0.5476190476190465,1.1730781792202474,0.6780975709328421,0.02573584905660371,0.0,0.0,0.01498466179685781,0.0,0.0,0.5833333333333334,0.0,0.0,0.5557001428863033,0.0,0.0,0.0,0.0
6130,38,1.0755263157894739,0.31578947368422494,1.171214132543652,0.6757888287552322,0.012896812874723837,0.0,0.0,0.0149604327291178,0.0,0.0,0.7631578947368421,0.0,0.0,0.5560604513427959,0.0,0.0,0.0,0.0
6131,53,1.1628301886792456,0.6981132075471644,1.1712571428571412,0.6754081632653051,0.01387438090950105,0.0,0.0,0.014942713384668484,0.0,0.0,0.5518867924528302,0.0,0.0,0.5564795918367347,0.0,0.0,0.0,0.0
6132,58,1.417931034482759,0.7931034482758886,1.1738467807660946,0.6763447432762828,0.01636616915422969,0.0,0.0,0.014957014329422274,0.0,0.0,0.7241379310344828,0.0,0.0,0.5583740831295844,0.0,0.0,0.0,0.0
6133,39,0.9543589743589747,0.7692307692307584,1.1720846075433213,0.6775739041794079,0.013161244695898206,0.0,0.0,0.014957624086950328,0.0,0.0,0.24358974358974358,0.0,0.0,0.5558613659531091,0.0,0.0,0.0,0.0
6134,42,1.270714285714286,0.9047619047619425,1.173214030794329,0.6794126644233702,0.011918267083519741,0.0,0.0,0.014940908813488479,0.0,0.0,0.5,0.0,0.0,0.555750994187825,0.0,0.0,0.0,0.0
6135,49,1.3618367346938782,0.8367346938776076,1.1732989901050683,0.6797919004386407,0.016919371196755364,0.0,0.0,0.014914011859270715,0.0,0.0,0.5816326530612245,0.0,0.0,0.5555187187595634,0.0,0.0,0.0,0.0
6136,47,1.038085106382979,0.8085106382979124,1.1740020397756232,0.6810810810810807,0.010374229215395098,0.0,0.0,0.01492204585080668,0.0,0.0,0.4095744680851064,0.0,0.0,0.5553799082100969,0.0,0.0,0.0,0.0
6137,41,1.2146341463414636,0.5365853658536612,1.1737599510104089,0.6797305572565827,0.017364016736402643,0.0,0.0,0.014949537754391118,0.0,0.0,0.7012195121951219,0.0,0.0,0.5562614819350888,0.0,0.0,0.0,0.0
6138,40,1.1702500000000005,0.7000000000000047,1.1740811114516279,0.6803555010726323,0.015100000000000016,0.0,0.0,0.01495340186548672,0.0,0.0,0.54375,0.0,0.0,0.555981203391562,0.0,0.0,0.0,0.0
6139,52,1.3782692307692312,0.884615384615419,1.1749775234981596,0.681855333060891,0.018683524504693107,0.0,0.0,0.014970282492053245,0.0,0.0,0.6490384615384616,0.0,0.0,0.5563189619942787,0.0,0.0,0.0,0.0
6140,44,1.3006818181818187,0.6818181818181652,1.175372661282076,0.6823433186790717,0.01664630599185637,0.0,0.0,0.014953239908534964,0.0,0.0,0.5795454545454546,0.0,0.0,0.5561547898987833,0.0,0.0,0.0,0.0
6141,44,1.334545454545455,0.8636363636363601,1.1746116107931301,0.6829517579721996,0.016034953577280187,0.0,0.0,0.01494388436447145,0.0,0.0,0.5681818181818182,0.0,0.0,0.5553965658217498,0.0,0.0,0.0,0.0
6142,52,1.0559615384615388,0.6923076923076841,1.1735019415491503,0.6826078070713266,0.017159374999999852,0.0,0.0,0.014952378224316498,0.0,0.0,0.4326923076923077,0.0,0.0,0.5546188432454527,0.0,0.0,0.0,0.0
6143,42,1.0528571428571434,0.4523809523809576,1.1732436579378054,0.681157937806874,0.016955521472392394,0.0,0.0,0.01496914716177383,0.0,0.0,0.6071428571428571,0.0,0.0,0.555416325695581,0.0,0.0,0.0,0.0
6144,39,1.3479487179487184,0.871794871794888,1.174229706213531,0.6826696693622686,0.022456215292610302,0.0,0.0,0.014999934618301673,0.0,0.0,0.5512820512820513,0.0,0.0,0.5551745316818507,0.0,0.0,0.0,0.0
6145,53,1.3381132075471707,0.849056603773609,1.1753033868822251,0.6833111634093934,0.017251277061542822,0.0,0.0,0.015029506206116905,0.0,0.0,0.5754716981132075,0.0,0.0,0.5558170469661312,0.0,0.0,0.0,0.0
6146,54,0.9829629629629636,0.4444444444444518,1.1751218762802116,0.6823023351085622,0.015484247374562455,0.0,0.0,0.015040899473812564,0.0,0.0,0.5370370370370371,0.0,0.0,0.5562781646866038,0.0,0.0,0.0,0.0
6147,47,1.2359574468085113,0.6808510638297819,1.1744827232646349,0.6820465497795551,0.021177542836310844,0.0,0.0,0.015048312066390193,0.0,0.0,0.6382978723404256,0.0,0.0,0.5558802419768276,0.0,0.0,0.0,0.0
6148,50,1.4214000000000004,1.0800000000000114,1.1760475361131015,0.6839463169757201,0.017670313276976792,0.0,0.0,0.015075116877659321,0.0,0.0,0.5,0.0,0.0,0.5559368917119147,0.0,0.0,0.0,0.0
6149,40,1.2682500000000005,0.6500000000000111,1.1765877651398693,0.6847013013628449,0.0242959770114943,0.0,0.0,0.015090247204005758,0.0,0.0,0.625,0.0,0.0,0.5559227379854493,0.0,0.0,0.0,0.0
6150,51,1.230196078431373,0.7450980392156874,1.175492063492062,0.6828469022017414,0.019854430379746876,0.0,0.0,0.015109212150888387,0.0,0.0,0.5098039215686274,0.0,0.0,0.5558883768561188,0.0,0.0,0.0,0.0
6151,53,1.2658490566037741,0.6415094339622427,1.1751019153948565,0.681552801393015,0.017273429454170788,0.0,0.0,0.015119612432523643,0.0,0.0,0.6320754716981132,0.0,0.0,0.5563607497695381,0.0,0.0,0.0,0.0
6152,55,1.0390909090909095,0.6181818181818016,1.1745422895760789,0.6825721892279342,0.014556800815079178,0.0,0.0,0.015111101157580952,0.0,0.0,0.5681818181818182,0.0,0.0,0.556215441327053,0.0,0.0,0.0,0.0
6153,48,1.411041666666667,0.6875000000000306,1.1760678417708532,0.6828243492518966,0.018855790645879274,0.0,0.0,0.015149827393878617,0.0,0.0,0.7708333333333334,0.0,0.0,0.5573888091822095,0.0,0.0,0.0,0.0
6154,50,0.9648000000000004,0.7600000000000111,1.1749774728650404,0.6826745852959256,0.013890008638065308,0.0,0.0,0.01513682041594887,0.0,0.0,0.35,0.0,0.0,0.5564970305140282,0.0,0.0,0.0,0.0
6155,52,1.0175000000000005,0.6538461538461486,1.1745755587451288,0.6833094115234787,0.012484662576687032,0.0,0.0,0.015123104135591457,0.0,0.0,0.4423076923076923,0.0,0.0,0.5560539265942177,0.0,0.0,0.0,0.0
6156,63,1.1282539682539687,0.730158730158694,1.1738944569441592,0.6834731028840263,0.015841319367060114,0.0,0.0,0.015112564069817529,0.0,0.0,0.5714285714285714,0.0,0.0,0.5556606668030272,0.0,0.0,0.0,0.0
6157,53,1.334905660377359,0.6415094339622861,1.174944325263049,0.6825007661661059,0.01919945725915925,0.0,0.0,0.01512173348268992,0.0,0.0,0.6509433962264151,0.0,0.0,0.5566196751455715,0.0,0.0,0.0,0.0
6158,47,1.0725531914893622,0.382978723404247,1.1744874808380161,0.6805314256515085,0.014731151373466062,0.0,0.0,0.015131361700895084,0.0,0.0,0.5851063829787234,0.0,0.0,0.5573071027082269,0.0,0.0,0.0,0.0
6159,61,0.979836065573771,0.6885245901639511,1.1735421342583134,0.680371352785147,0.01667689732142886,0.0,0.0,0.015140645504358717,0.0,0.0,0.39344262295081966,0.0,0.0,0.5567996327280147,0.0,0.0,0.0,0.0
6160,38,1.1026315789473689,0.8421052631579135,1.1726384065372817,0.6820224719101136,0.01432478632478687,0.0,0.0,0.015117030564235495,0.0,0.0,0.35526315789473684,0.0,0.0,0.5552093973442288,0.0,0.0,0.0,0.0
6161,44,1.2325000000000004,0.5000000000000173,1.1722122357266869,0.6811357369012373,0.018173592493298304,0.0,0.0,0.01511403546892226,0.0,0.0,0.7386363636363636,0.0,0.0,0.5557654989275865,0.0,0.0,0.0,0.0
6162,52,1.22923076923077,0.8461538461538383,1.1725595664178332,0.6822783515696916,0.023762081784386324,0.0,0.0,0.015122288324811547,0.0,0.0,0.5,0.0,0.0,0.5552203701810001,0.0,0.0,0.0,0.0
6163,56,1.0669642857142863,0.678571428571418,1.1732808022922627,0.6827670896438819,0.01721902017291,0.0,0.0,0.015149709302325612,0.0,0.0,0.45535714285714285,0.0,0.0,0.5555157593123209,0.0,0.0,0.0,0.0
6164,53,1.0386792452830191,0.6415094339622374,1.1722399672399664,0.6822276822276835,0.012217043941411319,0.0,0.0,0.015128634696487677,0.0,0.0,0.5188679245283019,0.0,0.0,0.5551289926289926,0.0,0.0,0.0,0.0
6165,43,0.9976744186046517,0.6511627906976623,1.172584776149984,0.6838438684561019,0.012292263610315487,0.0,0.0,0.015113054776504915,0.0,0.0,0.37209302325581395,0.0,0.0,0.5542977153980125,0.0,0.0,0.0,0.0
6166,61,1.1491803278688533,0.6557377049180255,1.172810136930308,0.6837318618434509,0.022649434571889965,0.0,0.0,0.015119019704446506,0.0,0.0,0.5409836065573771,0.0,0.0,0.5545677498467197,0.0,0.0,0.0,0.0
6167,40,1.0972500000000005,0.9000000000000092,1.172332173557101,0.684609087187885,0.013959923664122277,0.0,0.0,0.015128784497262437,0.0,0.0,0.3875,0.0,0.0,0.5539040114613181,0.0,0.0,0.0,0.0
6168,56,1.5101785714285718,0.7499999999999428,1.1743147883002651,0.6851094293311527,0.020953914767095703,0.0,0.0,0.0151673000437222,0.0,0.0,0.7321428571428571,0.0,0.0,0.5546635303743097,0.0,0.0,0.0,0.0
6169,41,1.217073170731708,0.7804878048780429,1.1745049099836327,0.686067921440263,0.018007939372068637,0.0,0.0,0.015178341507264034,0.0,0.0,0.5609756097560976,0.0,0.0,0.554214402618658,0.0,0.0,0.0,0.0
6170,47,1.4376595744680856,1.0638297872340927,1.1749688234692826,0.6874169477665352,0.0191470671578356,0.0,0.0,0.015181662693407507,0.0,0.0,0.5638297872340425,0.0,0.0,0.5542011652867219,0.0,0.0,0.0,0.0
6171,42,1.2690476190476194,0.6190476190476107,1.1757865111042873,0.6870330570054256,0.01851980542043044,0.0,0.0,0.015207617701214276,0.0,0.0,0.625,0.0,0.0,0.5546003479684781,0.0,0.0,0.0,0.0
6172,53,1.0124528301886795,0.6792452830188471,1.1758807892853482,0.687353031387385,0.014021426704990736,0.0,0.0,0.015217815284382489,0.0,0.0,0.4009433962264151,0.0,0.0,0.5543911665473878,0.0,0.0,0.0,0.0
6173,50,1.1480000000000006,0.6399999999999904,1.1752188586623022,0.6876661894047874,0.01408243375858656,0.0,0.0,0.015209635128857108,0.0,0.0,0.56,0.0,0.0,0.5538453671507466,0.0,0.0,0.0,0.0
6174,42,1.3466666666666671,0.9047619047618694,1.1760597687033048,0.6889775867362614,0.016979885920143763,0.0,0.0,0.015212481052708256,0.0,0.0,0.5357142857142857,0.0,0.0,0.5537304267731041,0.0,0.0,0.0,0.0
6175,48,1.0050000000000006,0.5833333333333259,1.1765039402312958,0.6888752430662174,0.018224404986778,0.0,0.0,0.015244623559663042,0.0,0.0,0.5416666666666666,0.0,0.0,0.5544980042984341,0.0,0.0,0.0,0.0
6176,44,0.9750000000000004,0.6363636363636433,1.177107717536127,0.6894537255303896,0.012836624775582936,0.0,0.0,0.015269451365271693,0.0,0.0,0.3977272727272727,0.0,0.0,0.5547043148508763,0.0,0.0,0.0,0.0
6177,53,1.0188679245283023,0.7169811320754217,1.1763360966124237,0.6894893050864813,0.01538023355169361,0.0,0.0,0.015265405216596774,0.0,0.0,0.3915094339622642,0.0,0.0,0.5538839422781701,0.0,0.0,0.0,0.0
6178,48,1.0810416666666673,0.5625000000000137,1.1753594838181065,0.6881401065137249,0.01506678281068464,0.0,0.0,0.015258482688932653,0.0,0.0,0.6666666666666666,0.0,0.0,0.5543578451454322,0.0,0.0,0.0,0.0
6179,43,0.958837209302326,0.7441860465116438,1.176327220571662,0.6888638459174278,0.011395798783858494,0.0,0.0,0.0152581781553521,0.0,0.0,0.313953488372093,0.0,0.0,0.5544001639176314,0.0,0.0,0.0,0.0
6180,46,1.135652173913044,0.7826086956521676,1.1777524864144358,0.6886086332410554,0.013165322580645173,0.0,0.0,0.015267756149107163,0.0,0.0,0.4891304347826087,0.0,0.0,0.555470111760484,0.0,0.0,0.0,0.0
6181,60,1.2100000000000006,0.983333333333325,1.177120327700972,0.690220174091143,0.017293949499762613,0.0,0.0,0.015290042552965115,0.0,0.0,0.4083333333333333,0.0,0.0,0.5544034818228366,0.0,0.0,0.0,0.0
6182,54,1.0940740740740746,0.5370370370370444,1.1754072027828928,0.6894822999795388,0.013550458715596243,0.0,0.0,0.015247159844985975,0.0,0.0,0.6018518518518519,0.0,0.0,0.5537395129936566,0.0,0.0,0.0,0.0
6183,45,1.377555555555556,0.8888888888889156,1.1758782608695646,0.690434782608697,0.015115825408436876,0.0,0.0,0.015237661550861804,0.0,0.0,0.6166666666666667,0.0,0.0,0.5537084398976982,0.0,0.0,0.0,0.0
6184,50,1.1928000000000003,0.6599999999999813,1.175443569016678,0.6900644633173038,0.015474831344057837,0.0,0.0,0.015242187582927369,0.0,0.0,0.605,0.0,0.0,0.5535915276782973,0.0,0.0,0.0,0.0
6185,47,1.2674468085106387,0.9361702127659791,1.1765865876098953,0.6924964219995922,0.015586080586080318,0.0,0.0,0.015271829561829795,0.0,0.0,0.48936170212765956,0.0,0.0,0.5533122060928235,0.0,0.0,0.0,0.0
6186,58,1.343620689655173,0.8620689655172208,1.178541943394298,0.6938796362521721,0.015238560813453985,0.0,0.0,0.015271330350842164,0.0,0.0,0.603448275862069,0.0,0.0,0.5539491161745173,0.0,0.0,0.0,0.0
6187,45,1.1237777777777784,0.7555555555555571,1.1786420762235614,0.693062225401043,0.016756129887343034,0.0,0.0,0.015274994041155798,0.0,0.0,0.4222222222222222,0.0,0.0,0.5541534688872994,0.0,0.0,0.0,0.0
6188,42,1.2845238095238098,0.904761904761901,1.1786125038371016,0.6931341450936259,0.011572286572287146,0.0,0.0,0.015248419700951204,0.0,0.0,0.47023809523809523,0.0,0.0,0.5538473344929908,0.0,0.0,0.0,0.0
6189,53,1.3533962264150947,0.7547169811320809,1.1791458674304414,0.6933306055646488,0.01444422070076589,0.0,0.0,0.015256509010439878,0.0,0.0,0.6415094339622641,0.0,0.0,0.554214402618658,0.0,0.0,0.0,0.0
6190,39,1.001538461538462,0.5128205128205122,1.179236672464954,0.694362017804155,0.017811217510259852,0.0,0.0,0.015269735273074223,0.0,0.0,0.48717948717948717,0.0,0.0,0.5538217538115215,0.0,0.0,0.0,0.0
6191,56,1.2482142857142864,0.6250000000000148,1.1783848515864888,0.6924257932446274,0.01407854984894263,0.0,0.0,0.01524339769035021,0.0,0.0,0.5892857142857143,0.0,0.0,0.5539406345957011,0.0,0.0,0.0,0.0
6192,61,0.9932786885245907,0.6557377049180454,1.1771086556169423,0.6921424186617565,0.013249507981632054,0.0,0.0,0.015215958355706447,0.0,0.0,0.39344262295081966,0.0,0.0,0.5531767955801105,0.0,0.0,0.0,0.0
6193,51,1.3074509803921575,0.9803921568627223,1.1772597137014307,0.6936605316973422,0.02199934015176494,0.0,0.0,0.015236139249970616,0.0,0.0,0.5245098039215687,0.0,0.0,0.5525817995910021,0.0,0.0,0.0,0.0
6194,55,1.4198181818181823,0.8181818181818072,1.1785143557780724,0.6951057525288654,0.019880346232178804,0.0,0.0,0.015275017646739487,0.0,0.0,0.6090909090909091,0.0,0.0,0.5525441912741391,0.0,0.0,0.0,0.0
6195,41,1.3975609756097567,1.024390243902465,1.180758924005318,0.6972486447785625,0.014411468812877672,0.0,0.0,0.015303734105394949,0.0,0.0,0.5670731707317073,0.0,0.0,0.5529047765163138,0.0,0.0,0.0,0.0
6196,53,1.242264150943397,0.6415094339622754,1.181310316565925,0.6967523819280818,0.01889781859931096,0.0,0.0,0.015324769047362803,0.0,0.0,0.5707547169811321,0.0,0.0,0.5531451695523,0.0,0.0,0.0,0.0
6197,48,1.1539583333333339,0.6249999999999816,1.1811455773955768,0.6969696969696976,0.013806081754735956,0.0,0.0,0.015309895394463658,0.0,0.0,0.5625,0.0,0.0,0.5529535217035217,0.0,0.0,0.0,0.0
6198,46,1.1282608695652179,0.7826086956521733,1.1802722620266115,0.6979529170931427,0.015418894830659344,0.0,0.0,0.015303454380649489,0.0,0.0,0.4673913043478261,0.0,0.0,0.5517144319344933,0.0,0.0,0.0,0.0
6199,45,1.2275555555555562,0.6222222222222251,1.1811606960081877,0.6979529170931428,0.023132328308208303,0.0,0.0,0.015336772828519713,0.0,0.0,0.6,0.0,0.0,0.5522262026612078,0.0,0.0,0.0,0.0
6200,61,1.1326229508196726,0.5573770491803149,1.1826334628758433,0.6998363673552879,0.015312500000000855,0.0,0.0,0.015366570590635134,0.0,0.0,0.5655737704918032,0.0,0.0,0.5520812026999387,0.0,0.0,0.0,0.0
6201,44,0.8420454545454548,0.4999999999999863,1.1807948036006541,0.6986497545008186,0.010945347119645584,0.0,0.0,0.01536972855372014,0.0,0.0,0.36363636363636365,0.0,0.0,0.5511200900163666,0.0,0.0,0.0,0.0
6202,47,1.320425531914894,0.7234042553191594,1.1814025389025384,0.6989148239148238,0.014120591581343026,0.0,0.0,0.015369516257277003,0.0,0.0,0.6808510638297872,0.0,0.0,0.5516738329238329,0.0,0.0,0.0,0.0
6203,43,1.3344186046511632,0.581395348837214,1.1812375781169957,0.6977768671242701,0.013974671212859354,0.0,0.0,0.015344647234650864,0.0,0.0,0.8255813953488372,0.0,0.0,0.5525817026943961,0.0,0.0,0.0,0.0
6204,48,1.1608333333333338,0.4583333333333334,1.18180225409836,0.6977459016393441,0.012076289553532987,0.0,0.0,0.015360508288587833,0.0,0.0,0.6458333333333334,0.0,0.0,0.5528432377049181,0.0,0.0,0.0,0.0
6205,53,1.3567924528301891,0.7547169811321082,1.1836649912811563,0.6981228843984,0.016072865444792653,0.0,0.0,0.015394687691774149,0.0,0.0,0.5943396226415094,0.0,0.0,0.5539798953738845,0.0,0.0,0.0,0.0
6206,41,1.3060975609756103,0.8780487804877356,1.1852906140891346,0.7002464571780651,0.013505674653214957,0.0,0.0,0.015414867631523856,0.0,0.0,0.45121951219512196,0.0,0.0,0.5538354898336414,0.0,0.0,0.0,0.0
6207,51,1.3905882352941183,0.8235294117646632,1.1870411831159489,0.7018588887747762,0.014936815501263244,0.0,0.0,0.015450616582562,0.0,0.0,0.6372549019607843,0.0,0.0,0.5541491219061313,0.0,0.0,0.0,0.0
6208,40,0.9267500000000007,0.5749999999999759,1.186089460154241,0.7011825192802051,0.016804170444242716,0.0,0.0,0.015453121713536336,0.0,0.0,0.35,0.0,0.0,0.5533419023136247,0.0,0.0,0.0,0.0
6209,57,1.1531578947368424,0.5614035087719315,1.1850457207438603,0.7002979554094314,0.014433465085638935,0.0,0.0,0.015432334976819574,0.0,0.0,0.6052631578947368,0.0,0.0,0.5534521730196239,0.0,0.0,0.0,0.0
6210,60,0.9543333333333339,0.5500000000000249,1.1836094006568136,0.6991995073891621,0.012499454267626784,0.0,0.0,0.015421827070424048,0.0,0.0,0.4,0.0,0.0,0.5526734400656814,0.0,0.0,0.0,0.0
6211,49,0.9126530612244902,0.4081632653061133,1.1823857450960247,0.6990859607682033,0.01139653414882825,0.0,0.0,0.015386853490041232,0.0,0.0,0.6326530612244898,0.0,0.0,0.5525572558282839,0.0,0.0,0.0,0.0
6212,51,1.118823529411765,0.568627450980407,1.1826428644711184,0.6986765158510307,0.015480195333694812,0.0,0.0,0.015405367118381388,0.0,0.0,0.5882352941176471,0.0,0.0,0.5526059300297528,0.0,0.0,0.0,0.0
6213,48,1.0747916666666673,0.5833333333333424,1.1820151857172165,0.6985429919967162,0.014914715235617614,0.0,0.0,0.015417431186521516,0.0,0.0,0.5104166666666666,0.0,0.0,0.5518930843422942,0.0,0.0,0.0,0.0
6214,49,1.1885714285714293,0.857142857142896,1.181594173163725,0.6992203528929011,0.017094217786910643,0.0,0.0,0.015398615777251726,0.0,0.0,0.4387755102040816,0.0,0.0,0.551138695116947,0.0,0.0,0.0,0.0
6215,48,1.2718750000000003,0.6249999999999921,1.1832130777903036,0.6993953059342011,0.013903438852197502,0.0,0.0,0.015419973045858192,0.0,0.0,0.59375,0.0,0.0,0.5517833350415087,0.0,0.0,0.0,0.0
6216,58,1.0500000000000003,0.586206896551703,1.1830636074976943,0.6981460616613747,0.014897260273971645,0.0,0.0,0.015414452972256007,0.0,0.0,0.603448275862069,0.0,0.0,0.5525709310662706,0.0,0.0,0.0,0.0
6217,43,0.9776744186046514,0.5581395348837049,1.1818970467596381,0.6977030352748155,0.010999476713762162,0.0,0.0,0.015354281093596264,0.0,0.0,0.5,0.0,0.0,0.5519636997538966,0.0,0.0,0.0,0.0
6218,73,1.1373972602739735,0.7945205479451721,1.182771983640081,0.6993865030674844,0.014845342392275323,0.0,0.0,0.015381304434545658,0.0,0.0,0.4486301369863014,0.0,0.0,0.5512781186094069,0.0,0.0,0.0,0.0
6219,48,1.2691666666666674,0.8333333333333233,1.1830401881582975,0.6999693220165657,0.02024592888002658,0.0,0.0,0.01539447771124426,0.0,0.0,0.53125,0.0,0.0,0.5510532774312302,0.0,0.0,0.0,0.0
6220,47,1.0227659574468089,0.723404255319127,1.1815876752994157,0.6980243627802227,0.01382513661202105,0.0,0.0,0.015363656207657592,0.0,0.0,0.425531914893617,0.0,0.0,0.5511055379260927,0.0,0.0,0.0,0.0
6221,45,1.179333333333334,0.6666666666666756,1.181103257529194,0.6958615037902066,0.014599724896836409,0.0,0.0,0.015375167020933366,0.0,0.0,0.6,0.0,0.0,0.5520129071911494,0.0,0.0,0.0,0.0
6222,57,1.0994736842105268,0.4210526315789477,1.179429681112019,0.6931725265739981,0.01733609958506284,0.0,0.0,0.01535419848953379,0.0,0.0,0.5921052631578947,0.0,0.0,0.5521259198691741,0.0,0.0,0.0,0.0
6223,52,1.3438461538461541,0.8076923076922532,1.1812257405515822,0.6939734422880482,0.012186955005230475,0.0,0.0,0.015358461949152271,0.0,0.0,0.6057692307692307,0.0,0.0,0.5531154239019408,0.0,0.0,0.0,0.0
6224,48,1.2025000000000003,0.6875000000000213,1.1820602655771184,0.6951991828396318,0.011337654684738708,0.0,0.0,0.015338592717184924,0.0,0.0,0.4791666666666667,0.0,0.0,0.5522982635342186,0.0,0.0,0.0,0.0
6225,46,1.3745652173913048,0.8260869565217558,1.1836004087889618,0.6978027593254978,0.01947336002463827,0.0,0.0,0.015358876801744234,0.0,0.0,0.6413043478260869,0.0,0.0,0.5520183955033214,0.0,0.0,0.0,0.0
6226,40,1.6220000000000006,1.0500000000000245,1.1863390211505047,0.6999080412792476,0.0153489472439084,0.0,0.0,0.015382281633788714,0.0,0.0,0.675,0.0,0.0,0.552671911719628,0.0,0.0,0.0,0.0
6227,46,1.160652173913044,0.7826086956522055,1.1867968111201952,0.7011447260834012,0.011242366814066589,0.0,0.0,0.015378223712005208,0.0,0.0,0.4782608695652174,0.0,0.0,0.5523047833197057,0.0,0.0,0.0,0.0
6228,47,1.267234042553192,0.7659574468085152,1.187410093992643,0.7012668573763792,0.013742501153668433,0.0,0.0,0.015375661137672823,0.0,0.0,0.574468085106383,0.0,0.0,0.5524621986105436,0.0,0.0,0.0,0.0
6229,47,1.4412765957446816,0.7872340425532126,1.1892153657539832,0.7022885165508786,0.018308108108107384,0.0,0.0,0.015380643183518006,0.0,0.0,0.6702127659574468,0.0,0.0,0.5530241111565182,0.0,0.0,0.0,0.0
6230,60,1.2013333333333338,0.5333333333333247,1.1889173469387744,0.700816326530612,0.015342699020859815,0.0,0.0,0.015369706163638244,0.0,0.0,0.6166666666666667,0.0,0.0,0.5530612244897959,0.0,0.0,0.0,0.0
6231,63,1.1758730158730164,0.7619047619047461,1.1889573363201293,0.7015578861623053,0.01276141257536598,0.0,0.0,0.01536309357780791,0.0,0.0,0.5238095238095238,0.0,0.0,0.5524895631809388,0.0,0.0,0.0,0.0
6232,52,1.2607692307692313,0.7884615384615544,1.18999286951207,0.7027605174696957,0.014227430555555611,0.0,0.0,0.01536592552060871,0.0,0.0,0.5673076923076923,0.0,0.0,0.5522308240806764,0.0,0.0,0.0,0.0
6233,56,0.968571428571429,0.5000000000000403,1.18866402116402,0.7017704517704524,0.01141414141414193,0.0,0.0,0.015367561843498695,0.0,0.0,0.5446428571428571,0.0,0.0,0.5519688644688645,0.0,0.0,0.0,0.0
6234,57,1.4984210526315795,0.6666666666667114,1.1912177271803202,0.7018702988412289,0.01697337042925294,0.0,0.0,0.01539300148555239,0.0,0.0,0.7894736842105263,0.0,0.0,0.553593210002033,0.0,0.0,0.0,0.0
6235,61,1.2009836065573776,0.6557377049180644,1.1921173727954582,0.7017028177579577,0.020165152766307873,0.0,0.0,0.015428164783199059,0.0,0.0,0.5573770491803278,0.0,0.0,0.5540492600851409,0.0,0.0,0.0,0.0
6236,52,1.094038461538462,0.4615384615384682,1.1921889891513726,0.7004968062455654,0.01145590012082172,0.0,0.0,0.015398303098240442,0.0,0.0,0.6057692307692307,0.0,0.0,0.5550288958734665,0.0,0.0,0.0,0.0
6237,48,1.4250000000000007,0.7500000000000121,1.1935583071145832,0.700192834669645,0.015826006478481598,0.0,0.0,0.015421907784305567,0.0,0.0,0.6875,0.0,0.0,0.5562772759565614,0.0,0.0,0.0,0.0
6238,48,1.223541666666667,0.4583333333333422,1.196256977570282,0.7005988023952109,0.019161500815660745,0.0,0.0,0.015470065165604703,0.0,0.0,0.6979166666666666,0.0,0.0,0.5574698061504111,0.0,0.0,0.0,0.0
6239,41,0.9482926829268296,0.5365853658536438,1.1937994722955132,0.6979906636898732,0.01083008356545983,0.0,0.0,0.015419411074628301,0.0,0.0,0.4146341463414634,0.0,0.0,0.5568550842297544,0.0,0.0,0.0,0.0
6240,54,1.102777777777778,0.6296296296296271,1.1941461928933996,0.6976649746192902,0.011062604495634298,0.0,0.0,0.015395571774117612,0.0,0.0,0.5462962962962963,0.0,0.0,0.5576903553299493,0.0,0.0,0.0,0.0
6241,49,1.0404081632653066,0.6326530612244875,1.1938872524123905,0.6971051295073649,0.013115513249292847,0.0,0.0,0.015383312632597112,0.0,0.0,0.49489795918367346,0.0,0.0,0.5578212290502793,0.0,0.0,0.0,0.0
6242,51,1.2107843137254908,0.5490196078431483,1.195163976038175,0.6972281449893397,0.015119980411361655,0.0,0.0,0.015381339598504679,0.0,0.0,0.6078431372549019,0.0,0.0,0.5581023454157783,0.0,0.0,0.0,0.0
6243,53,1.083396226415095,0.6415094339622628,1.1928124999999985,0.6957183441558448,0.016188328164646822,0.0,0.0,0.01536532034718607,0.0,0.0,0.5,0.0,0.0,0.5572493912337663,0.0,0.0,0.0,0.0
6244,52,1.2671153846153849,0.8076923076923156,1.1922173780796905,0.6957315218493365,0.016484863647734837,0.0,0.0,0.015342853974073815,0.0,0.0,0.5480769230769231,0.0,0.0,0.5569045929230457,0.0,0.0,0.0,0.0
6245,63,1.1436507936507938,0.8571428571429203,1.1918457802064344,0.6970248937462062,0.011465626989179517,0.0,0.0,0.01530326339478299,0.0,0.0,0.4523809523809524,0.0,0.0,0.5558338393037846,0.0,0.0,0.0,0.0
6246,46,0.8597826086956526,0.6086956521738931,1.1904342984409786,0.6958898562462046,0.009954694185753942,0.0,0.0,0.01526469240485138,0.0,0.0,0.358695652173913,0.0,0.0,0.5555527434703381,0.0,0.0,0.0,0.0
6247,46,1.1497826086956526,0.7608695652173805,1.190733090319966,0.6965370595382756,0.012150241212956821,0.0,0.0,0.015249595732071899,0.0,0.0,0.4782608695652174,0.0,0.0,0.5551336573511543,0.0,0.0,0.0,0.0
6248,40,1.4035000000000006,0.9000000000000193,1.1925055747009916,0.6988647881613633,0.013132163742689978,0.0,0.0,0.015251531276939193,0.0,0.0,0.60625,0.0,0.0,0.554910804784107,0.0,0.0,0.0,0.0
6249,50,1.1914000000000005,0.759999999999995,1.1921859805510517,0.7000607779578617,0.015618772941793138,0.0,0.0,0.015236964585100042,0.0,0.0,0.47,0.0,0.0,0.5538644651539708,0.0,0.0,0.0,0.0
6250,40,1.1972500000000004,0.7999999999999912,1.1923792613636348,0.7012987012987025,0.014316890881913645,0.0,0.0,0.01525179809431858,0.0,0.0,0.425,0.0,0.0,0.552835836038961,0.0,0.0,0.0,0.0
6251,52,1.4065384615384622,0.8461538461538052,1.1933972019464703,0.701236820762369,0.01572903225806469,0.0,0.0,0.015258990120006597,0.0,0.0,0.6682692307692307,0.0,0.0,0.553882806163828,0.0,0.0,0.0,0.0
6252,43,1.2516279069767446,0.6046511627907205,1.193185275327044,0.7004360612513952,0.013761186397340279,0.0,0.0,0.015247588649449365,0.0,0.0,0.6104651162790697,0.0,0.0,0.55400060845756,0.0,0.0,0.0,0.0
6253,58,1.2112068965517246,0.8620689655173247,1.192794564996956,0.7021902251064706,0.011955411844792877,0.0,0.0,0.015225988664001213,0.0,0.0,0.4224137931034483,0.0,0.0,0.5522206448996146,0.0,0.0,0.0,0.0
6254,61,1.083114754098361,0.8524590163934768,1.1923019326115532,0.7025194778913301,0.011137896156439927,0.0,0.0,0.015194836846143495,0.0,0.0,0.3770491803278688,0.0,0.0,0.551806131741374,0.0,0.0,0.0,0.0
6255,51,1.0586274509803926,0.568627450980376,1.1917007284500185,0.7013354917037653,0.01351777666499774,0.0,0.0,0.015168389278512018,0.0,0.0,0.5833333333333334,0.0,0.0,0.5522814649939296,0.0,0.0,0.0,0.0
6256,44,1.3500000000000005,0.9545454545454525,1.1936017421249856,0.7029271751240775,0.017093525179855948,0.0,0.0,0.015194129380047019,0.0,0.0,0.5340909090909091,0.0,0.0,0.5525929302137141,0.0,0.0,0.0,0.0
6257,47,1.1434042553191495,0.5957446808510581,1.1941054232133788,0.7036999493157647,0.01731872381566202,0.0,0.0,0.015191691148212493,0.0,0.0,0.648936170212766,0.0,0.0,0.5530157121135327,0.0,0.0,0.0,0.0
6258,46,1.1971739130434786,0.6956521739130754,1.193547307575295,0.7035797586451701,0.016733515648738647,0.0,0.0,0.015164001381172814,0.0,0.0,0.5543478260869565,0.0,0.0,0.5527583409390529,0.0,0.0,0.0,0.0
6259,49,1.3261224489795924,0.7346938775510169,1.1949087776201077,0.7034259071558909,0.014965453707969242,0.0,0.0,0.015160536979381726,0.0,0.0,0.6275510204081632,0.0,0.0,0.5539225623352929,0.0,0.0,0.0,0.0
6260,53,1.2622641509433965,0.6792452830188508,1.195775818384512,0.7039627039627059,0.014096080910239955,0.0,0.0,0.015159565310123892,0.0,0.0,0.5188679245283019,0.0,0.0,0.5538410864497821,0.0,0.0,0.0,0.0
6261,47,1.0297872340425536,0.680851063829683,1.1961790681149103,0.7044970053801664,0.009926168990975594,0.0,0.0,0.015150189705869175,0.0,0.0,0.40425531914893614,0.0,0.0,0.5533702162217033,0.0,0.0,0.0,0.0
6262,51,1.373725490196079,0.6666666666666589,1.1956716720779204,0.7040381493506513,0.012829152169931303,0.0,0.0,0.015096713694413212,0.0,0.0,0.6862745098039216,0.0,0.0,0.5533938717532467,0.0,0.0,0.0,0.0
6263,40,1.3347500000000005,0.7499999999999927,1.1970655154900947,0.7064499746064011,0.014109408033827014,0.0,0.0,0.015090387826389863,0.0,0.0,0.65,0.0,0.0,0.5531742001015744,0.0,0.0,0.0,0.0
6264,51,0.9621568627450985,0.6862745098039357,1.1951314320511501,0.705977874758959,0.010607436230004524,0.0,0.0,0.015054326912628263,0.0,0.0,0.4803921568627451,0.0,0.0,0.552471328529382,0.0,0.0,0.0,0.0
6265,49,1.154489795918368,0.612244897959183,1.1946684242547134,0.7055364023524664,0.014647850854479678,0.0,0.0,0.015063588441440767,0.0,0.0,0.5408163265306123,0.0,0.0,0.55211924558913,0.0,0.0,0.0,0.0
6266,52,1.272307692307693,0.7307692307692335,1.194307271622441,0.7047802309094615,0.015407545412203107,0.0,0.0,0.015059240435204627,0.0,0.0,0.6201923076923077,0.0,0.0,0.5521318614543245,0.0,0.0,0.0,0.0
6267,46,1.135652173913044,0.7391304347826022,1.1957678282009707,0.7055307941653184,0.017105435494432338,0.0,0.0,0.015083347601536411,0.0,0.0,0.4891304347826087,0.0,0.0,0.5523956645056726,0.0,0.0,0.0,0.0
6268,56,1.215892857142858,0.8928571428571256,1.1956349848331629,0.7070778564206291,0.016733841238632596,0.0,0.0,0.015092123903970632,0.0,0.0,0.4017857142857143,0.0,0.0,0.5508341759352882,0.0,0.0,0.0,0.0
6269,47,1.207021276595745,0.8510638297872611,1.196217994130147,0.7081267078230968,0.014329376105076707,0.0,0.0,0.015088900690116532,0.0,0.0,0.4787234042553192,0.0,0.0,0.5510828863475357,0.0,0.0,0.0,0.0
6270,57,1.3029824561403516,0.7719298245614181,1.1977160493827141,0.7090669904877576,0.02402782271109632,0.0,0.0,0.015121854306328019,0.0,0.0,0.5964912280701754,0.0,0.0,0.5515330904675168,0.0,0.0,0.0,0.0
6271,46,1.1676086956521743,0.760869565217404,1.196541345764084,0.7081475476287014,0.011257597987843865,0.0,0.0,0.0150950514441172,0.0,0.0,0.44565217391304346,0.0,0.0,0.5505421564653425,0.0,0.0,0.0,0.0
6272,58,1.4181034482758628,0.7586206896551534,1.1960439671765761,0.7065140309999014,0.01616548742138431,0.0,0.0,0.015094656845760591,0.0,0.0,0.646551724137931,0.0,0.0,0.5508307162394894,0.0,0.0,0.0,0.0
6273,49,1.2185714285714289,0.857142857142809,1.196967088607593,0.7070379746835468,0.010658693323812281,0.0,0.0,0.015060247104227467,0.0,0.0,0.46938775510204084,0.0,0.0,0.5509367088607595,0.0,0.0,0.0,0.0
6274,63,1.456349206349207,0.7142857142857114,1.1992730030333651,0.7068756319514686,0.021072576940744624,0.0,0.0,0.015084005560098576,0.0,0.0,0.7142857142857143,0.0,0.0,0.5525025278058645,0.0,0.0,0.0,0.0
6275,53,1.045283018867925,0.6415094339623061,1.1981274618725364,0.7056862943137082,0.015295416896741966,0.0,0.0,0.015076062395310985,0.0,0.0,0.5,0.0,0.0,0.5525956974043026,0.0,0.0,0.0,0.0
6276,36,1.2186111111111115,0.6111111111111199,1.1985293522267186,0.705364372469638,0.012617198734541254,0.0,0.0,0.015072943225082175,0.0,0.0,0.5833333333333334,0.0,0.0,0.5531123481781377,0.0,0.0,0.0,0.0
6277,55,1.208727272727273,0.7272727272727242,1.1992071999191,0.7064415006572984,0.013829831495734628,0.0,0.0,0.015059092438682184,0.0,0.0,0.5590909090909091,0.0,0.0,0.5531145717463849,0.0,0.0,0.0,0.0
6278,47,1.4200000000000008,0.8085106382978617,1.2020293225480265,0.7079878665318527,0.016266146721912064,0.0,0.0,0.015083071863664492,0.0,0.0,0.6702127659574468,0.0,0.0,0.5543983822042468,0.0,0.0,0.0,0.0
6279,38,1.4313157894736848,0.9473684210526714,1.2019096800323996,0.7077764277035268,0.014108949416343348,0.0,0.0,0.01506763901318258,0.0,0.0,0.5921052631578947,0.0,0.0,0.5541211016605914,0.0,0.0,0.0,0.0
6280,48,1.3750000000000007,0.8750000000000219,1.2025465587044515,0.7087044534412986,0.023904382470120413,0.0,0.0,0.01509414498365601,0.0,0.0,0.609375,0.0,0.0,0.5542763157894737,0.0,0.0,0.0,0.0
6281,46,1.3271739130434788,0.6739130434782472,1.2027840794004434,0.7087299979744813,0.014161447459986442,0.0,0.0,0.015069043616177691,0.0,0.0,0.6847826086956522,0.0,0.0,0.5546131253797852,0.0,0.0,0.0,0.0
6282,36,1.2697222222222226,0.5555555555555511,1.2025496755879945,0.7078264395782675,0.019891209747606914,0.0,0.0,0.015059542701892985,0.0,0.0,0.6527777777777778,0.0,0.0,0.5547191808596919,0.0,0.0,0.0,0.0
6283,55,1.2952727272727278,0.7272727272727075,1.2043595984180084,0.7085488287191998,0.014115316029324282,0.0,0.0,0.015063813432911603,0.0,0.0,0.6818181818181818,0.0,0.0,0.5560288003245107,0.0,0.0,0.0,0.0
6284,51,1.6352941176470595,0.8627450980391953,1.2065127372373874,0.7101390439460089,0.018225524475523582,0.0,0.0,0.015080529148050383,0.0,0.0,0.7941176470588235,0.0,0.0,0.5567593626306708,0.0,0.0,0.0,0.0
6285,48,1.3102083333333339,0.7499999999999901,1.2064223350253789,0.7106598984771597,0.014151665166516683,0.0,0.0,0.015068404214445273,0.0,0.0,0.65625,0.0,0.0,0.556522842639594,0.0,0.0,0.0,0.0
6286,55,1.1152727272727279,0.5999999999999784,1.2052563323201602,0.7097264437689992,0.01728861330326953,0.0,0.0,0.015067230722464343,0.0,0.0,0.5681818181818182,0.0,0.0,0.5562816616008105,0.0,0.0,0.0,0.0
6287,45,0.9717777777777782,0.6222222222222084,1.203377926421403,0.7092327961893201,0.011504867140225925,0.0,0.0,0.015034396046448966,0.0,0.0,0.4,0.0,0.0,0.5551332725245769,0.0,0.0,0.0,0.0
6288,58,1.2112068965517246,0.7241379310344648,1.2029007788004433,0.7080004045716618,0.018909825033647455,0.0,0.0,0.01504325872257757,0.0,0.0,0.5517241379310345,0.0,0.0,0.5557297461312835,0.0,0.0,0.0,0.0
6289,48,1.2137500000000008,0.833333333333332,1.2029635627530348,0.7085020242914998,0.019114173228346347,0.0,0.0,0.015071997686943587,0.0,0.0,0.4583333333333333,0.0,0.0,0.5550607287449393,0.0,0.0,0.0,0.0
6290,47,1.1753191489361707,0.6808510638298039,1.2041975683890562,0.708611955420468,0.016095571095570575,0.0,0.0,0.01508276502701734,0.0,0.0,0.5319148936170213,0.0,0.0,0.5556737588652483,0.0,0.0,0.0,0.0
6291,59,1.0720338983050852,0.7457627118643922,1.2026933198380552,0.7095141700404877,0.013764961915124455,0.0,0.0,0.015044458765333987,0.0,0.0,0.3813559322033898,0.0,0.0,0.5537955465587044,0.0,0.0,0.0,0.0
6292,47,1.5636170212765963,0.8297872340425548,1.2042087132725414,0.710334346504561,0.020261924455473358,0.0,0.0,0.015065564232667203,0.0,0.0,0.6648936170212766,0.0,0.0,0.5537234042553192,0.0,0.0,0.0,0.0
6293,34,1.2423529411764713,0.9411764705882314,1.2030574735986985,0.7113119415109682,0.01982167996245887,0.0,0.0,0.015058402306096777,0.0,0.0,0.4411764705882353,0.0,0.0,0.5523710398050365,0.0,0.0,0.0,0.0
6294,45,1.1791111111111117,0.5777777777777925,1.2014830250050808,0.7091888595242952,0.013996307042996559,0.0,0.0,0.015045856027983367,0.0,0.0,0.6333333333333333,0.0,0.0,0.5525259199024192,0.0,0.0,0.0,0.0
6295,48,1.353958333333334,0.6875000000000352,1.200182833925849,0.7081767394616573,0.018837681159419684,0.0,0.0,0.015049348075558836,0.0,0.0,0.6927083333333334,0.0,0.0,0.5521584560690705,0.0,0.0,0.0,0.0
6296,42,1.3566666666666671,0.8333333333333225,1.2012087912087894,0.7084859584859597,0.01592064822576147,0.0,0.0,0.015083752628848764,0.0,0.0,0.6011904761904762,0.0,0.0,0.5525539275539275,0.0,0.0,0.0,0.0
6297,43,1.1565116279069771,0.7906976744185978,1.2022889114954205,0.7089521871820967,0.013806218767351419,0.0,0.0,0.01509552773356975,0.0,0.0,0.4883720930232558,0.0,0.0,0.553204476093591,0.0,0.0,0.0,0.0
6298,39,1.061538461538462,0.5128205128205079,1.2009560697176622,0.708490469880747,0.01489208633093529,0.0,0.0,0.015074466656005153,0.0,0.0,0.5,0.0,0.0,0.552109876669045,0.0,0.0,0.0,0.0
6299,47,1.3455319148936178,0.6808510638297585,1.2022973386356668,0.7089833792189263,0.019670295489891517,0.0,0.0,0.015122567786469292,0.0,0.0,0.7021276595744681,0.0,0.0,0.5527429387172428,0.0,0.0,0.0,0.0
6300,54,1.1529629629629636,0.6296296296296383,1.2013444693420234,0.7081890405377886,0.01904557968797719,0.0,0.0,0.015140794446270162,0.0,0.0,0.5648148148148148,0.0,0.0,0.552632919128132,0.0,0.0,0.0,0.0
6301,53,1.2683018867924534,0.9056603773584957,1.2028391167192416,0.7090668566195187,0.012941855987677865,0.0,0.0,0.01513354825328465,0.0,0.0,0.49056603773584906,0.0,0.0,0.5532970387707337,0.0,0.0,0.0,0.0
6302,61,1.2334426229508202,0.6557377049180028,1.2027326350045753,0.7084307942642134,0.013755027422304148,0.0,0.0,0.015121410150351462,0.0,0.0,0.680327868852459,0.0,0.0,0.5541289535238483,0.0,0.0,0.0,0.0
6303,50,1.3928000000000003,0.9200000000000667,1.2030185034566883,0.7093330622204159,0.015762788592123444,0.0,0.0,0.015124358841626724,0.0,0.0,0.565,0.0,0.0,0.5538836925579503,0.0,0.0,0.0,0.0
6304,49,1.2836734693877556,0.6734693877551057,1.2031450055888615,0.709480743826848,0.018413348946136106,0.0,0.0,0.015121712920982423,0.0,0.0,0.6224489795918368,0.0,0.0,0.5535768722690784,0.0,0.0,0.0,0.0
6305,49,0.9467346938775513,0.4897959183673511,1.2025795951581717,0.7082697589258479,0.01456057752667906,0.0,0.0,0.015146176354533419,0.0,0.0,0.47959183673469385,0.0,0.0,0.5536567999186247,0.0,0.0,0.0,0.0
6306,41,1.269756097560976,0.7317073170732089,1.2021685153149475,0.7081510125165373,0.014212394212393514,0.0,0.0,0.015122090775733428,0.0,0.0,0.5609756097560976,0.0,0.0,0.553271598656762,0.0,0.0,0.0,0.0
6307,51,1.4360784313725496,0.9019607843137326,1.2027576743240487,0.708477332791219,0.01680973146660534,0.0,0.0,0.015123419788321001,0.0,0.0,0.6568627450980392,0.0,0.0,0.5539235616995324,0.0,0.0,0.0,0.0
6308,47,1.4234042553191493,0.5957446808510545,1.2050116786838623,0.709353102467758,0.01636497064579326,0.0,0.0,0.01513650697268588,0.0,0.0,0.7553191489361702,0.0,0.0,0.5552960292474866,0.0,0.0,0.0,0.0
6309,40,1.0850000000000004,0.7000000000000071,1.2043339091555725,0.7101920536530854,0.01682170542635613,0.0,0.0,0.015117097766207555,0.0,0.0,0.45,0.0,0.0,0.5539833350269282,0.0,0.0,0.0,0.0
6310,55,0.9709090909090913,0.4909090909090916,1.2039786693753163,0.710005078720164,0.011501184578934993,0.0,0.0,0.01509346532232805,0.0,0.0,0.5454545454545454,0.0,0.0,0.5541645505332656,0.0,0.0,0.0,0.0
6311,45,1.0608888888888897,0.6222222222221975,1.2043330622204138,0.709434729564865,0.016020134228186666,0.0,0.0,0.015091581531578031,0.0,0.0,0.4666666666666667,0.0,0.0,0.5546716144774299,0.0,0.0,0.0,0.0
6312,41,1.0863414634146344,0.4878048780487899,1.20359389312977,0.7077862595419859,0.012483183856501736,0.0,0.0,0.01510212343698718,0.0,0.0,0.5609756097560976,0.0,0.0,0.5549872773536896,0.0,0.0,0.0,0.0
6313,47,1.2531914893617027,0.7234042553191111,1.203063053886115,0.7080574513598867,0.014101029446971693,0.0,0.0,0.015109220863455711,0.0,0.0,0.6276595744680851,0.0,0.0,0.5546755627992258,0.0,0.0,0.0,0.0
6314,51,1.262745098039216,0.803921568627444,1.2029327902240317,0.7082484725050927,0.017237687366166776,0.0,0.0,0.015111428363094915,0.0,0.0,0.5294117647058824,0.0,0.0,0.5542515274949084,0.0,0.0,0.0,0.0
6315,50,1.2798000000000005,0.6399999999999926,1.2031713033730755,0.7085498828085204,0.017374423024708548,0.0,0.0,0.015131854160685746,0.0,0.0,0.645,0.0,0.0,0.5543666564761032,0.0,0.0,0.0,0.0
6316,45,1.2477777777777783,0.711111111111146,1.2031528500050974,0.7085755072907121,0.013346802947468086,0.0,0.0,0.015152373602016692,0.0,0.0,0.55,0.0,0.0,0.5543744264301009,0.0,0.0,0.0,0.0
6317,42,1.326666666666667,0.809523809523816,1.2027254161135494,0.7088736852854092,0.01975886524822737,0.0,0.0,0.015138003318505903,0.0,0.0,0.6309523809523809,0.0,0.0,0.5539415909322986,0.0,0.0,0.0,0.0
6318,46,1.2550000000000006,0.6086956521739132,1.2033221031138324,0.7083205717202666,0.013673614400758611,0.0,0.0,0.01512300834768241,0.0,0.0,0.5869565217391305,0.0,0.0,0.5543134252169474,0.0,0.0,0.0,0.0
6319,58,1.1468965517241385,0.6896551724137899,1.2041724419078668,0.7080105992662058,0.018365543898398704,0.0,0.0,0.01515200945899332,0.0,0.0,0.5301724137931034,0.0,0.0,0.5552130044843049,0.0,0.0,0.0,0.0
6320,43,1.266744186046512,0.6511627906976888,1.2036062059814219,0.7070531795447599,0.011235561056106473,0.0,0.0,0.015119540966790648,0.0,0.0,0.5523255813953488,0.0,0.0,0.5550168418903746,0.0,0.0,0.0,0.0
6321,39,1.1805128205128208,0.6153846153845992,1.2036576392437395,0.7063873275421576,0.011484160638563294,0.0,0.0,0.015134384629420735,0.0,0.0,0.6153846153846154,0.0,0.0,0.5553653551354113,0.0,0.0,0.0,0.0
6322,42,1.0409523809523815,0.4999999999999743,1.2019192229038846,0.7056237218813917,0.01238877869084713,0.0,0.0,0.015103620185667058,0.0,0.0,0.5714285714285714,0.0,0.0,0.5545245398773007,0.0,0.0,0.0,0.0
6323,43,1.133023255813954,0.4651162790697638,1.2016891615541914,0.7052147239263815,0.01254376930998966,0.0,0.0,0.015099157711895364,0.0,0.0,0.5813953488372093,0.0,0.0,0.5543967280163599,0.0,0.0,0.0,0.0
6324,50,0.9880000000000005,0.6999999999999977,1.2014814436151713,0.7054493405582263,0.012334581772784344,0.0,0.0,0.015097199133609664,0.0,0.0,0.35,0.0,0.0,0.5537777323382067,0.0,0.0,0.0,0.0
6325,56,1.3082142857142862,0.9285714285714846,1.2020892474216267,0.7062187276626175,0.01698979591836806,0.0,0.0,0.015113097309004312,0.0,0.0,0.4642857142857143,0.0,0.0,0.5536097212294496,0.0,0.0,0.0,0.0
6326,53,1.023773584905661,0.5660377358490735,1.200715890522875,0.7055759803921583,0.018912513070756264,0.0,0.0,0.015120534376571428,0.0,0.0,0.4528301886792453,0.0,0.0,0.5528492647058824,0.0,0.0,0.0,0.0
6327,50,1.3648000000000007,0.7200000000000304,1.2013402692778448,0.7057323541411685,0.015266219239373722,0.0,0.0,0.015126666247121558,0.0,0.0,0.62,0.0,0.0,0.5527845777233782,0.0,0.0,0.0,0.0
6328,50,1.1516000000000006,0.6400000000000293,1.2021011831905335,0.7069563443492473,0.015416331994645613,0.0,0.0,0.01515690107515823,0.0,0.0,0.6,0.0,0.0,0.5526060791513668,0.0,0.0,0.0,0.0
6329,59,1.3206779661016954,0.881355932203327,1.2030933713471124,0.708685469911416,0.01628422152560112,0.0,0.0,0.015138669297492646,0.0,0.0,0.5169491525423728,0.0,0.0,0.5522604622747175,0.0,0.0,0.0,0.0
6330,48,1.1581250000000007,0.7499999999999994,1.2033669006204855,0.7104058590173954,0.01923529411764756,0.0,0.0,0.015162949509812137,0.0,0.0,0.4791666666666667,0.0,0.0,0.5510883938561693,0.0,0.0,0.0,0.0
6331,49,1.297755102040817,0.7346938775510152,1.204056171771649,0.7105932634578218,0.01994042019441845,0.0,0.0,0.01518985619250336,0.0,0.0,0.6530612244897959,0.0,0.0,0.5515925511346291,0.0,0.0,0.0,0.0
6332,50,1.1780000000000006,0.8399999999999969,1.202660148691312,0.7107648436704361,0.014590042110477883,0.0,0.0,0.015179145725413616,0.0,0.0,0.46,0.0,0.0,0.55010693553315,0.0,0.0,0.0,0.0
6333,54,1.1866666666666674,0.8518518518518727,1.203557046979865,0.7113077079520046,0.015560951918406583,0.0,0.0,0.015188486512845555,0.0,0.0,0.46296296296296297,0.0,0.0,0.5508440105755542,0.0,0.0,0.0,0.0
6334,51,1.429803921568628,0.6274509803921514,1.204442751193741,0.7100477496698173,0.021259475218658272,0.0,0.0,0.015234062183569546,0.0,0.0,0.7450980392156863,0.0,0.0,0.5520674591079955,0.0,0.0,0.0,0.0
6335,43,1.216744186046512,0.6976744186046437,1.203712513977838,0.7093626105519986,0.02369565217391321,0.0,0.0,0.01524956341213382,0.0,0.0,0.622093023255814,0.0,0.0,0.5522262885025923,0.0,0.0,0.0,0.0
6336,60,1.3381666666666674,0.7000000000000137,1.2053218274111668,0.7088324873096455,0.032731349368120756,0.0,0.0,0.015334566392758724,0.0,0.0,0.6333333333333333,0.0,0.0,0.5534010152284264,0.0,0.0,0.0,0.0
6337,59,1.3291525423728818,0.6779661016949581,1.2060235103364403,0.7093635995135804,0.01819911812485406,0.0,0.0,0.01534297578729018,0.0,0.0,0.6016949152542372,0.0,0.0,0.5530755978921768,0.0,0.0,0.0,0.0
6338,51,1.367254901960785,0.8627450980392377,1.2070007085737415,0.7101933394068238,0.01465531736023542,0.0,0.0,0.015339735631814247,0.0,0.0,0.6078431372549019,0.0,0.0,0.5533960927219355,0.0,0.0,0.0,0.0
6339,44,1.1609090909090916,0.8863636363636114,1.2058930199574505,0.7100597710465009,0.017742271622090373,0.0,0.0,0.015332123426004169,0.0,0.0,0.45454545454545453,0.0,0.0,0.5524516259750785,0.0,0.0,0.0,0.0
6340,47,1.2359574468085113,0.5531914893617168,1.205613733036256,0.7094389305246112,0.019311835106383037,0.0,0.0,0.015341728333964829,0.0,0.0,0.5638297872340425,0.0,0.0,0.5523850516508001,0.0,0.0,0.0,0.0
6341,44,1.232954545454546,0.43181818181818116,1.2051610289649577,0.7075146850313967,0.023731408573927474,0.0,0.0,0.015363211724819966,0.0,0.0,0.7045454545454546,0.0,0.0,0.5529927081223415,0.0,0.0,0.0,0.0
6342,50,1.2050000000000007,0.67999999999999,1.2059461102106963,0.7074554294975701,0.016588656387665157,0.0,0.0,0.015361538282877032,0.0,0.0,0.58,0.0,0.0,0.5537631685575365,0.0,0.0,0.0,0.0
6343,52,1.0844230769230774,0.7307692307692424,1.2059572960939073,0.7086622141266963,0.011212964804135755,0.0,0.0,0.01532935433455748,0.0,0.0,0.49038461538461536,0.0,0.0,0.5532027929568913,0.0,0.0,0.0,0.0
6344,47,1.1610638297872347,0.7659574468085248,1.2051840242669356,0.7082912032355927,0.014922067268252827,0.0,0.0,0.015306017097046352,0.0,0.0,0.44680851063829785,0.0,0.0,0.5527047522750252,0.0,0.0,0.0,0.0
6345,53,1.143207547169812,0.6037735849056594,1.2041395348837205,0.7069767441860475,0.019589395408987846,0.0,0.0,0.015312769620669837,0.0,0.0,0.5471698113207547,0.0,0.0,0.5525530839231547,0.0,0.0,0.0,0.0
6346,46,1.3204347826086964,0.6956521739130487,1.2058894960534299,0.7083586318559006,0.02149327671620598,0.0,0.0,0.015334488895408761,0.0,0.0,0.6086956521739131,0.0,0.0,0.5528992106860959,0.0,0.0,0.0,0.0
6347,45,0.9904444444444449,0.6666666666666753,1.2047651821862342,0.7082995951417014,0.013655024509804251,0.0,0.0,0.015306828937080779,0.0,0.0,0.3333333333333333,0.0,0.0,0.551492914979757,0.0,0.0,0.0,0.0
6348,52,0.868461538461539,0.538461538461524,1.201899413074276,0.705525197328477,0.011757354855506587,0.0,0.0,0.015277065692886114,0.0,0.0,0.3701923076923077,0.0,0.0,0.5507994333130946,0.0,0.0,0.0,0.0
6349,57,1.0398245614035093,0.4210526315789427,1.2006980503081115,0.7041115264168105,0.017452885747939267,0.0,0.0,0.015262372569691011,0.0,0.0,0.5526315789473685,0.0,0.0,0.5505101525406607,0.0,0.0,0.0,0.0
6350,44,1.3763636363636367,0.6363636363636497,1.2013273352203797,0.7035988677719377,0.01908603844941686,0.0,0.0,0.015259318516844471,0.0,0.0,0.7045454545454546,0.0,0.0,0.5514051758997169,0.0,0.0,0.0,0.0
6351,42,1.267619047619048,0.8333333333333383,1.2012630300576859,0.7044833518874616,0.019157970492983113,0.0,0.0,0.015263191057354885,0.0,0.0,0.5833333333333334,0.0,0.0,0.551108187430422,0.0,0.0,0.0,0.0
6352,47,1.3278723404255326,0.7234042553191733,1.202769168439177,0.7050541881900143,0.021148763131142438,0.0,0.0,0.015289123616568735,0.0,0.0,0.648936170212766,0.0,0.0,0.5514787805125089,0.0,0.0,0.0,0.0
6353,60,1.172333333333334,0.5333333333333392,1.2015730905412236,0.7040971168437035,0.01456013247774761,0.0,0.0,0.01526812789309078,0.0,0.0,0.6291666666666667,0.0,0.0,0.5508851795649975,0.0,0.0,0.0,0.0
6354,65,1.3258461538461543,0.9538461538461165,1.2035848484848481,0.7054545454545461,0.017916839916840607,0.0,0.0,0.015290618888495366,0.0,0.0,0.48846153846153845,0.0,0.0,0.551489898989899,0.0,0.0,0.0,0.0
6355,45,1.2237777777777783,0.8888888888888984,1.2046548064287874,0.7065601940766205,0.013165192445613334,0.0,0.0,0.01529447018979407,0.0,0.0,0.4444444444444444,0.0,0.0,0.5515768725361366,0.0,0.0,0.0,0.0
6356,50,1.2682000000000004,0.6399999999999905,1.205463562753036,0.7060728744939281,0.014825812485386778,0.0,0.0,0.015288747283386596,0.0,0.0,0.63,0.0,0.0,0.5518471659919029,0.0,0.0,0.0,0.0
6357,54,1.4059259259259265,0.8518518518518816,1.2058647910130549,0.7072158688391872,0.018857426726279658,0.0,0.0,0.01528869151491512,0.0,0.0,0.6018518518518519,0.0,0.0,0.5515889080052626,0.0,0.0,0.0,0.0
6358,63,1.1561904761904767,0.6507936507936666,1.2061816712134987,0.7083964837829655,0.015647690655209996,0.0,0.0,0.015293276640228972,0.0,0.0,0.5198412698412699,0.0,0.0,0.5512276447408305,0.0,0.0,0.0,0.0
6359,49,1.2769387755102046,0.7346938775510286,1.2079291856347998,0.708649468892262,0.015238675109596065,0.0,0.0,0.015286641001972879,0.0,0.0,0.5816326530612245,0.0,0.0,0.5523520485584219,0.0,0.0,0.0,0.0
6360,52,1.1438461538461544,0.46153846153847344,1.207996767350237,0.7068390746540065,0.01241494468795677,0.0,0.0,0.015272662251824812,0.0,0.0,0.6682692307692307,0.0,0.0,0.5537175472269926,0.0,0.0,0.0,0.0
6361,53,1.4735849056603783,0.8679245283018836,1.2093086394832453,0.7086192975373444,0.02800286841161734,0.0,0.0,0.015306961176335338,0.0,0.0,0.6792452830188679,0.0,0.0,0.5535678239806218,0.0,0.0,0.0,0.0
6362,49,1.2787755102040825,0.836734693877547,1.2095477031802115,0.7085310449268057,0.014667602996254853,0.0,0.0,0.015274481355309876,0.0,0.0,0.5561224489795918,0.0,0.0,0.553861686017163,0.0,0.0,0.0,0.0
6363,52,1.0850000000000006,0.6923076923076918,1.2097000302999692,0.7086152913847097,0.016968421052632205,0.0,0.0,0.015273059281541757,0.0,0.0,0.47115384615384615,0.0,0.0,0.553984446015554,0.0,0.0,0.0,0.0
6364,55,1.4409090909090914,0.7272727272727558,1.211899424416843,0.7090780571543991,0.01926817408217874,0.0,0.0,0.0153115917807031,0.0,0.0,0.7454545454545455,0.0,0.0,0.5552357871352116,0.0,0.0,0.0,0.0
6365,41,1.217073170731708,0.585365853658525,1.2128512271487726,0.7088172911827102,0.02305914972273651,0.0,0.0,0.0153464845467279,0.0,0.0,0.5975609756097561,0.0,0.0,0.5562064437935562,0.0,0.0,0.0,0.0
6366,56,1.3632142857142864,0.839285714285715,1.2140945836701695,0.7098827809215859,0.017803171641791245,0.0,0.0,0.015331084969522063,0.0,0.0,0.5580357142857143,0.0,0.0,0.5563106305578012,0.0,0.0,0.0,0.0
6367,42,1.1285714285714292,0.8095238095238203,1.2142038795716301,0.7095372802586396,0.013620689655172756,0.0,0.0,0.015328991590743595,0.0,0.0,0.44047619047619047,0.0,0.0,0.5565013133966458,0.0,0.0,0.0,0.0
6368,53,0.9858490566037741,0.5660377358490745,1.2113057099545221,0.7085396664982334,0.015171312427410205,0.0,0.0,0.015299320292306249,0.0,0.0,0.46226415094339623,0.0,0.0,0.5550025265285498,0.0,0.0,0.0,0.0
6369,52,1.1746153846153853,0.8846153846153741,1.2110892388451442,0.7091661619220693,0.012783591460862291,0.0,0.0,0.01527446042432702,0.0,0.0,0.4326923076923077,0.0,0.0,0.5543357561074097,0.0,0.0,0.0,0.0
6370,40,1.2135000000000002,0.8250000000000389,1.2100232346701685,0.7079502980099018,0.015278564683663233,0.0,0.0,0.01525706934325166,0.0,0.0,0.5625,0.0,0.0,0.5543236690574805,0.0,0.0,0.0,0.0
6371,48,0.8331250000000004,0.5833333333333501,1.207946491670873,0.707723372034328,0.011338247802664353,0.0,0.0,0.01522752755721122,0.0,0.0,0.390625,0.0,0.0,0.5532306915699142,0.0,0.0,0.0,0.0
6372,49,1.4365306122448982,1.2244897959182772,1.2101242298757697,0.710433289566712,0.012248129458847876,0.0,0.0,0.015211648843583897,0.0,0.0,0.37755102040816324,0.0,0.0,0.5531764468235532,0.0,0.0,0.0,0.0
6373,46,0.8997826086956525,0.5652173913043617,1.208995655249065,0.7101141760129349,0.009120758043191277,0.0,0.0,0.015182417197577517,0.0,0.0,0.40217391304347827,0.0,0.0,0.5524401333737496,0.0,0.0,0.0,0.0
6374,45,1.1980000000000006,0.7111111111111177,1.2083616161616157,0.7092929292929312,0.020100671140939677,0.0,0.0,0.01519156479931732,0.0,0.0,0.6,0.0,0.0,0.5527272727272727,0.0,0.0,0.0,0.0
6375,40,1.3432500000000007,0.9000000000000095,1.2098938536190855,0.7106752931661968,0.018036253776435095,0.0,0.0,0.015192131445530194,0.0,0.0,0.5125,0.0,0.0,0.5526182773958754,0.0,0.0,0.0,0.0
6376,44,1.4036363636363645,0.7727272727272335,1.2118004448038815,0.711281843914276,0.022976190476189495,0.0,0.0,0.015228714078816999,0.0,0.0,0.5681818181818182,0.0,0.0,0.5533764658309746,0.0,0.0,0.0,0.0
6377,63,1.36920634920635,0.8888888888889431,1.2138345788729545,0.7123813371036177,0.017528957528958226,0.0,0.0,0.015242394267960205,0.0,0.0,0.5555555555555556,0.0,0.0,0.5542567158149869,0.0,0.0,0.0,0.0
6378,58,1.205862068965518,0.7758620689655434,1.214430992736077,0.713478611783699,0.019471046770602112,0.0,0.0,0.015262419836236458,0.0,0.0,0.49137931034482757,0.0,0.0,0.5533444309927361,0.0,0.0,0.0,0.0
6379,41,1.2902439024390249,0.8780487804877909,1.2158536831483344,0.7140262361251284,0.019909672563040246,0.0,0.0,0.015295853819231571,0.0,0.0,0.5365853658536586,0.0,0.0,0.5543138244197781,0.0,0.0,0.0,0.0
6380,53,1.0816981132075476,0.641509433962281,1.2155087223958851,0.7133205606534258,0.011859743483657405,0.0,0.0,0.01528551121413439,0.0,0.0,0.5141509433962265,0.0,0.0,0.5544015327215892,0.0,0.0,0.0,0.0
6381,62,1.2646774193548393,0.7741935483871024,1.2158493799778196,0.7120677487649988,0.013357751277682618,0.0,0.0,0.015260523235582567,0.0,0.0,0.5483870967741935,0.0,0.0,0.5552475047887891,0.0,0.0,0.0,0.0
6382,41,1.2495121951219517,0.6829268292682906,1.2166525338178873,0.7129012719563924,0.016896437994722843,0.0,0.0,0.01527626063601232,0.0,0.0,0.6219512195121951,0.0,0.0,0.5552695336159903,0.0,0.0,0.0,0.0
6383,56,1.1842857142857148,0.7678571428571249,1.2157396390037305,0.7124130281335102,0.015197066911090783,0.0,0.0,0.015276656403238697,0.0,0.0,0.5044642857142857,0.0,0.0,0.554704043561561,0.0,0.0,0.0,0.0
6384,61,1.1270491803278695,0.5901639344262204,1.2153102336825137,0.7119258662369077,0.014491989881956676,0.0,0.0,0.015270978357169998,0.0,0.0,0.5245901639344263,0.0,0.0,0.5542657131345688,0.0,0.0,0.0,0.0
6385,50,1.2050000000000005,0.6000000000000109,1.2150115799013186,0.7103010774342987,0.017622111728575255,0.0,0.0,0.015279632567934303,0.0,0.0,0.58,0.0,0.0,0.5547024468834961,0.0,0.0,0.0,0.0
6386,55,1.3650909090909098,0.8727272727272909,1.2150916599516515,0.7103142626913802,0.015420004107619121,0.0,0.0,0.01528076437832827,0.0,0.0,0.5636363636363636,0.0,0.0,0.5544671635777598,0.0,0.0,0.0,0.0
6387,41,0.9768292682926834,0.6829268292682918,1.214521362353889,0.7099959693671929,0.015350709083939897,0.0,0.0,0.015275352547326327,0.0,0.0,0.34146341463414637,0.0,0.0,0.5541868198307134,0.0,0.0,0.0,0.0
6388,43,1.1765116279069774,0.6744186046511664,1.214060453400503,0.7090176322418159,0.02968896713615012,0.0,0.0,0.015328558616434612,0.0,0.0,0.5813953488372093,0.0,0.0,0.5546599496221662,0.0,0.0,0.0,0.0
6389,48,1.2012500000000006,0.6666666666666727,1.2132540322580643,0.7085685483870989,0.01693392070484566,0.0,0.0,0.015341124044643634,0.0,0.0,0.5572916666666666,0.0,0.0,0.5542086693548387,0.0,0.0,0.0,0.0
6390,42,1.1085714285714292,0.5714285714285744,1.2136430514965229,0.7087574322281589,0.013742621015348228,0.0,0.0,0.015327337126886331,0.0,0.0,0.47619047619047616,0.0,0.0,0.5541418925728107,0.0,0.0,0.0,0.0
6391,52,1.17923076923077,0.7307692307692316,1.213267466478475,0.7093457001713903,0.014551495016611411,0.0,0.0,0.015331070820721354,0.0,0.0,0.4855769230769231,0.0,0.0,0.5535840306482508,0.0,0.0,0.0,0.0
6392,52,1.1700000000000008,0.8076923076922823,1.2143945509586271,0.71019172552977,0.020327430671566817,0.0,0.0,0.015362310885538195,0.0,0.0,0.4855769230769231,0.0,0.0,0.5542129162462159,0.0,0.0,0.0,0.0
6393,31,1.5506451612903234,0.774193548387083,1.2149686552072796,0.7089989888776562,0.03328947368421133,0.0,0.0,0.015369691264145221,0.0,0.0,0.6774193548387096,0.0,0.0,0.554752275025278,0.0,0.0,0.0,0.0
6394,40,1.0140000000000005,0.4999999999999722,1.2130136708860757,0.7075443037974705,0.015145631067960977,0.0,0.0,0.015346223372976267,0.0,0.0,0.4875,0.0,0.0,0.5541772151898734,0.0,0.0,0.0,0.0
6395,46,1.1352173913043482,0.695652173913053,1.2118856275303638,0.7061740890688278,0.014167118827997746,0.0,0.0,0.015345416469617214,0.0,0.0,0.5217391304347826,0.0,0.0,0.5539726720647773,0.0,0.0,0.0,0.0
6396,51,1.316666666666667,0.7843137254902263,1.2122636161166223,0.7069244786394027,0.01550808314087759,0.0,0.0,0.015330473289830965,0.0,0.0,0.553921568627451,0.0,0.0,0.5538823648511845,0.0,0.0,0.0,0.0
6397,43,1.1700000000000004,0.627906976744192,1.2123630102299194,0.7069786285830063,0.01767123287671247,0.0,0.0,0.015346859125422142,0.0,0.0,0.5755813953488372,0.0,0.0,0.5539349741719842,0.0,0.0,0.0,0.0
6398,40,1.0307500000000005,0.8000000000000205,1.2120188507145022,0.7070031417857527,0.013990498812351818,0.0,0.0,0.01534142033012496,0.0,0.0,0.375,0.0,0.0,0.5536130536130536,0.0,0.0,0.0,0.0
6399,50,1.4710000000000003,0.7599999999999821,1.2132597244732568,0.7076580226904398,0.01607298951048907,0.0,0.0,0.015321902851565343,0.0,0.0,0.7,0.0,0.0,0.5541430307941653,0.0,0.0,0.0,0.0
6400,59,1.4564406779661023,0.7118644067796639,1.21521175278622,0.7086119554204682,0.020223582019298275,0.0,0.0,0.015348609248472055,0.0,0.0,0.7966101694915254,0.0,0.0,0.5555217831813577,0.0,0.0,0.0,0.0
6401,39,1.0458974358974362,0.5641025641025526,1.2162067916877843,0.7089711099847968,0.01152259887005659,0.0,0.0,0.01535035049763114,0.0,0.0,0.5576923076923077,0.0,0.0,0.556386213887481,0.0,0.0,0.0,0.0
6402,49,1.1748979591836741,0.775510204081665,1.215505219418262,0.7092327961893202,0.018387096774194516,0.0,0.0,0.015369461221340969,0.0,0.0,0.4897959183673469,0.0,0.0,0.5554626532887402,0.0,0.0,0.0,0.0
6403,40,0.9805000000000004,0.5999999999999887,1.2140338605028378,0.7093471208434734,0.01932971907343522,0.0,0.0,0.01538714468906357,0.0,0.0,0.5125,0.0,0.0,0.5541109083536091,0.0,0.0,0.0,0.0
6404,47,1.1451063829787238,0.6382978723404329,1.2139643110615423,0.7102301530974371,0.015181946403385297,0.0,0.0,0.015405864437790861,0.0,0.0,0.5159574468085106,0.0,0.0,0.553482713170435,0.0,0.0,0.0,0.0
6405,44,1.3768181818181824,0.7500000000000255,1.2139232798863397,0.710168459508831,0.02397309062129055,0.0,0.0,0.015429940947776565,0.0,0.0,0.6704545454545454,0.0,0.0,0.553785264867059,0.0,0.0,0.0,0.0
6406,48,1.342083333333334,0.7916666666666913,1.214163877902849,0.7098671534327173,0.01796430563301857,0.0,0.0,0.015451516195682607,0.0,0.0,0.5729166666666666,0.0,0.0,0.5543048372376027,0.0,0.0,0.0,0.0
6407,43,1.327209302325582,0.6046511627906938,1.21374403734903,0.7088196488379201,0.020087997184089493,0.0,0.0,0.015471719105775196,0.0,0.0,0.7441860465116279,0.0,0.0,0.5547041510199939,0.0,0.0,0.0,0.0
6408,42,1.370476190476191,0.857142857142866,1.2155768645357679,0.7099949264332853,0.016954344624447986,0.0,0.0,0.015474424174157684,0.0,0.0,0.6071428571428571,0.0,0.0,0.5557584982242516,0.0,0.0,0.0,0.0
6409,53,1.0583018867924534,0.6415094339622683,1.2150918688458017,0.7104862450512666,0.017478965409785132,0.0,0.0,0.015488882045123987,0.0,0.0,0.42452830188679247,0.0,0.0,0.55476601360268,0.0,0.0,0.0,0.0
6410,59,1.2201694915254242,0.8813559322033698,1.2167106598984765,0.7124873096446726,0.011613163413454215,0.0,0.0,0.015475541758885984,0.0,0.0,0.461864406779661,0.0,0.0,0.5551522842639594,0.0,0.0,0.0,0.0
6411,48,1.418333333333334,0.7083333333333471,1.2192060107625133,0.7139811148339958,0.02149668455952044,0.0,0.0,0.015520877899349205,0.0,0.0,0.7708333333333334,0.0,0.0,0.5558178495278708,0.0,0.0,0.0,0.0
6412,49,1.0253061224489801,0.816326530612246,1.2187610439727827,0.7152432212856733,0.019330511735283027,0.0,0.0,0.015533887840451063,0.0,0.0,0.3979591836734694,0.0,0.0,0.5548644257134152,0.0,0.0,0.0,0.0
6413,63,1.2687301587301594,0.8253968253968602,1.2197809774893522,0.7165889271952979,0.020558127572016607,0.0,0.0,0.015561928934666824,0.0,0.0,0.5793650793650794,0.0,0.0,0.5552372743865341,0.0,0.0,0.0,0.0
6414,38,1.2518421052631585,0.6315789473684196,1.2200598923967103,0.7155618718911811,0.02136057476425716,0.0,0.0,0.015571896292822088,0.0,0.0,0.5657894736842105,0.0,0.0,0.5558572733732616,0.0,0.0,0.0,0.0
6415,59,1.0637288135593226,0.6440677966101814,1.2188724396674098,0.7155749340904508,0.015623599701269152,0.0,0.0,0.015581662136254565,0.0,0.0,0.4661016949152542,0.0,0.0,0.5551358750760494,0.0,0.0,0.0,0.0
6416,49,0.9500000000000004,0.6938775510204108,1.2185293819141372,0.7162285598294964,0.010093235039028623,0.0,0.0,0.015552497030351938,0.0,0.0,0.336734693877551,0.0,0.0,0.553765350654623,0.0,0.0,0.0,0.0
6417,50,1.0716000000000006,0.5600000000000116,1.2188346855983767,0.7161257606490902,0.016008365700627365,0.0,0.0,0.015577030260452982,0.0,0.0,0.46,0.0,0.0,0.553524340770791,0.0,0.0,0.0,0.0
6418,56,1.4983928571428575,0.8928571428571214,1.2210291577770997,0.7165498323681835,0.017792620865139278,0.0,0.0,0.015595899432278992,0.0,0.0,0.7232142857142857,0.0,0.0,0.5552677029360967,0.0,0.0,0.0,0.0
6419,35,1.1677142857142861,0.7428571428571356,1.220604272634791,0.7160732451678565,0.011483562798539222,0.0,0.0,0.015558777190650632,0.0,0.0,0.5142857142857142,0.0,0.0,0.5552390640895218,0.0,0.0,0.0,0.0
6420,44,0.6545454545454548,0.5000000000000081,1.2190159763915736,0.7150707235168444,0.008160952111079693,0.0,0.0,0.015532741981284372,0.0,0.0,0.1875,0.0,0.0,0.5542128828737153,0.0,0.0,0.0,0.0
6421,45,1.1937777777777783,0.7555555555555648,1.2190821206878997,0.7154777653403918,0.01491393670183312,0.0,0.0,0.015534249488455571,0.0,0.0,0.6,0.0,0.0,0.5542128828737153,0.0,0.0,0.0,0.0
6422,51,1.1486274509803927,0.7058823529411593,1.2194104470013227,0.7171367477853609,0.017168815943727614,0.0,0.0,0.015533034756566552,0.0,0.0,0.5686274509803921,0.0,0.0,0.5540678138682416,0.0,0.0,0.0,0.0
6423,46,1.3891304347826092,0.7826086956522001,1.2195466123280685,0.716963830871119,0.026285479226656198,0.0,0.0,0.015592076468565372,0.0,0.0,0.6630434782608695,0.0,0.0,0.5543046357615894,0.0,0.0,0.0,0.0
6424,50,1.1648000000000005,0.920000000000057,1.2193511255984508,0.7181419985739059,0.013444136657433554,0.0,0.0,0.015608185373091915,0.0,0.0,0.4,0.0,0.0,0.5538861159213609,0.0,0.0,0.0,0.0
6425,33,1.2233333333333338,0.6666666666666753,1.218636270909832,0.7174622603019211,0.014803813714704633,0.0,0.0,0.015588947937719951,0.0,0.0,0.5909090909090909,0.0,0.0,0.5536005711954305,0.0,0.0,0.0,0.0
6426,53,1.2339622641509438,0.7547169811320861,1.2170754813079345,0.7163084445349938,0.017594834543987428,0.0,0.0,0.015600007311669046,0.0,0.0,0.5849056603773585,0.0,0.0,0.5532749312417236,0.0,0.0,0.0,0.0
6427,50,1.1814000000000007,0.9800000000000513,1.2171581305366044,0.7173403930353359,0.01345251651104645,0.0,0.0,0.015614722137677815,0.0,0.0,0.42,0.0,0.0,0.5529477649933815,0.0,0.0,0.0,0.0
6428,52,1.3926923076923086,0.8461538461538709,1.217847547323427,0.7177895379605166,0.019017857142857603,0.0,0.0,0.015642268452252587,0.0,0.0,0.5865384615384616,0.0,0.0,0.5530225931202931,0.0,0.0,0.0,0.0
6429,44,0.868636363636364,0.7272727272727426,1.215214292985849,0.71749974549527,0.009207419898819201,0.0,0.0,0.015594487540922807,0.0,0.0,0.3522727272727273,0.0,0.0,0.5515626590654586,0.0,0.0,0.0,0.0
6430,46,1.269565217391305,0.7391304347825967,1.2155540829850129,0.7187276990518947,0.016353962475495688,0.0,0.0,0.015599583430912216,0.0,0.0,0.5217391304347826,0.0,0.0,0.5510245692731165,0.0,0.0,0.0,0.0
6431,60,1.055166666666667,0.6833333333333196,1.2148276565368135,0.7182337344483005,0.00978970156177618,0.0,0.0,0.015572005788227754,0.0,0.0,0.45416666666666666,0.0,0.0,0.5506067713644708,0.0,0.0,0.0,0.0
6432,51,0.9001960784313731,0.5294117647058811,1.2129474757776637,0.7168791432942412,0.011244183198628679,0.0,0.0,0.015556995903076121,0.0,0.0,0.3431372549019608,0.0,0.0,0.5494390617032127,0.0,0.0,0.0,0.0
6433,58,1.2008620689655178,0.7413793103448413,1.2142714387682259,0.7182624655858093,0.014217187181057316,0.0,0.0,0.01557415876843885,0.0,0.0,0.5732758620689655,0.0,0.0,0.5496074232690935,0.0,0.0,0.0,0.0
6434,49,1.3038775510204088,0.5714285714285678,1.2130666394530045,0.7178283498316186,0.013464699683877859,0.0,0.0,0.015551851541730366,0.0,0.0,0.6836734693877551,0.0,0.0,0.5488825390345954,0.0,0.0,0.0,0.0
6435,51,1.040588235294118,0.5882352941176507,1.212243334354887,0.7175400960261547,0.013415065722951989,0.0,0.0,0.015518878349695777,0.0,0.0,0.46078431372549017,0.0,0.0,0.5483706200837675,0.0,0.0,0.0,0.0
6436,52,1.1555769230769237,0.6153846153846495,1.21257023189294,0.7183573398712871,0.02007014028056154,0.0,0.0,0.015563199582528641,0.0,0.0,0.5384615384615384,0.0,0.0,0.5480130759015222,0.0,0.0,0.0,0.0
6437,48,0.8660416666666672,0.24999999999999925,1.2098294003473278,0.7159056083358902,0.013238853503185419,0.0,0.0,0.015552123754932704,0.0,0.0,0.5416666666666666,0.0,0.0,0.5472979875370314,0.0,0.0,0.0,0.0
6438,59,1.1116949152542381,0.5932203389830608,1.2091714285714277,0.7164285714285746,0.015531612597680112,0.0,0.0,0.015537504769472275,0.0,0.0,0.5338983050847458,0.0,0.0,0.5464795918367347,0.0,0.0,0.0,0.0
6439,47,1.100851063829788,0.5106382978723345,1.2097430144809294,0.7161941668366338,0.01262567105905291,0.0,0.0,0.015544013071775567,0.0,0.0,0.6170212765957447,0.0,0.0,0.5473689577809504,0.0,0.0,0.0,0.0
6440,44,1.2588636363636367,1.045454545454601,1.2105532870559403,0.7181502654144584,0.016267254038179874,0.0,0.0,0.01557893990091873,0.0,0.0,0.42045454545454547,0.0,0.0,0.5468048182931808,0.0,0.0,0.0,0.0
6441,58,1.215517241379311,0.6551724137930925,1.2114329423763377,0.718204997450284,0.01536282414469426,0.0,0.0,0.015590205999514412,0.0,0.0,0.625,0.0,0.0,0.5475267720550739,0.0,0.0,0.0,0.0
6442,46,1.0323913043478263,0.7826086956521997,1.210595918367346,0.7193877551020442,0.014603321033210465,0.0,0.0,0.015588512383337558,0.0,0.0,0.32065217391304346,0.0,0.0,0.5461479591836734,0.0,0.0,0.0,0.0
6443,45,1.2848888888888896,0.6444444444444376,1.2116258169934633,0.7194648692810491,0.01858566377370672,0.0,0.0,0.015597973776897261,0.0,0.0,0.6833333333333333,0.0,0.0,0.5470281862745098,0.0,0.0,0.0,0.0
6444,59,0.9688135593220343,0.4237288135593228,1.209869374425961,0.717216042453315,0.014697865775263603,0.0,0.0,0.015588709815270935,0.0,0.0,0.538135593220339,0.0,0.0,0.5469690784773956,0.0,0.0,0.0,0.0
6445,58,1.090862068965518,0.586206896551715,1.2095905656524397,0.7155401266081302,0.022122377622377395,0.0,0.0,0.015647613575575103,0.0,0.0,0.5862068965517241,0.0,0.0,0.5478098836022054,0.0,0.0,0.0,0.0
6446,43,1.2413953488372096,0.5348837209302528,1.2113737105505047,0.7152486977836819,0.01698377346484263,0.0,0.0,0.01568307405472954,0.0,0.0,0.686046511627907,0.0,0.0,0.5493054846287406,0.0,0.0,0.0,0.0
6447,55,1.311636363636364,0.6181818181818103,1.2122255102040809,0.7144897959183704,0.014287977817388378,0.0,0.0,0.0156940846358003,0.0,0.0,0.7045454545454546,0.0,0.0,0.5505102040816326,0.0,0.0,0.0,0.0
6448,49,1.2363265306122455,0.9183673469388263,1.2115659088592101,0.7147517585890543,0.015473818646233425,0.0,0.0,0.015707420423710823,0.0,0.0,0.41836734693877553,0.0,0.0,0.549622795391987,0.0,0.0,0.0,0.0
6449,46,1.2441304347826092,0.6304347826086921,1.2118215196328395,0.7141254462009214,0.01921114467942284,0.0,0.0,0.01572167840310365,0.0,0.0,0.6086956521739131,0.0,0.0,0.5503059663437022,0.0,0.0,0.0,0.0
6450,50,1.1414000000000006,0.6000000000000086,1.2115221599592452,0.7131940906775379,0.016824882075472034,0.0,0.0,0.015732846616821936,0.0,0.0,0.57,0.0,0.0,0.5509169638308711,0.0,0.0,0.0,0.0
6451,41,0.8565853658536586,0.8780487804877524,1.2090034679722552,0.7131782945736469,0.008163644816364122,0.0,0.0,0.01568976722945475,0.0,0.0,0.2621951219512195,0.0,0.0,0.5490871073031416,0.0,0.0,0.0,0.0
6452,58,1.2668965517241382,0.7241379310344449,1.2091587738058855,0.7137183012526765,0.011438356164383098,0.0,0.0,0.015663686808852013,0.0,0.0,0.625,0.0,0.0,0.5492667277726856,0.0,0.0,0.0,0.0
6453,29,1.2141379310344833,0.4827586206896475,1.2091613891726243,0.71215526046987,0.0169035045607298,0.0,0.0,0.015696002970093586,0.0,0.0,0.7241379310344828,0.0,0.0,0.5505362614913176,0.0,0.0,0.0,0.0
6454,53,1.0611320754716986,0.773584905660457,1.209145369045184,0.7116131670415079,0.013441682600383323,0.0,0.0,0.01571940242173103,0.0,0.0,0.36792452830188677,0.0,0.0,0.5506287057861378,0.0,0.0,0.0,0.0
6455,49,1.1477551020408168,0.7755102040816946,1.2096226993865022,0.7126789366053203,0.013564881813797188,0.0,0.0,0.015719217262011587,0.0,0.0,0.4897959183673469,0.0,0.0,0.5501533742331288,0.0,0.0,0.0,0.0
6456,51,1.3496078431372558,0.9411764705882258,1.2097210585470513,0.7127822621845338,0.01825245293025693,0.0,0.0,0.01572556233687752,0.0,0.0,0.5931372549019608,0.0,0.0,0.5504495759681209,0.0,0.0,0.0,0.0
6457,45,1.268444444444445,0.6222222222222236,1.2103096576392427,0.7129279509453277,0.023993274485077428,0.0,0.0,0.01574513967089497,0.0,0.0,0.6,0.0,0.0,0.5502043944813491,0.0,0.0,0.0,0.0
6458,56,1.4423214285714292,0.9642857142857846,1.2116978050025515,0.7144461459928572,0.018457495429616232,0.0,0.0,0.015756578860027185,0.0,0.0,0.6339285714285714,0.0,0.0,0.5506636038795304,0.0,0.0,0.0,0.0
6459,53,1.3222641509433968,0.7169811320754944,1.2117236452699247,0.7143586080212304,0.017764258555133024,0.0,0.0,0.015771662046439636,0.0,0.0,0.6415094339622641,0.0,0.0,0.5507704867843658,0.0,0.0,0.0,0.0
6460,61,1.3016393442622953,0.7377049180328275,1.2120097889262762,0.7146935862139329,0.013885974116824356,0.0,0.0,0.015767907765902034,0.0,0.0,0.639344262295082,0.0,0.0,0.5514938309370857,0.0,0.0,0.0,0.0
6461,61,1.1544262295081973,0.4918032786885195,1.2125241828734339,0.7134711332858207,0.019068507988086084,0.0,0.0,0.015821948931624554,0.0,0.0,0.6147540983606558,0.0,0.0,0.552591385805926,0.0,0.0,0.0,0.0
6462,49,0.9589795918367352,0.5714285714285884,1.210421631530705,0.7130053976983446,0.013136706737488743,0.0,0.0,0.015830924643758203,0.0,0.0,0.44387755102040816,0.0,0.0,0.5513545167532335,0.0,0.0,0.0,0.0
6463,46,1.1284782608695658,0.5217391304347886,1.2095318066157754,0.7119592875318113,0.01629315756434328,0.0,0.0,0.01584157161976981,0.0,0.0,0.5760869565217391,0.0,0.0,0.5510687022900763,0.0,0.0,0.0,0.0
6464,68,1.2376470588235298,0.6029411764705871,1.2110079252184507,0.7113391587075842,0.016006085964244517,0.0,0.0,0.015874974027288713,0.0,0.0,0.6727941176470589,0.0,0.0,0.552275960170697,0.0,0.0,0.0,0.0
6465,47,1.10404255319149,0.5106382978723385,1.210778455284552,0.710873983739842,0.012152224824355665,0.0,0.0,0.01586012172588783,0.0,0.0,0.5425531914893617,0.0,0.0,0.5522865853658536,0.0,0.0,0.0,0.0
6466,48,1.2633333333333339,0.5833333333333662,1.210709638064253,0.7101464009760113,0.016586433260394235,0.0,0.0,0.0158662488441933,0.0,0.0,0.6927083333333334,0.0,0.0,0.5526128507523383,0.0,0.0,0.0,0.0
6467,60,1.0266666666666673,0.7000000000000473,1.2099390862944157,0.7099492385786853,0.018203309692672125,0.0,0.0,0.015871741191762344,0.0,0.0,0.43333333333333335,0.0,0.0,0.5521827411167513,0.0,0.0,0.0,0.0
6468,46,1.04304347826087,0.6086956521738862,1.2091249999999993,0.7084349593495987,0.017491797302224252,0.0,0.0,0.01587298982605848,0.0,0.0,0.483695652173913,0.0,0.0,0.5527184959349594,0.0,0.0,0.0,0.0
6469,44,0.6754545454545459,0.5454545454545533,1.2067479922740665,0.7070244993392344,0.00869005847953219,0.0,0.0,0.0158483517862603,0.0,0.0,0.3068181818181818,0.0,0.0,0.5519721459794653,0.0,0.0,0.0,0.0
6470,58,1.3634482758620694,0.9482758620690346,1.207114250863996,0.7080707460866084,0.017758814282506506,0.0,0.0,0.015825995988725857,0.0,0.0,0.5344827586206896,0.0,0.0,0.5516110998170359,0.0,0.0,0.0,0.0
6471,41,1.1275609756097567,0.5853658536585381,1.2069673548255864,0.7073121122749976,0.017275784753363325,0.0,0.0,0.015860308169292715,0.0,0.0,0.6341463414634146,0.0,0.0,0.5524509305400183,0.0,0.0,0.0,0.0
6472,52,1.2161538461538468,0.5384615384615379,1.205769817848783,0.7061158033988046,0.014813773717498762,0.0,0.0,0.01585225379981303,0.0,0.0,0.6923076923076923,0.0,0.0,0.5526355958074692,0.0,0.0,0.0,0.0
6473,45,1.4311111111111114,0.7999999999999942,1.2067382673317715,0.7057925277410217,0.018824904998538432,0.0,0.0,0.015904936333507824,0.0,0.0,0.6555555555555556,0.0,0.0,0.5535223455156266,0.0,0.0,0.0,0.0
6474,53,1.2150943396226421,0.5471698113207114,1.2051808825028014,0.7048812799347859,0.013002220876236436,0.0,0.0,0.015855495924996944,0.0,0.0,0.6320754716981132,0.0,0.0,0.5529145011719148,0.0,0.0,0.0,0.0
6475,46,1.288260869565218,0.9565217391304437,1.2064348358148063,0.7064042423006374,0.024118844118844563,0.0,0.0,0.01588548240690517,0.0,0.0,0.44565217391304346,0.0,0.0,0.5526973281664287,0.0,0.0,0.0,0.0
6476,47,1.107234042553192,0.510638297872358,1.205915249057756,0.7058164408678874,0.01035003977724765,0.0,0.0,0.015863414960972894,0.0,0.0,0.6063829787234043,0.0,0.0,0.5528420087603138,0.0,0.0,0.0,0.0
6477,47,1.2410638297872347,0.7234042553191589,1.2060678968294416,0.7057804057498269,0.016853510546085183,0.0,0.0,0.015881137665468854,0.0,0.0,0.5478723404255319,0.0,0.0,0.5527831583239882,0.0,0.0,0.0,0.0
6478,54,1.220555555555556,0.6666666666667328,1.2051232681336586,0.7050733496332575,0.016917351129364013,0.0,0.0,0.0158844374142298,0.0,0.0,0.5925925925925926,0.0,0.0,0.5524398940505297,0.0,0.0,0.0,0.0
6479,53,1.0830188679245287,0.7169811320754648,1.2035906825348381,0.7042009968467149,0.01318327974276565,0.0,0.0,0.015877840264834252,0.0,0.0,0.42452830188679247,0.0,0.0,0.5515969891160615,0.0,0.0,0.0,0.0
6480,33,1.243636363636364,0.6666666666666645,1.202887123064384,0.7032396088019615,0.0159564541213062,0.0,0.0,0.015848366244671428,0.0,0.0,0.6060606060606061,0.0,0.0,0.551497555012225,0.0,0.0,0.0,0.0
6481,43,1.1504651162790702,0.46511627906974934,1.2020747987363694,0.7023336390502448,0.014932085722909503,0.0,0.0,0.015854060432722215,0.0,0.0,0.6337209302325582,0.0,0.0,0.5512330581881179,0.0,0.0,0.0,0.0
6482,44,1.387954545454546,0.7727272727272837,1.2026596069646667,0.7031870481621071,0.020411096256684323,0.0,0.0,0.01585991126961795,0.0,0.0,0.6363636363636364,0.0,0.0,0.5512422360248447,0.0,0.0,0.0,0.0
6483,49,1.0900000000000005,0.5714285714285461,1.2015781966377985,0.7023942944472802,0.013566167132334358,0.0,0.0,0.01585960802455029,0.0,0.0,0.5306122448979592,0.0,0.0,0.5504075394803871,0.0,0.0,0.0,0.0
6484,61,1.428032786885247,0.7213114754098265,1.2007328244274802,0.7016793893129826,0.021235982447587412,0.0,0.0,0.015874716071178734,0.0,0.0,0.6967213114754098,0.0,0.0,0.5500508905852417,0.0,0.0,0.0,0.0
6485,52,1.2501923076923083,0.7307692307692234,1.2004598636687347,0.701597314070613,0.01540521327014205,0.0,0.0,0.01588235610832936,0.0,0.0,0.5144230769230769,0.0,0.0,0.5493437786143046,0.0,0.0,0.0,0.0
6486,36,0.983055555555556,0.3333333333333357,1.200139653414882,0.7008154943934818,0.014888514934791618,0.0,0.0,0.015872444721866896,0.0,0.0,0.5972222222222222,0.0,0.0,0.5494138634046891,0.0,0.0,0.0,0.0
6487,43,1.1060465116279075,0.46511627906975306,1.2007748776508966,0.7001427406199079,0.01482543640897771,0.0,0.0,0.015890311891153888,0.0,0.0,0.6395348837209303,0.0,0.0,0.5504944942903752,0.0,0.0,0.0,0.0
6488,43,1.1853488372093026,0.581395348837209,1.200645358929847,0.6994792198509198,0.016662307943772766,0.0,0.0,0.01587835246455105,0.0,0.0,0.6453488372093024,0.0,0.0,0.5509037067292964,0.0,0.0,0.0,0.0
6489,64,1.1968750000000006,0.6875000000000037,1.2005566316647966,0.6987460495463409,0.014940511020089873,0.0,0.0,0.015858595516436706,0.0,0.0,0.546875,0.0,0.0,0.5513304108471812,0.0,0.0,0.0,0.0
6490,46,1.0539130434782613,0.5869565217391455,1.1999898042414348,0.6983075040783094,0.017154989384287854,0.0,0.0,0.015862437042857426,0.0,0.0,0.5380434782608695,0.0,0.0,0.5513611337683524,0.0,0.0,0.0,0.0
6491,51,0.9341176470588238,0.705882352941138,1.199376530612244,0.6980612244898018,0.010153452685421588,0.0,0.0,0.01583932782621593,0.0,0.0,0.3284313725490196,0.0,0.0,0.5512244897959183,0.0,0.0,0.0,0.0
6492,53,1.1054716981132082,0.7358490566037944,1.1971231898837438,0.6976341015704729,0.016508875739645313,0.0,0.0,0.015820911815760886,0.0,0.0,0.4716981132075472,0.0,0.0,0.5502498470324291,0.0,0.0,0.0,0.0
6493,50,1.2048000000000005,0.4400000000000163,1.1970057014864581,0.6954795357361087,0.020093395597065127,0.0,0.0,0.015826677740998028,0.0,0.0,0.67,0.0,0.0,0.55123701893708,0.0,0.0,0.0,0.0
6494,39,1.1230769230769235,0.4102564102564021,1.19679400977995,0.694885900570503,0.012341504649197208,0.0,0.0,0.01581936583730248,0.0,0.0,0.6346153846153846,0.0,0.0,0.5511919315403423,0.0,0.0,0.0,0.0
6495,53,1.2186792452830195,0.7547169811320669,1.196143977191731,0.6952448834131001,0.01580376804502082,0.0,0.0,0.015805269800095334,0.0,0.0,0.5283018867924528,0.0,0.0,0.5503767437124529,0.0,0.0,0.0,0.0
6496,51,1.1878431372549025,0.5882352941176325,1.195415055951169,0.6940996948118062,0.020668713749573023,0.0,0.0,0.0158239093139566,0.0,0.0,0.6568627450980392,0.0,0.0,0.5507121057985758,0.0,0.0,0.0,0.0
6497,43,1.5169767441860473,0.7441860465116087,1.1969918616480153,0.6938962360122131,0.01870126146789017,0.0,0.0,0.015847214515442666,0.0,0.0,0.8255813953488372,0.0,0.0,0.5521871820956257,0.0,0.0,0.0,0.0
6498,43,1.079069767441861,0.5581395348837191,1.197013422818791,0.6940207443563203,0.01743705373919554,0.0,0.0,0.015856489931611272,0.0,0.0,0.5348837209302325,0.0,0.0,0.5523184868822453,0.0,0.0,0.0,0.0
6499,49,1.2971428571428574,0.8571428571428432,1.1968025620170792,0.6948962993086677,0.022372404083069397,0.0,0.0,0.015864913564573608,0.0,0.0,0.5510204081632653,0.0,0.0,0.5515961773078487,0.0,0.0,0.0,0.0
6500,49,1.2057142857142862,0.6530612244897959,1.1970877835418565,0.6950462821686556,0.017396937573616617,0.0,0.0,0.01585791361574727,0.0,0.0,0.6122448979591837,0.0,0.0,0.5518258569830129,0.0,0.0,0.0,0.0
6501,41,1.1921951219512197,0.6341463414634306,1.1966829616050507,0.693655158366438,0.014070236039148733,0.0,0.0,0.015869982144931377,0.0,0.0,0.524390243902439,0.0,0.0,0.5520419594663407,0.0,0.0,0.0,0.0
6502,49,1.3265306122448985,0.897959183673486,1.1971030896298553,0.6949117976955295,0.01811089439955365,0.0,0.0,0.015896537016350232,0.0,0.0,0.49489795918367346,0.0,0.0,0.5509584990313041,0.0,0.0,0.0,0.0
6503,48,1.150833333333334,0.770833333333322,1.1958786333503306,0.6941356450790469,0.016996923076922868,0.0,0.0,0.015902188492141603,0.0,0.0,0.46875,0.0,0.0,0.5504844467108618,0.0,0.0,0.0,0.0
6504,45,0.8586666666666671,0.4000000000000105,1.1938914396490146,0.6928884807672743,0.011701998788613058,0.0,0.0,0.015871741067734868,0.0,0.0,0.4388888888888889,0.0,0.0,0.5496122844607693,0.0,0.0,0.0,0.0
6505,59,1.0888135593220345,0.5423728813559361,1.1944939353786554,0.6929976556925954,0.01660806618407467,0.0,0.0,0.015881261645831295,0.0,0.0,0.5084745762711864,0.0,0.0,0.5497146060544287,0.0,0.0,0.0,0.0
6506,57,1.2675438596491233,0.8070175438596673,1.1946036430243197,0.6934975068688364,0.018094164788379344,0.0,0.0,0.015901510995523307,0.0,0.0,0.5701754385964912,0.0,0.0,0.5497863030426376,0.0,0.0,0.0,0.0
6507,64,1.0300000000000005,0.734374999999972,1.1922815040650394,0.6926829268292737,0.015209967697276883,0.0,0.0,0.015892090833234073,0.0,0.0,0.46875,0.0,0.0,0.5487042682926829,0.0,0.0,0.0,0.0
6508,53,1.0075471698113212,0.5283018867924669,1.1901838309973582,0.6922608165752644,0.015930787589498972,0.0,0.0,0.015889645503162127,0.0,0.0,0.5471698113207547,0.0,0.0,0.5477097298395287,0.0,0.0,0.0,0.0
6509,49,1.1563265306122454,0.5918367346939178,1.1904424150177566,0.6917300862506396,0.01634737449509601,0.0,0.0,0.015888537369545926,0.0,0.0,0.5867346938775511,0.0,0.0,0.5483003551496702,0.0,0.0,0.0,0.0
6510,67,1.2374626865671645,0.537313432835799,1.1919854058984485,0.6918009526705231,0.015947297557222177,0.0,0.0,0.01591651802992952,0.0,0.0,0.7089552238805971,0.0,0.0,0.549407114624506,0.0,0.0,0.0,0.0
6511,55,1.0649090909090912,0.7636363636363868,1.1918750632783224,0.6925179710438447,0.012422057264051309,0.0,0.0,0.015893855993130663,0.0,0.0,0.4727272727272727,0.0,0.0,0.5493570922344841,0.0,0.0,0.0,0.0
6512,39,1.146666666666667,0.7948717948718172,1.192134683544303,0.6937721518987398,0.021114258734655722,0.0,0.0,0.015925275593427247,0.0,0.0,0.4358974358974359,0.0,0.0,0.5488607594936709,0.0,0.0,0.0,0.0
6513,43,1.1602325581395354,0.6976744186046445,1.1917049944281217,0.6936480599736661,0.01416927009372336,0.0,0.0,0.015927221227051935,0.0,0.0,0.5697674418604651,0.0,0.0,0.5485766386384359,0.0,0.0,0.0,0.0
6514,51,1.2339215686274516,0.9019607843137276,1.1915560733461648,0.6941545942660378,0.02423180592991926,0.0,0.0,0.015949828322222737,0.0,0.0,0.5,0.0,0.0,0.5484246783507244,0.0,0.0,0.0,0.0
6515,54,0.9688888888888892,0.6666666666666645,1.1898916455696193,0.6942784810126642,0.011901728844404165,0.0,0.0,0.01591861175574865,0.0,0.0,0.39351851851851855,0.0,0.0,0.5470886075949367,0.0,0.0,0.0,0.0
6516,51,1.1717647058823537,0.6862745098039174,1.1895344600748903,0.6941605100698368,0.019396299902629796,0.0,0.0,0.015947830098437712,0.0,0.0,0.5098039215686274,0.0,0.0,0.546882906588402,0.0,0.0,0.0,0.0
6517,50,1.2550000000000008,0.7399999999999514,1.189283041763575,0.6939023157043235,0.015806045340049688,0.0,0.0,0.01593250831453681,0.0,0.0,0.51,0.0,0.0,0.5463393669734048,0.0,0.0,0.0,0.0
6518,54,1.174444444444445,0.7407407407407383,1.1888966353440427,0.6945539052238107,0.01809931506849304,0.0,0.0,0.01595573648004543,0.0,0.0,0.5462962962962963,0.0,0.0,0.546150348590482,0.0,0.0,0.0,0.0
6519,51,0.8200000000000003,0.8039215686274528,1.1872406471183006,0.6951466127401469,0.012943361188486492,0.0,0.0,0.015930689119958402,0.0,0.0,0.19117647058823528,0.0,0.0,0.5444135490394337,0.0,0.0,0.0,0.0
6520,57,1.2675438596491233,0.8245614035087904,1.1873576332794822,0.6960823909531556,0.017699657030867514,0.0,0.0,0.015971410721319124,0.0,0.0,0.5701754385964912,0.0,0.0,0.5445274636510501,0.0,0.0,0.0,0.0
6521,49,1.1559183673469393,0.8163265306122129,1.1872291708694767,0.6969941496873161,0.015112059765207578,0.0,0.0,0.01599147587934722,0.0,0.0,0.45408163265306123,0.0,0.0,0.5438016945733306,0.0,0.0,0.0,0.0
6522,62,0.9479032258064523,0.725806451612879,1.1863539359774502,0.6980068451781812,0.015836701697655206,0.0,0.0,0.016007965107829217,0.0,0.0,0.3951612903225806,0.0,0.0,0.5427571975035232,0.0,0.0,0.0,0.0
6523,50,1.2144000000000004,0.6399999999999804,1.1867256815209726,0.6987224625289258,0.013427686864218118,0.0,0.0,0.016010390188491874,0.0,0.0,0.63,0.0,0.0,0.5430288703349764,0.0,0.0,0.0,0.0
6524,54,0.9061111111111118,0.44444444444444636,1.186201106083458,0.6973353443941729,0.020972996142306004,0.0,0.0,0.01604616303284794,0.0,0.0,0.4351851851851852,0.0,0.0,0.5434137757667169,0.0,0.0,0.0,0.0
6525,50,1.0648000000000006,0.6799999999999745,1.184902907737196,0.6959452661233572,0.016266422242590613,0.0,0.0,0.01604160253249395,0.0,0.0,0.52,0.0,0.0,0.5437418251333133,0.0,0.0,0.0,0.0
6526,65,1.127384615384616,0.5538461538461534,1.1853853884031746,0.6957089739724698,0.01411130367802768,0.0,0.0,0.016016807384495114,0.0,0.0,0.5461538461538461,0.0,0.0,0.5442417847452518,0.0,0.0,0.0,0.0
6527,44,1.2059090909090915,0.7272727272726928,1.1845741578682745,0.6957264957265,0.013882783882783824,0.0,0.0,0.016010282489868417,0.0,0.0,0.5454545454545454,0.0,0.0,0.5438662644544997,0.0,0.0,0.0,0.0
6528,42,0.9476190476190479,0.6190476190476597,1.1837385528831628,0.6956828016504019,0.010073399139458438,0.0,0.0,0.015981427387470673,0.0,0.0,0.4107142857142857,0.0,0.0,0.5430210325047801,0.0,0.0,0.0,0.0
6529,47,1.2144680851063836,0.7659574468085081,1.1830700251889157,0.6949118387909367,0.014791396734905024,0.0,0.0,0.01597320923297933,0.0,0.0,0.5638297872340425,0.0,0.0,0.5432745591939546,0.0,0.0,0.0,0.0
6530,50,1.0730000000000004,0.6000000000000251,1.182636244585473,0.6941674221819328,0.017413177539760252,0.0,0.0,0.015966421640294083,0.0,0.0,0.525,0.0,0.0,0.54349249521507,0.0,0.0,0.0,0.0
6531,52,1.168461538461539,0.5384615384615398,1.1819939577039267,0.6931520644511628,0.01941834451901506,0.0,0.0,0.015963875495589894,0.0,0.0,0.6538461538461539,0.0,0.0,0.5435297079556898,0.0,0.0,0.0,0.0
6532,60,1.3545000000000007,0.9333333333333412,1.183055331991951,0.6938631790744515,0.01596346493812616,0.0,0.0,0.015971405249840805,0.0,0.0,0.55,0.0,0.0,0.5439889336016096,0.0,0.0,0.0,0.0
6533,37,1.0510810810810816,0.4324324324324453,1.18254358560919,0.692028620376907,0.013002340354396071,0.0,0.0,0.015961624784741377,0.0,0.0,0.6351351351351351,0.0,0.0,0.5447697268971077,0.0,0.0,0.0,0.0
6534,35,1.1822857142857146,0.5714285714285866,1.181269809225799,0.6919349954577622,0.013688389017531822,0.0,0.0,0.015927540472674622,0.0,0.0,0.5571428571428572,0.0,0.0,0.5437821742202483,0.0,0.0,0.0,0.0
6535,57,0.901929824561404,0.6315789473683878,1.179511137990121,0.6915633504687074,0.009807325448300852,0.0,0.0,0.015860808442522228,0.0,0.0,0.38596491228070173,0.0,0.0,0.542536034673924,0.0,0.0,0.0,0.0
6536,54,1.406111111111112,0.8148148148148073,1.1797851739788192,0.6921835602622336,0.029729835552075524,0.0,0.0,0.015852728726503996,0.0,0.0,0.6111111111111112,0.0,0.0,0.5423600605143721,0.0,0.0,0.0,0.0
6537,51,1.1386274509803926,0.6274509803921372,1.1786837589583115,0.6919349954577614,0.012047717842323285,0.0,0.0,0.015814198518149403,0.0,0.0,0.5294117647058824,0.0,0.0,0.5419400423942666,0.0,0.0,0.0,0.0
6538,39,1.1769230769230774,0.6666666666666825,1.1777049014653855,0.6909550277918184,0.022779156327543987,0.0,0.0,0.01584077111918859,0.0,0.0,0.5641025641025641,0.0,0.0,0.5416877210712481,0.0,0.0,0.0,0.0
6539,48,1.1331250000000004,0.708333333333334,1.1775633902414375,0.6901707243155919,0.01233613064186878,0.0,0.0,0.01581238435785721,0.0,0.0,0.5416666666666666,0.0,0.0,0.5420749570663703,0.0,0.0,0.0,0.0
6540,59,0.9928813559322037,0.8813559322033915,1.176187064877408,0.6919584300272468,0.013894686907020826,0.0,0.0,0.01578717923715735,0.0,0.0,0.2966101694915254,0.0,0.0,0.5405105438401776,0.0,0.0,0.0,0.0
6541,41,1.1968292682926835,0.6829268292682557,1.1760203875656026,0.6930763019782036,0.01964371497197715,0.0,0.0,0.015775634707449745,0.0,0.0,0.5975609756097561,0.0,0.0,0.5400181671376665,0.0,0.0,0.0,0.0
6542,50,1.0482000000000005,0.6799999999999923,1.1752291077916825,0.6930763019782038,0.017005191434133697,0.0,0.0,0.015776768221467747,0.0,0.0,0.45,0.0,0.0,0.5393621316108196,0.0,0.0,0.0,0.0
6543,43,1.0902325581395353,0.6511627906976599,1.1753369027174452,0.6926962319426246,0.01551290536068795,0.0,0.0,0.01580686664375165,0.0,0.0,0.43023255813953487,0.0,0.0,0.539145368219012,0.0,0.0,0.0,0.0
6544,46,1.215434782608696,0.8260869565217395,1.1755910284906028,0.6929682764194828,0.017347192057089664,0.0,0.0,0.01581801399369515,0.0,0.0,0.45652173913043476,0.0,0.0,0.539199838351182,0.0,0.0,0.0,0.0
6545,57,1.2354385964912287,0.596491228070181,1.1761088668955753,0.692890325186835,0.01776936664143284,0.0,0.0,0.01581267558015286,0.0,0.0,0.6666666666666666,0.0,0.0,0.5398909311250253,0.0,0.0,0.0,0.0
6546,47,1.1719148936170218,0.9574468085106459,1.1754185600323122,0.6941330909825346,0.01351324828263027,0.0,0.0,0.015778210934248988,0.0,0.0,0.3723404255319149,0.0,0.0,0.5387761284459255,0.0,0.0,0.0,0.0
6547,55,1.0863636363636369,0.8909090909090362,1.1757641480883678,0.6953495410067626,0.01593758335556084,0.0,0.0,0.015788407823121013,0.0,0.0,0.36363636363636365,0.0,0.0,0.5387370120044386,0.0,0.0,0.0,0.0
6548,36,1.0061111111111116,0.6666666666666674,1.1767616449429108,0.6960695160149578,0.014699675324675523,0.0,0.0,0.015805780048721293,0.0,0.0,0.4305555555555556,0.0,0.0,0.5392290593109023,0.0,0.0,0.0,0.0
6549,46,0.8600000000000005,0.6086956521738867,1.176077281003438,0.6972486344325345,0.0100687197760241,0.0,0.0,0.01576762528852236,0.0,0.0,0.2391304347826087,0.0,0.0,0.5377554116933037,0.0,0.0,0.0,0.0
6550,45,1.4200000000000008,0.7111111111111386,1.1762961464549397,0.6975826843329662,0.01821550741163162,0.0,0.0,0.01576499261908092,0.0,0.0,0.7555555555555555,0.0,0.0,0.5380044502882573,0.0,0.0,0.0,0.0
6551,52,0.9661538461538466,0.519230769230753,1.1748044862079405,0.6960695160149577,0.012463408583478604,0.0,0.0,0.015734222865765014,0.0,0.0,0.49038461538461536,0.0,0.0,0.5375618874406386,0.0,0.0,0.0,0.0
6552,50,1.1826000000000003,0.7400000000000198,1.1741171717171706,0.6961616161616198,0.01250899090332144,0.0,0.0,0.015692070507775383,0.0,0.0,0.525,0.0,0.0,0.536969696969697,0.0,0.0,0.0,0.0
6553,42,1.247380952380953,0.8095238095237957,1.17443938473993,0.6976320582877995,0.015097982708932893,0.0,0.0,0.015696678298033544,0.0,0.0,0.5595238095238095,0.0,0.0,0.5365057680631451,0.0,0.0,0.0,0.0
6554,63,1.1815873015873022,0.6031746031746157,1.1734888663967602,0.6953441295546599,0.021165766278077248,0.0,0.0,0.01570827016327348,0.0,0.0,0.6190476190476191,0.0,0.0,0.5373481781376518,0.0,0.0,0.0,0.0
6555,33,1.1254545454545462,0.4848484848484847,1.1730989055533025,0.6937576003242842,0.024876088412591958,0.0,0.0,0.01574134787060599,0.0,0.0,0.6287878787878788,0.0,0.0,0.5380776246453182,0.0,0.0,0.0,0.0
6556,40,1.0990000000000002,0.49999999999999833,1.1723158855751663,0.6932440657334185,0.01861134631668071,0.0,0.0,0.01575592857084432,0.0,0.0,0.58125,0.0,0.0,0.5377865692838304,0.0,0.0,0.0,0.0
6557,37,1.1856756756756759,0.7297297297297161,1.1710842394065635,0.6925109236866209,0.013523427866831467,0.0,0.0,0.015729002320185655,0.0,0.0,0.5540540540540541,0.0,0.0,0.5374961894116451,0.0,0.0,0.0,0.0
6558,47,1.35936170212766,0.8510638297872691,1.172080407124681,0.693536895674304,0.01804292572719674,0.0,0.0,0.015740719477956154,0.0,0.0,0.574468085106383,0.0,0.0,0.5377862595419848,0.0,0.0,0.0,0.0
6559,39,1.1171794871794878,0.5641025641025528,1.171338767193071,0.69281711665818,0.017653970826579927,0.0,0.0,0.015750012329645444,0.0,0.0,0.6025641025641025,0.0,0.0,0.5378247580234335,0.0,0.0,0.0,0.0
6560,59,1.1311864406779666,0.5423728813559169,1.1712431276725708,0.6931378537976008,0.01239598811292725,0.0,0.0,0.015747165456832714,0.0,0.0,0.6016949152542372,0.0,0.0,0.5375178171451843,0.0,0.0,0.0,0.0
6561,60,1.2998333333333336,0.8500000000000061,1.1703978024214052,0.6931529148438331,0.014423894950989733,0.0,0.0,0.015690784672901824,0.0,0.0,0.5208333333333334,0.0,0.0,0.5366517448367077,0.0,0.0,0.0,0.0
6562,43,1.2320930232558145,0.6046511627907151,1.1701272523668933,0.692049272116465,0.013786104605776627,0.0,0.0,0.015686760471114912,0.0,0.0,0.6686046511627907,0.0,0.0,0.5371322406596762,0.0,0.0,0.0,0.0
6563,54,0.9579629629629635,0.7222222222222072,1.1694117048346049,0.6922137404580189,0.013652678807072997,0.0,0.0,0.01567043647383916,0.0,0.0,0.39814814814814814,0.0,0.0,0.5367175572519084,0.0,0.0,0.0,0.0
6564,42,1.2395238095238104,0.6666666666666657,1.168189971463513,0.69190786791684,0.01767741935483878,0.0,0.0,0.01565829629002252,0.0,0.0,0.5833333333333334,0.0,0.0,0.5357470444353852,0.0,0.0,0.0,0.0
6565,51,0.8819607843137259,0.6274509803921536,1.1664996945632244,0.6920179189574459,0.010213442325158905,0.0,0.0,0.015603827495757696,0.0,0.0,0.3480392156862745,0.0,0.0,0.5345143555284056,0.0,0.0,0.0,0.0
6566,52,0.894038461538462,0.4423076923076717,1.1639346099001824,0.6898553676919976,0.011311435523113995,0.0,0.0,0.015566948376761394,0.0,0.0,0.47596153846153844,0.0,0.0,0.5340700753717661,0.0,0.0,0.0,0.0
6567,54,1.2022222222222227,0.5925925925925761,1.164296032553407,0.6888097660223838,0.018179781573789765,0.0,0.0,0.015588882275303462,0.0,0.0,0.6296296296296297,0.0,0.0,0.5349949135300102,0.0,0.0,0.0,0.0
6568,45,0.8348888888888892,0.5777777777777685,1.1637497454693537,0.6889635512115689,0.01732933579335777,0.0,0.0,0.015595992921300664,0.0,0.0,0.4,0.0,0.0,0.5347688861738953,0.0,0.0,0.0,0.0
6569,45,1.1553333333333338,0.577777777777784,1.16365359144167,0.6874172185430496,0.015913682277319343,0.0,0.0,0.015615784695484804,0.0,0.0,0.6277777777777778,0.0,0.0,0.5357361181864493,0.0,0.0,0.0,0.0
6570,55,1.1487272727272733,0.7999999999999831,1.1633672431332645,0.6874872838250284,0.014557603686636309,0.0,0.0,0.015610978015302639,0.0,0.0,0.40454545454545454,0.0,0.0,0.5348931841302136,0.0,0.0,0.0,0.0
6571,52,1.1938461538461544,0.6153846153846156,1.1651403294691876,0.687614399023798,0.015617610062893326,0.0,0.0,0.01563157313135148,0.0,0.0,0.5769230769230769,0.0,0.0,0.5358196054504779,0.0,0.0,0.0,0.0
6572,44,1.3690909090909096,0.7045454545454691,1.1647003764370731,0.6850137348662156,0.02167686218064005,0.0,0.0,0.0156812207633881,0.0,0.0,0.6818181818181818,0.0,0.0,0.537262183335029,0.0,0.0,0.0,0.0
6573,45,1.5460000000000005,1.1555555555555785,1.167686202686202,0.6877289377289411,0.021974099810487292,0.0,0.0,0.01574942051400995,0.0,0.0,0.6111111111111112,0.0,0.0,0.5382326007326007,0.0,0.0,0.0,0.0
6574,53,1.385283018867925,0.9811320754716882,1.1687200081333866,0.6892029280195233,0.0173242095327996,0.0,0.0,0.01574257859628418,0.0,0.0,0.5471698113207547,0.0,0.0,0.5379981699877999,0.0,0.0,0.0,0.0
6575,45,1.1717777777777783,0.9333333333333349,1.168024590996849,0.6894624530027469,0.014878668171557127,0.0,0.0,0.01572903894994969,0.0,0.0,0.4444444444444444,0.0,0.0,0.5376740168682045,0.0,0.0,0.0,0.0
6576,57,1.1447368421052637,0.631578947368415,1.1668378323523434,0.6887558351938332,0.015764677458322867,0.0,0.0,0.01570263644868114,0.0,0.0,0.5,0.0,0.0,0.5373198701035112,0.0,0.0,0.0,0.0
6577,53,0.7654716981132079,0.45283018867921404,1.1633817553839894,0.6862047947988651,0.009155946738885017,0.0,0.0,0.015650711655016476,0.0,0.0,0.4056603773584906,0.0,0.0,0.5364943112555871,0.0,0.0,0.0,0.0
6578,47,1.1608510638297878,0.6808510638297921,1.1631190887826695,0.6856503610291901,0.012476560713468941,0.0,0.0,0.015613029435132717,0.0,0.0,0.5212765957446809,0.0,0.0,0.5366876843282823,0.0,0.0,0.0,0.0
6579,50,1.4480000000000006,0.7599999999999925,1.1640367811420433,0.6852265799634247,0.015175015719975267,0.0,0.0,0.015594644996188652,0.0,0.0,0.69,0.0,0.0,0.537466978256452,0.0,0.0,0.0,0.0
6580,51,1.0994117647058828,0.7058823529411514,1.1641453252032508,0.6855691056910594,0.015701484178101043,0.0,0.0,0.015619783549252335,0.0,0.0,0.5098039215686274,0.0,0.0,0.5374491869918699,0.0,0.0,0.0,0.0
6581,54,1.2177777777777783,0.7037037037037025,1.1638059397884448,0.6851098454027691,0.020202764976958314,0.0,0.0,0.015658367567005445,0.0,0.0,0.5740740740740741,0.0,0.0,0.5375813669650122,0.0,0.0,0.0,0.0
6582,50,1.0860000000000003,0.5200000000000141,1.1630535514683458,0.6842800528401612,0.014293235061858972,0.0,0.0,0.015646146632601082,0.0,0.0,0.605,0.0,0.0,0.5375724011787419,0.0,0.0,0.0,0.0
6583,54,1.1075925925925931,0.61111111111111,1.1626283158857598,0.68340278483586,0.014889220811550554,0.0,0.0,0.0156446684956687,0.0,0.0,0.5138888888888888,0.0,0.0,0.5376308567943897,0.0,0.0,0.0,0.0
6584,39,1.2469230769230772,0.5641025641025675,1.1631842721809096,0.6835082000611213,0.012981847303790121,0.0,0.0,0.015638496598117772,0.0,0.0,0.6987179487179487,0.0,0.0,0.5383518386472446,0.0,0.0,0.0,0.0
6585,41,1.4773170731707324,0.7804878048780505,1.1642842577487753,0.6843393148450273,0.02103855505383744,0.0,0.0,0.01565050901535547,0.0,0.0,0.6463414634146342,0.0,0.0,0.5385909461663948,0.0,0.0,0.0,0.0
6586,39,1.076410256410257,0.5641025641025699,1.1628063725490185,0.682802287581702,0.019462216040797647,0.0,0.0,0.01566336328569939,0.0,0.0,0.5192307692307693,0.0,0.0,0.5383731617647058,0.0,0.0,0.0,0.0
6587,55,1.216545454545455,0.8363636363636254,1.1638853763002233,0.6836630634305554,0.013446543408360193,0.0,0.0,0.01564935643679757,0.0,0.0,0.5545454545454546,0.0,0.0,0.5392871711197226,0.0,0.0,0.0,0.0
6588,63,1.308253968253969,0.7936507936507787,1.1647557500508843,0.6844087115815211,0.01329569285368704,0.0,0.0,0.015596870511342469,0.0,0.0,0.5555555555555556,0.0,0.0,0.5392072053734989,0.0,0.0,0.0,0.0
6589,49,0.9553061224489799,0.2653061224489851,1.16353312302839,0.6824056171771674,0.011731829573934765,0.0,0.0,0.015569671790723912,0.0,0.0,0.6479591836734694,0.0,0.0,0.5396611376818968,0.0,0.0,0.0,0.0
6590,59,1.041016949152543,0.6101694915254002,1.1630333197887026,0.6824461600975237,0.013642825410927864,0.0,0.0,0.015566293628899297,0.0,0.0,0.5169491525423728,0.0,0.0,0.5397958147094677,0.0,0.0,0.0,0.0
6591,29,1.2600000000000002,0.2068965517241385,1.1632338865695948,0.6807860706649042,0.014704225352112736,0.0,0.0,0.015569202086774538,0.0,0.0,0.8620689655172413,0.0,0.0,0.5410345178698707,0.0,0.0,0.0,0.0
6592,55,0.9980000000000002,0.5272727272727136,1.1622730048859928,0.6792548859934876,0.013339003645199257,0.0,0.0,0.015537335042441994,0.0,0.0,0.509090909090909,0.0,0.0,0.5411492263843648,0.0,0.0,0.0,0.0
6593,48,1.2097916666666673,0.9166666666667068,1.1612813738441206,0.6801138095722005,0.012648660422565629,0.0,0.0,0.01548463280097235,0.0,0.0,0.4895833333333333,0.0,0.0,0.5404684483284219,0.0,0.0,0.0,0.0
6594,42,1.257619047619048,0.714285714285707,1.1622909682007507,0.6809915676115031,0.01800886464370834,0.0,0.0,0.015495890492599125,0.0,0.0,0.5892857142857143,0.0,0.0,0.5408920044701818,0.0,0.0,0.0,0.0
6595,53,1.2779245283018874,0.6415094339622464,1.1630395939086287,0.6807106598984798,0.013532467532466752,0.0,0.0,0.015489226034907756,0.0,0.0,0.6132075471698113,0.0,0.0,0.5413705583756345,0.0,0.0,0.0,0.0
6596,53,1.17433962264151,0.6037735849056174,1.1623051157125446,0.6797604547300062,0.013356223175964793,0.0,0.0,0.015475682389176397,0.0,0.0,0.6226415094339622,0.0,0.0,0.5417427933414535,0.0,0.0,0.0,0.0
6597,52,1.0267307692307697,0.3461538461538543,1.1615566372578836,0.6782273603082872,0.012803357314148875,0.0,0.0,0.015452216496236165,0.0,0.0,0.6346153846153846,0.0,0.0,0.5420849812392252,0.0,0.0,0.0,0.0
6598,58,1.3177586206896559,0.6206896551723888,1.1630033404190698,0.6773964976212186,0.022334891876096198,0.0,0.0,0.015489777346356873,0.0,0.0,0.7413793103448276,0.0,0.0,0.5439315720214597,0.0,0.0,0.0,0.0
6599,53,1.3001886792452837,0.5660377358490609,1.1621807326452125,0.676381299332121,0.01702742772423976,0.0,0.0,0.015494572359101268,0.0,0.0,0.6792452830188679,0.0,0.0,0.5438676381299332,0.0,0.0,0.0,0.0
6600,40,0.8307500000000004,0.3999999999999659,1.1590763459393683,0.6750481597891127,0.015243119266054542,0.0,0.0,0.015466645560971805,0.0,0.0,0.425,0.0,0.0,0.5418736692689851,0.0,0.0,0.0,0.0
6601,41,0.9448780487804884,0.7317073170731653,1.1586335529650267,0.6757222503801337,0.016633748389866795,0.0,0.0,0.015489249599553365,0.0,0.0,0.2804878048780488,0.0,0.0,0.5407247845919919,0.0,0.0,0.0,0.0
6602,45,1.3977777777777782,0.9777777777777923,1.1596440523273488,0.6766048068147265,0.015658451580781788,0.0,0.0,0.015477888826927572,0.0,0.0,0.5555555555555556,0.0,0.0,0.5410455329074131,0.0,0.0,0.0,0.0
6603,54,1.2640740740740748,0.5370370370370277,1.1609407594936696,0.676151898734179,0.01704795204795188,0.0,0.0,0.015475825034726597,0.0,0.0,0.6481481481481481,0.0,0.0,0.5417468354430379,0.0,0.0,0.0,0.0
6604,47,0.9214893617021281,0.4255319148936262,1.1598764556962016,0.6751392405063308,0.01152781474580819,0.0,0.0,0.015457213842393867,0.0,0.0,0.5159574468085106,0.0,0.0,0.5417468354430379,0.0,0.0,0.0,0.0
6605,52,1.1007692307692312,0.6153846153846134,1.158599615501365,0.6744915511484382,0.015207226354940944,0.0,0.0,0.015426953152366646,0.0,0.0,0.5192307692307693,0.0,0.0,0.5410553475665284,0.0,0.0,0.0,0.0
6606,45,1.1495555555555559,0.5333333333333723,1.157667004048582,0.6732793522267223,0.01642222222222203,0.0,0.0,0.015418913453761127,0.0,0.0,0.6222222222222222,0.0,0.0,0.5412702429149797,0.0,0.0,0.0,0.0
6607,50,1.3114000000000003,0.8000000000000003,1.1577070901183364,0.6742186709820993,0.015888054276714157,0.0,0.0,0.015403667946913283,0.0,0.0,0.61,0.0,0.0,0.5407353089916052,0.0,0.0,0.0,0.0
6608,50,1.2916000000000007,0.6799999999999798,1.1574805457301658,0.6734714502273891,0.01800390298299476,0.0,0.0,0.015409133594698086,0.0,0.0,0.59,0.0,0.0,0.5407023749368368,0.0,0.0,0.0,0.0
6609,50,0.9474000000000002,0.7200000000000004,1.156950060655074,0.673877881116055,0.014521765787860448,0.0,0.0,0.015396303934586348,0.0,0.0,0.38,0.0,0.0,0.540512535382127,0.0,0.0,0.0,0.0
6610,61,0.9770491803278695,0.6229508196721335,1.1554639175257724,0.6723266626238141,0.01505811015664445,0.0,0.0,0.015426142573776462,0.0,0.0,0.4016393442622951,0.0,0.0,0.5401253284819082,0.0,0.0,0.0,0.0
6611,51,1.1974509803921571,0.7450980392157125,1.1544053753662717,0.6725270283924438,0.013705116696587884,0.0,0.0,0.015389915393619691,0.0,0.0,0.45098039215686275,0.0,0.0,0.5385470344548853,0.0,0.0,0.0,0.0
6612,52,0.8748076923076926,0.46153846153845407,1.153575757575757,0.6707070707070724,0.009362008643753939,0.0,0.0,0.015336827643999299,0.0,0.0,0.3701923076923077,0.0,0.0,0.5383585858585859,0.0,0.0,0.0,0.0
6613,53,0.9698113207547173,0.49056603773585156,1.151857431749241,0.6687563195146627,0.013876889848812307,0.0,0.0,0.01530229496745941,0.0,0.0,0.5377358490566038,0.0,0.0,0.5380940343781597,0.0,0.0,0.0,0.0
6614,44,1.006818181818182,0.5227272727272952,1.1508286176232814,0.6682497978981422,0.012429854096520525,0.0,0.0,0.01527047755942675,0.0,0.0,0.5511363636363636,0.0,0.0,0.5380456750202102,0.0,0.0,0.0,0.0
6615,46,0.9760869565217397,0.7826086956522,1.1505352625720928,0.6689264393402827,0.011853220696937858,0.0,0.0,0.015251212841838984,0.0,0.0,0.2826086956521739,0.0,0.0,0.5372862491146413,0.0,0.0,0.0,0.0
6616,52,1.079807692307693,0.5769230769230791,1.1511571919886698,0.6683188347157611,0.013539908367495466,0.0,0.0,0.015273615014400792,0.0,0.0,0.47596153846153844,0.0,0.0,0.5379577179850293,0.0,0.0,0.0,0.0
6617,59,1.193728813559323,0.576271186440684,1.151813036887316,0.6683173319858527,0.015320861431367825,0.0,0.0,0.01527061102863544,0.0,0.0,0.6016949152542372,0.0,0.0,0.5387316826680142,0.0,0.0,0.0,0.0
6618,55,1.1529090909090913,0.7636363636363372,1.1498574893875064,0.6675763088740664,0.015656790123456724,0.0,0.0,0.01525675824278983,0.0,0.0,0.4909090909090909,0.0,0.0,0.5374216696988073,0.0,0.0,0.0,0.0
6619,42,1.046666666666667,0.6428571428571943,1.1493566306433685,0.6672053327946686,0.014653333333334016,0.0,0.0,0.015272351007820194,0.0,0.0,0.49404761904761907,0.0,0.0,0.5373194626805373,0.0,0.0,0.0,0.0
6620,54,1.0140740740740746,0.6296296296296177,1.1508162647563305,0.6677429119160543,0.012591400321912903,0.0,0.0,0.015290364009046275,0.0,0.0,0.42592592592592593,0.0,0.0,0.5382655635152861,0.0,0.0,0.0,0.0
6621,38,1.4028947368421056,1.0000000000000104,1.1515882471728585,0.6686187399030709,0.018219412166780576,0.0,0.0,0.015303683109543297,0.0,0.0,0.5328947368421053,0.0,0.0,0.5379644588045234,0.0,0.0,0.0,0.0
6622,49,1.0200000000000005,0.530612244897936,1.1509523328620472,0.6677438901232089,0.011274531919693196,0.0,0.0,0.015271222369916179,0.0,0.0,0.5357142857142857,0.0,0.0,0.5377953948697233,0.0,0.0,0.0,0.0
6623,53,1.0707547169811327,0.7358490566037756,1.1494177010798254,0.6675749318801103,0.015620699146711376,0.0,0.0,0.015237100161875083,0.0,0.0,0.4339622641509434,0.0,0.0,0.5366585931981027,0.0,0.0,0.0,0.0
6624,47,1.1821276595744685,0.8085106382978734,1.1494952554007662,0.6669695134262075,0.020014409221902504,0.0,0.0,0.015265291567350464,0.0,0.0,0.46808510638297873,0.0,0.0,0.5370230163537251,0.0,0.0,0.0,0.0
6625,49,1.0795918367346944,0.6122448979591486,1.148904454747026,0.6667002620439435,0.013718879668048925,0.0,0.0,0.015258994221370887,0.0,0.0,0.5714285714285714,0.0,0.0,0.5370137069139287,0.0,0.0,0.0,0.0
6626,51,1.1382352941176475,0.7843137254901451,1.1483951612903214,0.6668346774193553,0.011326829268292121,0.0,0.0,0.015220469463746757,0.0,0.0,0.4019607843137255,0.0,0.0,0.5360635080645161,0.0,0.0,0.0,0.0
6627,49,1.2563265306122453,0.6938775510203959,1.1487619719729802,0.6653896562153445,0.022112068965517595,0.0,0.0,0.015256552732492117,0.0,0.0,0.5918367346938775,0.0,0.0,0.5369240850892227,0.0,0.0,0.0,0.0
6628,46,1.1752173913043484,0.6521739130434591,1.1476051649349328,0.6643801069302935,0.014925455549420418,0.0,0.0,0.015235764278577903,0.0,0.0,0.5978260869565217,0.0,0.0,0.5369464339755876,0.0,0.0,0.0,0.0
6629,57,1.0977192982456145,0.5438596491227836,1.1485553092887355,0.6634092282893409,0.012751171795394327,0.0,0.0,0.01525293203145695,0.0,0.0,0.5350877192982456,0.0,0.0,0.5377543824299819,0.0,0.0,0.0,0.0
6630,58,1.3984482758620698,0.7758620689654537,1.1494536123968593,0.6637150332058759,0.027411287597162465,0.0,0.0,0.015295840240378564,0.0,0.0,0.7413793103448276,0.0,0.0,0.5390169048098209,0.0,0.0,0.0,0.0
6631,43,1.0627906976744188,0.5116279069767565,1.1496482209454684,0.6629372039108956,0.009401357745319559,0.0,0.0,0.015305173265200955,0.0,0.0,0.627906976744186,0.0,0.0,0.5399153311158149,0.0,0.0,0.0,0.0
6632,44,1.0770454545454549,0.6818181818181928,1.1506092394593495,0.6637078878353839,0.013736231884057221,0.0,0.0,0.015320172499237818,0.0,0.0,0.5,0.0,0.0,0.5407504539035707,0.0,0.0,0.0,0.0
6633,45,1.1106666666666671,0.6000000000000024,1.1501333198666792,0.6629633370366628,0.013555736371033494,0.0,0.0,0.015318690129154879,0.0,0.0,0.5833333333333334,0.0,0.0,0.5407534592465407,0.0,0.0,0.0,0.0
6634,42,1.3347619047619053,0.9047619047619416,1.1501556498888206,0.6644430968263594,0.017859190825103982,0.0,0.0,0.015341300816296258,0.0,0.0,0.5476190476190477,0.0,0.0,0.5400747928037194,0.0,0.0,0.0,0.0
6635,55,1.1896363636363643,0.690909090909081,1.150939583754293,0.6649828248130932,0.017583982800321928,0.0,0.0,0.015362830903672133,0.0,0.0,0.4636363636363636,0.0,0.0,0.5400585976965043,0.0,0.0,0.0,0.0
6636,54,1.0751851851851857,0.7037037037037224,1.1505020202020193,0.6654545454545451,0.010491507047342648,0.0,0.0,0.015307659225610476,0.0,0.0,0.5092592592592593,0.0,0.0,0.5398989898989899,0.0,0.0,0.0,0.0
6637,50,1.3316000000000006,0.6600000000000038,1.1527953948697223,0.667440921026055,0.01564012215175104,0.0,0.0,0.015318275815332242,0.0,0.0,0.66,0.0,0.0,0.5404968693193294,0.0,0.0,0.0,0.0
6638,54,1.3809259259259266,0.8148148148148602,1.1542851369101739,0.668687481054865,0.01550311850311805,0.0,0.0,0.015318259955428834,0.0,0.0,0.5833333333333334,0.0,0.0,0.5407699302819036,0.0,0.0,0.0,0.0
6639,44,0.8843181818181822,0.5000000000000004,1.1533383869011513,0.6686880937942187,0.012559715945770872,0.0,0.0,0.015321600915176927,0.0,0.0,0.38636363636363635,0.0,0.0,0.5397210430563978,0.0,0.0,0.0,0.0
6640,46,0.9434782608695657,0.5217391304347635,1.1518936944219877,0.6663298302344378,0.011573333333333777,0.0,0.0,0.015298415420892476,0.0,0.0,0.5217391304347826,0.0,0.0,0.5401677445432498,0.0,0.0,0.0,0.0
6641,52,1.0305769230769237,0.5192307692307704,1.150882709807886,0.665621840242669,0.015850340136053246,0.0,0.0,0.015300526541481408,0.0,0.0,0.5576923076923077,0.0,0.0,0.5397623862487361,0.0,0.0,0.0,0.0
6642,58,1.0718965517241386,0.689655172413837,1.1509705110078765,0.6652191476469398,0.014065610859728581,0.0,0.0,0.015296243754017997,0.0,0.0,0.44396551724137934,0.0,0.0,0.54021914764694,0.0,0.0,0.0,0.0
6643,45,0.9791111111111115,0.6666666666666603,1.1495808927489388,0.6653201373459906,0.012442812764755635,0.0,0.0,0.015268963889101235,0.0,0.0,0.35555555555555557,0.0,0.0,0.5387295495859422,0.0,0.0,0.0,0.0
6644,43,0.9704651162790701,0.627906976744212,1.149880639287881,0.6665992312360914,0.012237536656891418,0.0,0.0,0.015258070144826346,0.0,0.0,0.3953488372093023,0.0,0.0,0.5381094477038236,0.0,0.0,0.0,0.0
6645,48,1.1818750000000005,0.7916666666666794,1.1503827460510319,0.6676792223572298,0.01322377622377732,0.0,0.0,0.015220078771802878,0.0,0.0,0.3958333333333333,0.0,0.0,0.5371354799513973,0.0,0.0,0.0,0.0
6646,45,1.249555555555556,0.7555555555555966,1.1504383478436921,0.6686576230006075,0.014923036093418513,0.0,0.0,0.015211160711297883,0.0,0.0,0.5555555555555556,0.0,0.0,0.5365711682526827,0.0,0.0,0.0,0.0
6647,44,1.0354545454545458,0.4772727272727249,1.1490270598966241,0.6680855376507552,0.012244020424617487,0.0,0.0,0.015202606210870278,0.0,0.0,0.5340909090909091,0.0,0.0,0.5356237964933617,0.0,0.0,0.0,0.0
6648,47,1.118510638297873,0.5957446808510827,1.1484480486568667,0.6664977192093259,0.012986660079051486,0.0,0.0,0.015189156578047678,0.0,0.0,0.5319148936170213,0.0,0.0,0.5361885453623922,0.0,0.0,0.0,0.0
6649,35,1.3440000000000003,0.8857142857142913,1.1486959610310525,0.6674446925106555,0.013603238866397234,0.0,0.0,0.015165755812473428,0.0,0.0,0.5571428571428572,0.0,0.0,0.5359244976659224,0.0,0.0,0.0,0.0
6650,50,1.1946000000000003,0.5599999999999933,1.1489659021717062,0.6672417292470063,0.019373986376905215,0.0,0.0,0.015175602498458542,0.0,0.0,0.69,0.0,0.0,0.5365333874568703,0.0,0.0,0.0,0.0
6651,39,1.0700000000000005,0.4615384615384642,1.1498700771416963,0.6655501421031265,0.01597626339969377,0.0,0.0,0.015218936819055015,0.0,0.0,0.5641025641025641,0.0,0.0,0.5377842062525375,0.0,0.0,0.0,0.0
6652,52,1.1069230769230773,0.5384615384615092,1.1489538899045288,0.664533820840951,0.012381157238115736,0.0,0.0,0.01523387580040262,0.0,0.0,0.625,0.0,0.0,0.5377310582977859,0.0,0.0,0.0,0.0
6653,51,0.9588235294117652,0.5882352941176322,1.1477796919335215,0.664673692744224,0.015013816395457022,0.0,0.0,0.015228236186235224,0.0,0.0,0.4117647058823529,0.0,0.0,0.5365322253749494,0.0,0.0,0.0,0.0
6654,56,1.1132142857142864,0.5714285714285631,1.1480488299057836,0.6635599230067872,0.017710227272727516,0.0,0.0,0.015250052146062782,0.0,0.0,0.5044642857142857,0.0,0.0,0.5372555972039307,0.0,0.0,0.0,0.0
6655,45,1.008666666666667,0.555555555555519,1.147414614371135,0.6625114016418355,0.01200158646218964,0.0,0.0,0.015242917786953976,0.0,0.0,0.5,0.0,0.0,0.5373213742778961,0.0,0.0,0.0,0.0
6656,48,0.9181250000000004,0.3749999999999898,1.1452534468775337,0.6596715328467145,0.012313495389773872,0.0,0.0,0.015213514529007495,0.0,0.0,0.5104166666666666,0.0,0.0,0.5369018653690186,0.0,0.0,0.0,0.0
6657,42,1.2711904761904766,0.8095238095238658,1.1452276645370643,0.6604806814724665,0.013707317073171353,0.0,0.0,0.015177558412235476,0.0,0.0,0.5595238095238095,0.0,0.0,0.536710272791806,0.0,0.0,0.0,0.0
6658,55,1.3198181818181827,0.7999999999999796,1.1445141987829606,0.6595334685598365,0.019997245179063473,0.0,0.0,0.015181786016501648,0.0,0.0,0.5909090909090909,0.0,0.0,0.5364604462474645,0.0,0.0,0.0,0.0
6659,54,1.1738888888888892,0.5185185185185045,1.1437197038839864,0.6584524896055152,0.01313238036047229,0.0,0.0,0.015154803608164983,0.0,0.0,0.6759259259259259,0.0,0.0,0.5366595679951324,0.0,0.0,0.0,0.0
6660,55,0.8329090909090914,0.27272727272727265,1.1410076103500753,0.655809233891424,0.010658445788738754,0.0,0.0,0.015138553624823447,0.0,0.0,0.5227272727272727,0.0,0.0,0.5359462201927956,0.0,0.0,0.0,0.0
6661,53,1.3283018867924534,0.8490566037735792,1.1419325682949113,0.657865339697368,0.013190931234775962,0.0,0.0,0.015105094536051291,0.0,0.0,0.5566037735849056,0.0,0.0,0.5355692088961105,0.0,0.0,0.0,0.0
6662,49,1.2532653061224495,0.9387755102041161,1.1433969736975718,0.6596933076063759,0.0170394006659271,0.0,0.0,0.015123916652786194,0.0,0.0,0.47959183673469385,0.0,0.0,0.5357469279983751,0.0,0.0,0.0,0.0
6663,48,0.8414583333333338,0.4374999999999913,1.1419951264087713,0.6592547466747877,0.009090704478955356,0.0,0.0,0.015082974726066053,0.0,0.0,0.40625,0.0,0.0,0.5349274037973398,0.0,0.0,0.0,0.0
6664,54,0.8070370370370376,0.5185185185185258,1.139494661921707,0.6588713777325861,0.01013724121888741,0.0,0.0,0.015047908694192667,0.0,0.0,0.32407407407407407,0.0,0.0,0.5328164717844434,0.0,0.0,0.0,0.0
6665,47,1.0389361702127666,0.5531914893617152,1.1391835282155556,0.6590747330960839,0.019873829873829418,0.0,0.0,0.015080511537317414,0.0,0.0,0.5372340425531915,0.0,0.0,0.5327910523640061,0.0,0.0,0.0,0.0
6666,35,1.2828571428571434,0.8571428571428373,1.1390887802891456,0.6601506821421282,0.02333679833679909,0.0,0.0,0.015094515012715765,0.0,0.0,0.5,0.0,0.0,0.5318926898798615,0.0,0.0,0.0,0.0
6667,50,1.2430000000000005,0.5999999999999746,1.1403057480635945,0.6596004891968998,0.01443334881560555,0.0,0.0,0.015076503078314067,0.0,0.0,0.615,0.0,0.0,0.532918874847126,0.0,0.0,0.0,0.0
6668,44,1.1431818181818185,0.681818181818176,1.140774719673801,0.6599388379204874,0.012298288508556873,0.0,0.0,0.015052308486914108,0.0,0.0,0.5397727272727273,0.0,0.0,0.5331804281345566,0.0,0.0,0.0,0.0
6669,43,1.1446511627906981,0.6511627906976972,1.1428789886838604,0.6604139055968989,0.013306298999730171,0.0,0.0,0.015072880378297609,0.0,0.0,0.4883720930232558,0.0,0.0,0.5339993883168519,0.0,0.0,0.0,0.0
6670,38,1.2378947368421056,0.6315789473683938,1.1419409541321879,0.6585963836959828,0.013490106108402625,0.0,0.0,0.01504934792881402,0.0,0.0,0.6052631578947368,0.0,0.0,0.5342731637552355,0.0,0.0,0.0,0.0
6671,54,1.214444444444445,0.6111111111110927,1.1424005305039775,0.6586410936543536,0.015383532723434118,0.0,0.0,0.01504325782469562,0.0,0.0,0.6851851851851852,0.0,0.0,0.5346867986125281,0.0,0.0,0.0,0.0
6672,52,1.315384615384616,0.846153846153855,1.1429269536829205,0.660273413589061,0.01340388007054718,0.0,0.0,0.015033346394563633,0.0,0.0,0.4807692307692308,0.0,0.0,0.5335645786574168,0.0,0.0,0.0,0.0
6673,45,0.9642222222222225,0.7555555555555499,1.1407835135686581,0.6600693735972227,0.012253600677775124,0.0,0.0,0.01500273704999675,0.0,0.0,0.34444444444444444,0.0,0.0,0.532136298714548,0.0,0.0,0.0,0.0
6674,43,1.1874418604651167,0.7906976744185769,1.1405861928104561,0.6612540849673182,0.01292331055429097,0.0,0.0,0.0150050112450727,0.0,0.0,0.5348837209302325,0.0,0.0,0.5316074346405228,0.0,0.0,0.0,0.0
6675,46,1.12304347826087,0.9782608695652766,1.1398100490196066,0.6613562091503249,0.014338051623647747,0.0,0.0,0.014971749441964265,0.0,0.0,0.32065217391304346,0.0,0.0,0.5310202205882353,0.0,0.0,0.0,0.0
6676,59,0.9901694915254242,0.6779661016949442,1.1390656874744989,0.6621787025703776,0.011737994775969953,0.0,0.0,0.014981332696556696,0.0,0.0,0.423728813559322,0.0,0.0,0.5300132598939209,0.0,0.0,0.0,0.0
6677,53,1.1394339622641512,0.24528301886792064,1.138579001019367,0.659633027522934,0.01241315519013361,0.0,0.0,0.014955926756602934,0.0,0.0,0.8490566037735849,0.0,0.0,0.531651376146789,0.0,0.0,0.0,0.0
6678,58,1.1939655172413801,0.6896551724137872,1.138455267984511,0.6597717546362317,0.012577188521612074,0.0,0.0,0.014928216879221284,0.0,0.0,0.5517241379310345,0.0,0.0,0.5314346851436723,0.0,0.0,0.0,0.0
6679,47,1.2357446808510644,0.8085106382978888,1.139221044045676,0.6601753670473063,0.020152671755725594,0.0,0.0,0.014958545470123662,0.0,0.0,0.5106382978723404,0.0,0.0,0.5319127243066885,0.0,0.0,0.0,0.0
6680,57,1.2589473684210535,0.7017543859649173,1.1395646867371836,0.6603946297803072,0.01728740062635518,0.0,0.0,0.014968031185958812,0.0,0.0,0.5789473684210527,0.0,0.0,0.5319365337672904,0.0,0.0,0.0,0.0
6681,47,1.2051063829787239,0.6382978723404348,1.1398302155347693,0.6611427409516044,0.011604179471419711,0.0,0.0,0.014946301209155965,0.0,0.0,0.5797872340425532,0.0,0.0,0.5317202114680765,0.0,0.0,0.0,0.0
6682,54,1.4362962962962966,0.7962962962962512,1.14034734917733,0.6613853341458438,0.014841178721775204,0.0,0.0,0.014923838031538739,0.0,0.0,0.6388888888888888,0.0,0.0,0.5318403412553321,0.0,0.0,0.0,0.0
6683,56,1.0400000000000005,0.7857142857142349,1.1400274028214747,0.6625393281234118,0.01156932856575259,0.0,0.0,0.014908519711563319,0.0,0.0,0.4375,0.0,0.0,0.5313102608342637,0.0,0.0,0.0,0.0
6684,45,1.190444444444445,0.755555555555554,1.1384720951509595,0.6626003862966328,0.018497928176795422,0.0,0.0,0.014887834253923274,0.0,0.0,0.5111111111111111,0.0,0.0,0.530192131747484,0.0,0.0,0.0,0.0
6685,56,1.1503571428571433,0.8571428571428624,1.1379493953866466,0.6633472208108908,0.015969261279127865,0.0,0.0,0.01489073185390842,0.0,0.0,0.39285714285714285,0.0,0.0,0.529493953866477,0.0,0.0,0.0,0.0
6686,37,1.5916216216216221,1.0540540540539654,1.1402214996951827,0.6660231660231634,0.019623458847050038,0.0,0.0,0.014909608820829194,0.0,0.0,0.6486486486486487,0.0,0.0,0.5296941678520626,0.0,0.0,0.0,0.0
6687,43,1.0613953488372099,0.5116279069767526,1.1400264173948373,0.6662263767526899,0.011557356292732605,0.0,0.0,0.014892396477899233,0.0,0.0,0.563953488372093,0.0,0.0,0.529363950416582,0.0,0.0,0.0,0.0
6688,48,1.435833333333334,0.8750000000000107,1.1412704376967593,0.6676145018787423,0.016535508637236147,0.0,0.0,0.014894297456803797,0.0,0.0,0.5833333333333334,0.0,0.0,0.5291205443282218,0.0,0.0,0.0,0.0
6689,50,1.0132000000000005,0.6399999999999963,1.1402572968575195,0.66734465575104,0.011737720111213833,0.0,0.0,0.014875907508438192,0.0,0.0,0.425,0.0,0.0,0.5284755415437812,0.0,0.0,0.0,0.0
6690,48,1.2585416666666671,0.4583333333333271,1.1412384341637,0.666700559227247,0.015182206584568737,0.0,0.0,0.014868989819371634,0.0,0.0,0.6979166666666666,0.0,0.0,0.5292577529232334,0.0,0.0,0.0,0.0
6691,48,0.9597916666666673,0.6666666666666817,1.1414269731489004,0.6664971521562224,0.01256683033278784,0.0,0.0,0.014887144337186018,0.0,0.0,0.3854166666666667,0.0,0.0,0.5295972335231895,0.0,0.0,0.0,0.0
6692,56,1.1533928571428578,0.6785714285714326,1.1416888662938474,0.666192170818503,0.015593915982616672,0.0,0.0,0.014883395720223914,0.0,0.0,0.5625,0.0,0.0,0.5300965937976614,0.0,0.0,0.0,0.0
6693,42,1.081428571428572,0.5238095238095288,1.1411102065737242,0.6667345069705888,0.018607128226137207,0.0,0.0,0.014874733874979229,0.0,0.0,0.5357142857142857,0.0,0.0,0.5294087717512974,0.0,0.0,0.0,0.0
6694,41,1.359512195121952,0.9268292682927051,1.1420927866517436,0.6688371146606956,0.023225,0.0,0.0,0.014913301785775922,0.0,0.0,0.5487804878048781,0.0,0.0,0.5290721334825517,0.0,0.0,0.0,0.0
6695,44,1.2972727272727278,0.5909090909091007,1.1423747454175142,0.6680244399185313,0.02031316725978632,0.0,0.0,0.014928651179254966,0.0,0.0,0.6477272727272727,0.0,0.0,0.5296079429735234,0.0,0.0,0.0,0.0
6696,44,1.1075000000000006,0.5454545454545342,1.1419820646081715,0.6678895342912441,0.012823684210526239,0.0,0.0,0.014895655826392518,0.0,0.0,0.6477272727272727,0.0,0.0,0.5294762050341384,0.0,0.0,0.0,0.0
6697,55,1.0985454545454552,0.7636363636363941,1.1400977099236629,0.6680916030534333,0.012871751171708853,0.0,0.0,0.014865432288818894,0.0,0.0,0.38181818181818183,0.0,0.0,0.52735368956743,0.0,0.0,0.0,0.0
6698,38,1.1813157894736845,0.7894736842105461,1.1405244399185326,0.669042769857432,0.013681804327948603,0.0,0.0,0.014851208787711586,0.0,0.0,0.5,0.0,0.0,0.5272148676171079,0.0,0.0,0.0,0.0
6699,45,0.8980000000000006,0.6666666666666707,1.1386308068459647,0.6680929095354506,0.012561392601802645,0.0,0.0,0.014813126225944927,0.0,0.0,0.3333333333333333,0.0,0.0,0.5262072127139364,0.0,0.0,0.0,0.0
6700,59,1.1964406779661023,0.8474576271186919,1.1386433950742918,0.669244860573986,0.013738808875049162,0.0,0.0,0.014794224752797267,0.0,0.0,0.3983050847457627,0.0,0.0,0.5250101770812131,0.0,0.0,0.0,0.0
6701,53,1.3569811320754723,0.7924528301886441,1.139596462695669,0.6700548892051214,0.0228317460317449,0.0,0.0,0.014831044344906542,0.0,0.0,0.660377358490566,0.0,0.0,0.5257420207359219,0.0,0.0,0.0,0.0
6702,53,1.2467924528301895,0.6037735849056547,1.1392430400325129,0.6685633001422457,0.01823902842947844,0.0,0.0,0.01483180593990249,0.0,0.0,0.6509433962264151,0.0,0.0,0.5265698028855924,0.0,0.0,0.0,0.0
6703,53,1.2875471698113212,0.7169811320754969,1.1399847669340908,0.6683253782878018,0.020817571690055027,0.0,0.0,0.014848452380952335,0.0,0.0,0.5849056603773585,0.0,0.0,0.5271656342033106,0.0,0.0,0.0,0.0
6704,43,1.0518604651162797,0.8139534883721106,1.1408857287963425,0.6701879126460117,0.015239218328841663,0.0,0.0,0.014863736095047238,0.0,0.0,0.3488372093023256,0.0,0.0,0.526790248857288,0.0,0.0,0.0,0.0
6705,45,1.2162222222222228,0.711111111111121,1.141543078018512,0.6711423049537163,0.011242810188989205,0.0,0.0,0.014831524080637912,0.0,0.0,0.5333333333333333,0.0,0.0,0.5269301190112908,0.0,0.0,0.0,0.0
6706,60,1.0458333333333338,0.4999999999999734,1.1402287980475894,0.6693105552165936,0.01733425414364611,0.0,0.0,0.014826277646361883,0.0,0.0,0.6166666666666667,0.0,0.0,0.5272269676632093,0.0,0.0,0.0,0.0
6707,53,1.353773584905661,0.679245283018902,1.142099155044283,0.668940242288505,0.015483383685800307,0.0,0.0,0.014828104410164999,0.0,0.0,0.6509433962264151,0.0,0.0,0.5282754759238522,0.0,0.0,0.0,0.0
6708,44,0.9595454545454548,0.590909090909083,1.1420073364581202,0.6693499082942718,0.011852891633913645,0.0,0.0,0.014809217193906429,0.0,0.0,0.4431818181818182,0.0,0.0,0.5277919298960668,0.0,0.0,0.0,0.0
6709,54,1.1850000000000005,0.611111111111135,1.142172318973418,0.6694164375190936,0.014293053383961512,0.0,0.0,0.014799132768726837,0.0,0.0,0.5416666666666666,0.0,0.0,0.5275740910479683,0.0,0.0,0.0,0.0
6710,50,1.2468000000000006,0.7199999999999983,1.142054682717812,0.6705774331769009,0.019980769230768188,0.0,0.0,0.014812626118943755,0.0,0.0,0.605,0.0,0.0,0.5267292389308305,0.0,0.0,0.0,0.0
6711,50,1.3714000000000006,0.5200000000000046,1.1436582627334893,0.6692865162804922,0.017412392077195846,0.0,0.0,0.01484111698928941,0.0,0.0,0.77,0.0,0.0,0.5282739614167602,0.0,0.0,0.0,0.0
6712,43,1.0093023255813958,0.6046511627906873,1.1430568309356182,0.6685032139577575,0.014040763506955808,0.0,0.0,0.014820267987422071,0.0,0.0,0.43023255813953487,0.0,0.0,0.5282114069992858,0.0,0.0,0.0,0.0
6713,47,1.0010638297872345,0.5957446808510738,1.14230086690464,0.6680265170831191,0.009316831683168478,0.0,0.0,0.01478660259287613,0.0,0.0,0.425531914893617,0.0,0.0,0.5275369709331974,0.0,0.0,0.0,0.0
6714,46,1.091956521739131,0.608695652173872,1.1415877551020401,0.666530612244896,0.013826039086154068,0.0,0.0,0.014749662489980109,0.0,0.0,0.532608695652174,0.0,0.0,0.527704081632653,0.0,0.0,0.0,0.0
6715,54,1.1309259259259263,0.7222222222222411,1.1424806122448974,0.6668367346938757,0.015259870064967651,0.0,0.0,0.014768870152037523,0.0,0.0,0.5092592592592593,0.0,0.0,0.5283418367346939,0.0,0.0,0.0,0.0
6716,34,1.1535294117647066,0.5294117647058976,1.1423663497904522,0.6662577941326774,0.015471400394477412,0.0,0.0,0.01475240114262173,0.0,0.0,0.5735294117647058,0.0,0.0,0.5285955228457528,0.0,0.0,0.0,0.0
6717,53,1.1707547169811323,0.5660377358490768,1.1419446147557726,0.6653382382996103,0.010056726094004095,0.0,0.0,0.01470876176035458,0.0,0.0,0.6037735849056604,0.0,0.0,0.5290976905783773,0.0,0.0,0.0,0.0
6718,58,1.2687931034482764,0.7931034482758854,1.1425168539325834,0.6656792645556676,0.017165850244926718,0.0,0.0,0.014706990700016642,0.0,0.0,0.5689655172413793,0.0,0.0,0.5292390194075587,0.0,0.0,0.0,0.0
6719,48,1.1020833333333337,0.8541666666666541,1.143999182589148,0.6658833146009998,0.013192019950124454,0.0,0.0,0.014706495840108805,0.0,0.0,0.4166666666666667,0.0,0.0,0.530448554204557,0.0,0.0,0.0,0.0
6720,51,1.1745098039215691,0.862745098039253,1.1434382987424592,0.6659850731009085,0.0142044107185208,0.0,0.0,0.014687669495031154,0.0,0.0,0.4215686274509804,0.0,0.0,0.5296493201104182,0.0,0.0,0.0,0.0
6721,54,1.5168518518518523,0.9629629629630235,1.1454363376251782,0.6668710402615972,0.018494016708060997,0.0,0.0,0.014707702320064398,0.0,0.0,0.6481481481481481,0.0,0.0,0.5306815859390966,0.0,0.0,0.0,0.0
6722,51,0.9523529411764712,0.549019607843125,1.1456818414322245,0.6658823529411757,0.012599221789883404,0.0,0.0,0.014691542980382433,0.0,0.0,0.4803921568627451,0.0,0.0,0.5312787723785166,0.0,0.0,0.0,0.0
6723,47,0.8612765957446811,0.6382978723403762,1.143962341383544,0.6658821121571827,0.009924000980632269,0.0,0.0,0.014673518544041647,0.0,0.0,0.3776595744680851,0.0,0.0,0.5300347932869423,0.0,0.0,0.0,0.0
6724,52,1.1903846153846158,0.5769230769231251,1.1455240532241546,0.6666325486182183,0.014405399115662876,0.0,0.0,0.014652768594878981,0.0,0.0,0.5865384615384616,0.0,0.0,0.5308597748208802,0.0,0.0,0.0,0.0
6725,49,1.3404081632653069,0.7346938775510196,1.1469147302692182,0.6669055174531676,0.020302936630602824,0.0,0.0,0.014669785443352009,0.0,0.0,0.5969387755102041,0.0,0.0,0.5312468011055379,0.0,0.0,0.0,0.0
6726,57,0.8857894736842109,0.42105263157895334,1.1455199262370652,0.6662227230816509,0.010391026960279642,0.0,0.0,0.014646351255588256,0.0,0.0,0.5131578947368421,0.0,0.0,0.5310419014445241,0.0,0.0,0.0,0.0
6727,55,1.2043636363636367,0.6909090909090618,1.1455792058943912,0.6660867785509613,0.013748443337484503,0.0,0.0,0.014644509649761944,0.0,0.0,0.5454545454545454,0.0,0.0,0.531058125255833,0.0,0.0,0.0,0.0
6728,43,1.1530232558139542,0.6511627906976822,1.1464627033664168,0.6662232681878637,0.01675566069618109,0.0,0.0,0.014676349270595475,0.0,0.0,0.5930232558139535,0.0,0.0,0.5318479484293461,0.0,0.0,0.0,0.0
6729,45,1.279333333333334,0.5777777777777797,1.1467475181660005,0.6653361989560939,0.020612244897958747,0.0,0.0,0.014697513658155836,0.0,0.0,0.6888888888888889,0.0,0.0,0.5324173574864395,0.0,0.0,0.0,0.0
6730,58,0.8981034482758626,0.48275862068964814,1.1456498619490738,0.6645873811228133,0.01561450839328578,0.0,0.0,0.014690553617791265,0.0,0.0,0.4396551724137931,0.0,0.0,0.5319051027712445,0.0,0.0,0.0,0.0
6731,47,1.2334042553191493,0.5957446808510606,1.145950480867607,0.6649273582975233,0.014204851752021717,0.0,0.0,0.014668583971125155,0.0,0.0,0.6117021276595744,0.0,0.0,0.5316400654798444,0.0,0.0,0.0,0.0
6732,41,1.3597560975609764,0.9756097560975934,1.1455663762173236,0.6645822655048684,0.024977598566308615,0.0,0.0,0.014690165673519417,0.0,0.0,0.5121951219512195,0.0,0.0,0.5314454126089185,0.0,0.0,0.0,0.0
6733,50,1.528600000000001,0.640000000000002,1.1478849303849297,0.6653357903357895,0.028787193973635595,0.0,0.0,0.014746027299615824,0.0,0.0,0.81,0.0,0.0,0.5324785012285013,0.0,0.0,0.0,0.0
6734,51,1.0143137254901966,0.5490196078431442,1.147065617334423,0.6650654129190505,0.013556079664570208,0.0,0.0,0.014744262122784636,0.0,0.0,0.5,0.0,0.0,0.5322209730171709,0.0,0.0,0.0,0.0
6735,54,1.3129629629629633,1.0000000000000797,1.149410080768837,0.6671097024844083,0.012070139598230297,0.0,0.0,0.01475761418321295,0.0,0.0,0.4444444444444444,0.0,0.0,0.5325886923627441,0.0,0.0,0.0,0.0
6736,41,1.1878048780487807,0.43902439024389794,1.1481521294021289,0.66533579033579,0.015143034825870672,0.0,0.0,0.014709087904478103,0.0,0.0,0.6463414634146342,0.0,0.0,0.5326320638820639,0.0,0.0,0.0,0.0
6737,48,1.3177083333333341,0.9583333333333588,1.1490353302611362,0.6669738863287249,0.015883977900552643,0.0,0.0,0.014732073222290195,0.0,0.0,0.4895833333333333,0.0,0.0,0.532437275985663,0.0,0.0,0.0,0.0
6738,49,1.0202040816326536,0.5918367346938787,1.1482782608695645,0.6665984654731456,0.015448084054388578,0.0,0.0,0.014713854809680047,0.0,0.0,0.4642857142857143,0.0,0.0,0.5319693094629157,0.0,0.0,0.0,0.0
6739,61,1.19688524590164,0.6885245901639521,1.1486554965263582,0.6665304454433999,0.01268195240576674,0.0,0.0,0.014712265848376385,0.0,0.0,0.5204918032786885,0.0,0.0,0.5318502247650184,0.0,0.0,0.0,0.0
6740,45,1.1313333333333337,0.533333333333345,1.14951606302435,0.6646204215264988,0.01665903141361305,0.0,0.0,0.014724580130662414,0.0,0.0,0.5666666666666667,0.0,0.0,0.5334305299774913,0.0,0.0,0.0,0.0
6741,54,1.180555555555556,0.6666666666667201,1.149489118218044,0.664555021967917,0.014057331863284705,0.0,0.0,0.014704563753476788,0.0,0.0,0.5925925925925926,0.0,0.0,0.5334883008071932,0.0,0.0,0.0,0.0
6742,53,1.084905660377359,0.3773584905660362,1.1496567926455563,0.6629213483146071,0.015477792732166661,0.0,0.0,0.014699055119138564,0.0,0.0,0.5707547169811321,0.0,0.0,0.5341164453524004,0.0,0.0,0.0,0.0
6743,52,1.0882692307692314,0.5961538461538468,1.1495917950811303,0.6626186345545468,0.016214899713467044,0.0,0.0,0.014702749901131983,0.0,0.0,0.5096153846153846,0.0,0.0,0.5344422900295949,0.0,0.0,0.0,0.0
6744,58,1.2487931034482764,0.5862068965517234,1.1498695341963099,0.6614004688614824,0.016926852068240177,0.0,0.0,0.01470404533718094,0.0,0.0,0.6120689655172413,0.0,0.0,0.5352665375598817,0.0,0.0,0.0,0.0
6745,50,1.3226000000000004,0.7400000000000051,1.1502529579763356,0.6621787025703797,0.01273935657869354,0.0,0.0,0.01467496554784457,0.0,0.0,0.625,0.0,0.0,0.5349602203182374,0.0,0.0,0.0,0.0
6746,41,1.0687804878048786,0.5121951219512201,1.14980812410696,0.6601347213717087,0.013977671451355372,0.0,0.0,0.01467828683701707,0.0,0.0,0.4817073170731707,0.0,0.0,0.535517452541335,0.0,0.0,0.0,0.0
6747,52,1.0813461538461544,0.5192307692307738,1.1498009188361402,0.6580908626850439,0.014462448559670757,0.0,0.0,0.014671043632881953,0.0,0.0,0.5384615384615384,0.0,0.0,0.5364982133741705,0.0,0.0,0.0,0.0
6748,44,1.1209090909090913,0.6363636363636699,1.150198918698357,0.6579618484137516,0.014687313877307914,0.0,0.0,0.014671022927620743,0.0,0.0,0.48295454545454547,0.0,0.0,0.5366469448128124,0.0,0.0,0.0,0.0
6749,42,1.366428571428572,0.8333333333333135,1.1524880089805074,0.6589447902847236,0.01605314685314686,0.0,0.0,0.014700993888270553,0.0,0.0,0.5595238095238095,0.0,0.0,0.5381416471068476,0.0,0.0,0.0,0.0
6750,49,0.9534693877551025,0.5918367346938745,1.1502652249311427,0.6583698867693569,0.010484739676840561,0.0,0.0,0.014660537767359245,0.0,0.0,0.45918367346938777,0.0,0.0,0.5367489544017138,0.0,0.0,0.0,0.0
6751,52,1.2640384615384619,0.5384615384615535,1.151845353463225,0.6584718963582584,0.01527894002789444,0.0,0.0,0.014675506294400663,0.0,0.0,0.7788461538461539,0.0,0.0,0.5382790982352341,0.0,0.0,0.0,0.0
6752,43,1.1762790697674423,0.697674418604624,1.151795630869742,0.6582278481012664,0.0180901287553647,0.0,0.0,0.014701289800555831,0.0,0.0,0.5697674418604651,0.0,0.0,0.5384850959575337,0.0,0.0,0.0,0.0
6753,59,1.0130508474576279,0.7118644067796651,1.1505523285437678,0.6579027820238467,0.013759208103131115,0.0,0.0,0.014694172110099856,0.0,0.0,0.3898305084745763,0.0,0.0,0.5375012738204422,0.0,0.0,0.0,0.0
6754,60,1.173666666666667,0.6333333333333271,1.150494393476044,0.6581039755351689,0.016199677938808707,0.0,0.0,0.014673089898815243,0.0,0.0,0.55,0.0,0.0,0.5370540265035678,0.0,0.0,0.0,0.0
6755,43,1.4160465116279075,0.8837209302325947,1.1517413441955187,0.6596741344195528,0.016155478906872266,0.0,0.0,0.014660586444197586,0.0,0.0,0.6046511627906976,0.0,0.0,0.5370417515274949,0.0,0.0,0.0,0.0
6756,47,1.0404255319148943,0.4255319148936262,1.151423628777856,0.6592042332349657,0.01410848240046142,0.0,0.0,0.014646030700249947,0.0,0.0,0.5,0.0,0.0,0.5366846443472066,0.0,0.0,0.0,0.0
6757,30,1.1010000000000002,0.5333333333333203,1.1511405295315675,0.6585539714867626,0.011573230553608885,0.0,0.0,0.014639389673611104,0.0,0.0,0.6333333333333333,0.0,0.0,0.5369144602851323,0.0,0.0,0.0,0.0
6758,51,1.0713725490196082,0.7058823529412181,1.149730252442996,0.6578786644951149,0.011078669910787164,0.0,0.0,0.014601108112021184,0.0,0.0,0.4362745098039216,0.0,0.0,0.5362123371335505,0.0,0.0,0.0,0.0
6759,65,0.9320000000000004,0.4615384615384592,1.1484223350253802,0.6569543147208132,0.011387218045113268,0.0,0.0,0.014569382550681341,0.0,0.0,0.5230769230769231,0.0,0.0,0.5358629441624365,0.0,0.0,0.0,0.0
6760,53,1.4764150943396233,0.7547169811321114,1.1502915481511575,0.6581674116212936,0.01890553273737575,0.0,0.0,0.01460763053504048,0.0,0.0,0.7358490566037735,0.0,0.0,0.536545103616416,0.0,0.0,0.0,0.0
6761,44,1.0922727272727277,0.7272727272727257,1.1491188441188436,0.6573056573056586,0.01322145804676752,0.0,0.0,0.014602400042409978,0.0,0.0,0.45454545454545453,0.0,0.0,0.5362739112739112,0.0,0.0,0.0,0.0
6762,45,1.5091111111111117,0.933333333333363,1.1504038657171916,0.6587995930824021,0.018718302094818423,0.0,0.0,0.014625770187845654,0.0,0.0,0.6555555555555556,0.0,0.0,0.5362410986775178,0.0,0.0,0.0,0.0
6763,48,0.877916666666667,0.520833333333314,1.1501302931596085,0.6577768729641705,0.01144797609345286,0.0,0.0,0.01461540849588659,0.0,0.0,0.3802083333333333,0.0,0.0,0.5362377850162866,0.0,0.0,0.0,0.0
6764,57,1.32561403508772,0.7719298245614354,1.1507653216790317,0.6584002439272298,0.014256603773585319,0.0,0.0,0.014601326997104857,0.0,0.0,0.6578947368421053,0.0,0.0,0.5367415387742657,0.0,0.0,0.0,0.0
6765,61,1.115737704918033,0.49180327868849694,1.151940298507462,0.6575286831150383,0.011385078621612789,0.0,0.0,0.014601452492828274,0.0,0.0,0.6229508196721312,0.0,0.0,0.5382526144786273,0.0,0.0,0.0,0.0
6766,48,1.1852083333333339,0.41666666666669006,1.1534647028948697,0.6574911122397171,0.015438263229307954,0.0,0.0,0.014622835391921551,0.0,0.0,0.6666666666666666,0.0,0.0,0.539207719654647,0.0,0.0,0.0,0.0
6767,41,1.578536585365854,0.9024390243902091,1.1549694873881198,0.6588689991863317,0.018169567658620038,0.0,0.0,0.014622747319962668,0.0,0.0,0.6829268292682927,0.0,0.0,0.5393104149715215,0.0,0.0,0.0,0.0
6768,53,1.336037735849057,0.6981132075471684,1.1574085365853648,0.6594512195121967,0.014578958204653237,0.0,0.0,0.01461494435775297,0.0,0.0,0.6179245283018868,0.0,0.0,0.5403709349593496,0.0,0.0,0.0,0.0
6769,43,1.439302325581396,1.0697674418604775,1.1586501321406781,0.6616182150843684,0.015692190669371345,0.0,0.0,0.014614951643778197,0.0,0.0,0.5232558139534884,0.0,0.0,0.5398963203903232,0.0,0.0,0.0,0.0
6770,48,1.1400000000000003,0.3749999999999854,1.1586145865120527,0.6594446139761994,0.01588850174216082,0.0,0.0,0.014620901231636185,0.0,0.0,0.7083333333333334,0.0,0.0,0.5414759434442071,0.0,0.0,0.0,0.0
6771,43,0.9702325581395354,0.7441860465115961,1.157603339442068,0.6600488698839355,0.012829028290282868,0.0,0.0,0.014608324061249728,0.0,0.0,0.4418604651162791,0.0,0.0,0.5408521686010995,0.0,0.0,0.0,0.0
6772,48,1.3868750000000005,0.6666666666666834,1.157776307754935,0.6598819458579295,0.017587846763539625,0.0,0.0,0.01459758920505873,0.0,0.0,0.6875,0.0,0.0,0.5409373091797273,0.0,0.0,0.0,0.0
6773,50,0.8748000000000005,0.3199999999999949,1.1545600651001924,0.6558844471569539,0.01432220039292734,0.0,0.0,0.014566538674770547,0.0,0.0,0.56,0.0,0.0,0.5407130505543688,0.0,0.0,0.0,0.0
6774,43,1.0167441860465118,0.4186046511628126,1.1527115365034104,0.6530903166683651,0.013000297353552804,0.0,0.0,0.01454475609019697,0.0,0.0,0.5697674418604651,0.0,0.0,0.5408054169636494,0.0,0.0,0.0,0.0
6775,50,1.0444000000000002,0.3599999999999953,1.1520730714431093,0.650315489517608,0.014751412429378023,0.0,0.0,0.01454417559489013,0.0,0.0,0.65,0.0,0.0,0.5418023610828414,0.0,0.0,0.0,0.0
6776,45,1.1900000000000004,0.7333333333333383,1.1522895863052771,0.6508049724882837,0.014155432196669293,0.0,0.0,0.014535792005203213,0.0,0.0,0.5888888888888889,0.0,0.0,0.5422610556348074,0.0,0.0,0.0,0.0
6777,49,0.8857142857142862,0.4693877551020478,1.1530479102956157,0.6509683995922545,0.014086335605323186,0.0,0.0,0.014564703185940303,0.0,0.0,0.40816326530612246,0.0,0.0,0.5423292558613659,0.0,0.0,0.0,0.0
6778,43,0.8058139534883726,0.6976744186046487,1.1514878645727094,0.6510299816438934,0.010371146363364258,0.0,0.0,0.01455841227232114,0.0,0.0,0.21511627906976744,0.0,0.0,0.5409953089944932,0.0,0.0,0.0,0.0
6779,47,0.928510638297873,0.4680851063830023,1.1489064572069763,0.6495970621238416,0.01098967514480022,0.0,0.0,0.014536324904910821,0.0,0.0,0.4946808510638298,0.0,0.0,0.5400132612465571,0.0,0.0,0.0,0.0
6780,41,1.0051219512195126,0.5853658536585151,1.1485622383335023,0.6490350250178718,0.009588180549092863,0.0,0.0,0.014503536954273621,0.0,0.0,0.4878048780487805,0.0,0.0,0.5399520065352803,0.0,0.0,0.0,0.0
6781,54,1.2140740740740743,0.7037037037036653,1.1485418155825577,0.6490350250178718,0.01237915407854977,0.0,0.0,0.0144652100719295,0.0,0.0,0.5833333333333334,0.0,0.0,0.5400030634126417,0.0,0.0,0.0,0.0
6782,47,1.022340425531915,0.5744680851063577,1.148255362614912,0.6493360572012273,0.01346315494536326,0.0,0.0,0.014461449795905773,0.0,0.0,0.5,0.0,0.0,0.5394790602655771,0.0,0.0,0.0,0.0
6783,43,1.2325581395348844,0.7441860465116167,1.1488505982206756,0.6499642090193288,0.01677215189873424,0.0,0.0,0.014468640531629929,0.0,0.0,0.5058139534883721,0.0,0.0,0.5394723386849372,0.0,0.0,0.0,0.0
6784,47,1.2370212765957451,0.680851063829763,1.1488832124246433,0.6504546847859421,0.01173123486682839,0.0,0.0,0.014458357443197177,0.0,0.0,0.5585106382978723,0.0,0.0,0.538929191785021,0.0,0.0,0.0,0.0
6785,54,1.2327777777777784,0.6666666666666481,1.147971428571427,0.6500000000000014,0.013756974581524948,0.0,0.0,0.014429705637144888,0.0,0.0,0.5555555555555556,0.0,0.0,0.5385714285714286,0.0,0.0,0.0,0.0
6786,52,1.0365384615384619,0.6153846153846234,1.1476653418934053,0.6501579537348429,0.012433679354094923,0.0,0.0,0.014404753986810414,0.0,0.0,0.4519230769230769,0.0,0.0,0.5381891368592683,0.0,0.0,0.0,0.0
6787,52,1.014038461538462,0.5769230769230698,1.1465708460754316,0.6487257900101949,0.011428261811876733,0.0,0.0,0.014393281345573593,0.0,0.0,0.4230769230769231,0.0,0.0,0.537487257900102,0.0,0.0,0.0,0.0
6788,43,1.2941860465116284,0.6744186046511722,1.1461787538304378,0.6479060265577135,0.021780821917808897,0.0,0.0,0.014426295476342926,0.0,0.0,0.5755813953488372,0.0,0.0,0.5375383043922369,0.0,0.0,0.0,0.0
6789,54,1.2298148148148154,0.6296296296296426,1.1475946911689623,0.649719244512508,0.015344269870609885,0.0,0.0,0.014445216921969782,0.0,0.0,0.6018518518518519,0.0,0.0,0.5373404798366513,0.0,0.0,0.0,0.0
6790,36,1.154444444444445,0.5555555555555501,1.1482634056487908,0.6496111338518233,0.015030741410488394,0.0,0.0,0.014451954669039957,0.0,0.0,0.6388888888888888,0.0,0.0,0.5378376995497339,0.0,0.0,0.0,0.0
6791,51,1.1972549019607848,0.7058823529411694,1.1481876659179073,0.651215029609967,0.016475984889368536,0.0,0.0,0.014460794399493868,0.0,0.0,0.6274509803921569,0.0,0.0,0.537344292423933,0.0,0.0,0.0,0.0
6792,46,1.36608695652174,0.8260869565216822,1.1500562084823693,0.6527337761880444,0.017378318584070476,0.0,0.0,0.01448030933738236,0.0,0.0,0.592391304347826,0.0,0.0,0.5377618804292285,0.0,0.0,0.0,0.0
6793,51,1.1421568627450986,0.6862745098039036,1.1497221087045344,0.6516142214957105,0.016786743515849602,0.0,0.0,0.014501458717771634,0.0,0.0,0.46078431372549017,0.0,0.0,0.5375970576215774,0.0,0.0,0.0,0.0
6794,35,1.4348571428571433,1.057142857142871,1.1502791125651757,0.6527962376035183,0.020152487961476936,0.0,0.0,0.014506351995853466,0.0,0.0,0.5428571428571428,0.0,0.0,0.5373939270013292,0.0,0.0,0.0,0.0
6795,45,1.3233333333333337,0.7333333333333398,1.1503837102220384,0.653228282001434,0.014232791586998736,0.0,0.0,0.014511166009690749,0.0,0.0,0.6222222222222222,0.0,0.0,0.5373733756267267,0.0,0.0,0.0,0.0
6796,60,1.330333333333334,0.7166666666666336,1.1513578732106322,0.6538854805725988,0.014413145539905917,0.0,0.0,0.014517404981692576,0.0,0.0,0.5791666666666667,0.0,0.0,0.5371676891615542,0.0,0.0,0.0,0.0
6797,42,1.301190476190477,1.0000000000000253,1.1526653019447268,0.6570112589559893,0.017169337103361906,0.0,0.0,0.014537528415948854,0.0,0.0,0.48214285714285715,0.0,0.0,0.5364124872057319,0.0,0.0,0.0,0.0
6798,58,1.1712068965517248,0.6551724137931106,1.1517952917093122,0.6572159672466753,0.015717260527534065,0.0,0.0,0.014509698241126046,0.0,0.0,0.5086206896551724,0.0,0.0,0.5350307062436028,0.0,0.0,0.0,0.0
6799,46,1.0847826086956527,0.43478260869564694,1.1506739731639848,0.656662910990476,0.013107433674810138,0.0,0.0,0.01448967062334829,0.0,0.0,0.6413043478260869,0.0,0.0,0.5347485404076616,0.0,0.0,0.0,0.0
6800,57,1.0585964912280708,0.50877192982456,1.1514458077709595,0.6568507157464232,0.015487679671457867,0.0,0.0,0.014492560766715313,0.0,0.0,0.5394736842105263,0.0,0.0,0.5352249488752556,0.0,0.0,0.0,0.0
6801,50,1.0180000000000005,0.39999999999999325,1.1516293799162305,0.6552252528348167,0.010406869760784976,0.0,0.0,0.014460531227271776,0.0,0.0,0.57,0.0,0.0,0.5364695065890285,0.0,0.0,0.0,0.0
6802,48,1.230833333333334,0.6041666666666642,1.150886437908495,0.6534926470588255,0.014459128732256432,0.0,0.0,0.014454351896980777,0.0,0.0,0.6354166666666666,0.0,0.0,0.5368668300653595,0.0,0.0,0.0,0.0
6803,55,1.1560000000000006,0.6909090909090837,1.150291024200958,0.6543449402634556,0.013427666314677976,0.0,0.0,0.014434815368193677,0.0,0.0,0.5727272727272728,0.0,0.0,0.5364546104360257,0.0,0.0,0.0,0.0
6804,55,1.2410909090909097,0.4909090909090802,1.1518977655341276,0.6545250484644445,0.019287934444758573,0.0,0.0,0.014470828905896556,0.0,0.0,0.6727272727272727,0.0,0.0,0.537317620650954,0.0,0.0,0.0,0.0
6805,58,1.1365517241379315,0.6896551724137958,1.1520781074742514,0.6549403487305004,0.013730472818162963,0.0,0.0,0.014462730891821705,0.0,0.0,0.5086206896551724,0.0,0.0,0.5372438054450902,0.0,0.0,0.0,0.0
6806,42,1.0711904761904767,0.47619047619046856,1.15174316605467,0.6547327621379048,0.01480421191181292,0.0,0.0,0.014456157286080299,0.0,0.0,0.5535714285714286,0.0,0.0,0.5369237046103631,0.0,0.0,0.0,0.0
6807,41,1.3143902439024393,0.7804878048780661,1.1516089841755979,0.6545176110260357,0.014952830188680355,0.0,0.0,0.014450879863075526,0.0,0.0,0.6341463414634146,0.0,0.0,0.5369576314446146,0.0,0.0,0.0,0.0
6808,58,1.2170689655172422,0.5862068965517255,1.1512822605324882,0.6539834744465999,0.013123257110987578,0.0,0.0,0.01442546218659255,0.0,0.0,0.603448275862069,0.0,0.0,0.5370804855656431,0.0,0.0,0.0,0.0
6809,60,0.9346666666666671,0.8000000000000245,1.1509966371140308,0.6545398960562541,0.010297466030113988,0.0,0.0,0.014396407121516533,0.0,0.0,0.31666666666666665,0.0,0.0,0.5365331702843167,0.0,0.0,0.0,0.0
6810,51,1.2368627450980398,0.66666666666666,1.152525757421196,0.654799551157811,0.015306964329045892,0.0,0.0,0.014397851449252324,0.0,0.0,0.6078431372549019,0.0,0.0,0.537743547893502,0.0,0.0,0.0,0.0
6811,50,1.2348000000000006,0.9200000000000133,1.1527116914915305,0.6556825137727017,0.01575803981623324,0.0,0.0,0.01440858377636687,0.0,0.0,0.41,0.0,0.0,0.5375433584982656,0.0,0.0,0.0,0.0
6812,42,1.318571428571429,0.47619047619048616,1.1548988970588216,0.6559436274509827,0.012981715893108023,0.0,0.0,0.01443210938457146,0.0,0.0,0.7976190476190477,0.0,0.0,0.5395475898692811,0.0,0.0,0.0,0.0
6813,45,0.9477777777777783,0.5999999999999819,1.1549488961569891,0.6565821749795606,0.013906097163351503,0.0,0.0,0.01443267551954352,0.0,0.0,0.4388888888888889,0.0,0.0,0.5390944399018807,0.0,0.0,0.0,0.0
6814,45,0.8844444444444448,0.5333333333333441,1.1543709759836467,0.6566172713336761,0.011227080394922552,0.0,0.0,0.01442727811497359,0.0,0.0,0.42777777777777776,0.0,0.0,0.5385283597342871,0.0,0.0,0.0,0.0
6815,50,1.2012000000000007,0.4999999999999843,1.1554479517826113,0.6552252528348164,0.011413911060434118,0.0,0.0,0.014419494085940687,0.0,0.0,0.68,0.0,0.0,0.5404535703340484,0.0,0.0,0.0,0.0
6816,44,1.319545454545455,0.9545454545454529,1.1565882834066026,0.6569880380329227,0.012836612867566096,0.0,0.0,0.014415019279337651,0.0,0.0,0.4090909090909091,0.0,0.0,0.5402055004600756,0.0,0.0,0.0,0.0
6817,44,1.221363636363637,0.7727272727272717,1.1566557444194123,0.657997132910098,0.01533238231098484,0.0,0.0,0.014413808591706432,0.0,0.0,0.5795454545454546,0.0,0.0,0.540011263567479,0.0,0.0,0.0,0.0
6818,43,1.1251162790697677,0.6279069767442039,1.1565378306335845,0.6572688127947527,0.00970511534603848,0.0,0.0,0.014377476514138737,0.0,0.0,0.5,0.0,0.0,0.5401117490260406,0.0,0.0,0.0,0.0
6819,51,1.2268627450980396,0.54901960784315,1.1573778551674672,0.6567653385229968,0.01430171428571379,0.0,0.0,0.014376001913495803,0.0,0.0,0.6372549019607843,0.0,0.0,0.5408173717095155,0.0,0.0,0.0,0.0
6820,38,1.3481578947368427,0.7105263157894793,1.1589155637632074,0.6571252693136369,0.01833571939871165,0.0,0.0,0.014399999490082806,0.0,0.0,0.5921052631578947,0.0,0.0,0.5416538422078588,0.0,0.0,0.0,0.0
6821,53,1.315660377358491,1.0566037735848812,1.1588168408113075,0.6579594345421039,0.012917747313819047,0.0,0.0,0.014375629834556095,0.0,0.0,0.46226415094339623,0.0,0.0,0.5412569145666871,0.0,0.0,0.0,0.0
6822,56,1.2587500000000007,0.8571428571427999,1.1600859862831387,0.6597399938581241,0.013886918833726674,0.0,0.0,0.014389935445860405,0.0,0.0,0.5044642857142857,0.0,0.0,0.5410738048930289,0.0,0.0,0.0,0.0
6823,56,1.400535714285715,0.7142857142857025,1.1619484240687663,0.6596397871469518,0.016932210708116673,0.0,0.0,0.01439919853402747,0.0,0.0,0.7142857142857143,0.0,0.0,0.5426473598035203,0.0,0.0,0.0,0.0
6824,49,1.4402040816326536,0.7755102040816354,1.1632463679148748,0.6595048086760807,0.014702083333333513,0.0,0.0,0.014381320525842494,0.0,0.0,0.7142857142857143,0.0,0.0,0.543866380192347,0.0,0.0,0.0,0.0
6825,38,1.2378947368421058,0.8421052631578664,1.1639567755812747,0.6604527296937431,0.011751186610042845,0.0,0.0,0.014371236053955523,0.0,0.0,0.47368421052631576,0.0,0.0,0.5434548806719246,0.0,0.0,0.0,0.0
6826,50,0.9376000000000003,0.7200000000000017,1.162931776275352,0.6601106330669961,0.009370377773336288,0.0,0.0,0.014359325275359143,0.0,0.0,0.32,0.0,0.0,0.5430495800040975,0.0,0.0,0.0,0.0
6827,45,1.2044444444444449,0.6222222222221911,1.162654232424676,0.6597663455626168,0.011878150339689322,0.0,0.0,0.014317798337420215,0.0,0.0,0.6444444444444445,0.0,0.0,0.54327218692355,0.0,0.0,0.0,0.0
6828,50,1.4062000000000006,0.8000000000000189,1.1638424503175568,0.6605203851669755,0.014611388196175879,0.0,0.0,0.014316805133239208,0.0,0.0,0.615,0.0,0.0,0.5433825035853309,0.0,0.0,0.0,0.0
6829,64,1.2368750000000006,0.7187500000000149,1.164706725355716,0.6615825570682791,0.01423997121784453,0.0,0.0,0.014325940382133574,0.0,0.0,0.51171875,0.0,0.0,0.5432234619715426,0.0,0.0,0.0,0.0
6830,41,1.2939024390243907,1.0000000000000502,1.1638597210828536,0.6623256767842518,0.01316377171215932,0.0,0.0,0.014271365629903882,0.0,0.0,0.47560975609756095,0.0,0.0,0.5417606644790812,0.0,0.0,0.0,0.0
6831,58,1.2331034482758627,0.6206896551724291,1.1647158800040944,0.6627418859424619,0.01880126182965375,0.0,0.0,0.014322867549944086,0.0,0.0,0.5905172413793104,0.0,0.0,0.5416709327326712,0.0,0.0,0.0,0.0
6832,43,1.3037209302325588,0.6046511627906942,1.1657229162400153,0.6624001638337113,0.017291795188154758,0.0,0.0,0.014337538458825965,0.0,0.0,0.627906976744186,0.0,0.0,0.542238378046283,0.0,0.0,0.0,0.0
6833,40,0.9930000000000005,0.7000000000000179,1.1652689273639985,0.6628419219342306,0.012320099255582634,0.0,0.0,0.014332974615911981,0.0,0.0,0.45,0.0,0.0,0.5416709353549841,0.0,0.0,0.0,0.0
6834,54,1.3562962962962968,0.9074074074074129,1.1655960298782349,0.6631535864115444,0.013651444547996308,0.0,0.0,0.014314470830390827,0.0,0.0,0.5648148148148148,0.0,0.0,0.5417732528394557,0.0,0.0,0.0,0.0
6835,69,1.3614492753623195,0.8115942028985805,1.1668417288239492,0.6640441401859636,0.019297452752670398,0.0,0.0,0.014329642972315438,0.0,0.0,0.6304347826086957,0.0,0.0,0.5428374374169818,0.0,0.0,0.0,0.0
6836,50,1.1118000000000006,0.7600000000000009,1.1670663395686387,0.664315649596241,0.015860199714693095,0.0,0.0,0.014363111891630826,0.0,0.0,0.39,0.0,0.0,0.5422416436675866,0.0,0.0,0.0,0.0
6837,49,1.2087755102040822,0.48979591836738995,1.1664342670210583,0.6634635043958319,0.013280269058295633,0.0,0.0,0.014350200914333195,0.0,0.0,0.6836734693877551,0.0,0.0,0.5423481905540789,0.0,0.0,0.0,0.0
6838,49,1.2875510204081642,0.8571428571429109,1.1658566022297223,0.663598240769155,0.014827262044653813,0.0,0.0,0.014345776278695179,0.0,0.0,0.5,0.0,0.0,0.5419095837168866,0.0,0.0,0.0,0.0
6839,44,0.9125000000000006,0.6136363636363623,1.1659834305001529,0.6641096450854073,0.012395801173201243,0.0,0.0,0.014344791311449267,0.0,0.0,0.42613636363636365,0.0,0.0,0.5420885752275749,0.0,0.0,0.0,0.0
6840,47,1.2674468085106387,0.7659574468085429,1.167517897320515,0.6652689711597495,0.01715725806451678,0.0,0.0,0.01437016551635595,0.0,0.0,0.5212765957446809,0.0,0.0,0.542084270812027,0.0,0.0,0.0,0.0
6841,52,1.1617307692307697,0.9423076923077492,1.1682153814686023,0.6675189200245483,0.01326526130874032,0.0,0.0,0.014357550817249017,0.0,0.0,0.3942307692307692,0.0,0.0,0.5412149723869912,0.0,0.0,0.0,0.0
6842,49,1.1408163265306128,0.5714285714286028,1.1686498106254473,0.6669055174531715,0.011770899136660528,0.0,0.0,0.014343738417564533,0.0,0.0,0.5816326530612245,0.0,0.0,0.5419950864981062,0.0,0.0,0.0,0.0
6843,55,1.0467272727272732,0.6909090909091116,1.1688362818284073,0.6670416197975287,0.012212558336869014,0.0,0.0,0.014339579323997865,0.0,0.0,0.38181818181818183,0.0,0.0,0.5419521423458431,0.0,0.0,0.0,0.0
6844,46,1.2423913043478265,0.5652173913043496,1.1700541811490486,0.6667348190554111,0.014041769041769169,0.0,0.0,0.01434704509387565,0.0,0.0,0.7228260869565217,0.0,0.0,0.5434471478225312,0.0,0.0,0.0,0.0
6845,40,1.4285000000000005,0.9000000000000046,1.1710538162471857,0.6670759156947034,0.01696052241021095,0.0,0.0,0.014364142227331369,0.0,0.0,0.55625,0.0,0.0,0.5442244730918764,0.0,0.0,0.0,0.0
6846,50,1.2314000000000005,0.8200000000000156,1.171001124859392,0.667450659576647,0.01763172966781152,0.0,0.0,0.014375823069419725,0.0,0.0,0.52,0.0,0.0,0.5440484712138255,0.0,0.0,0.0,0.0
6847,50,0.9014000000000004,0.41999999999999926,1.1702330097087372,0.6670413898824762,0.009916391639162865,0.0,0.0,0.014360352903553537,0.0,0.0,0.54,0.0,0.0,0.5440725600408789,0.0,0.0,0.0,0.0
6848,39,1.1810256410256417,0.7179487179487071,1.1705247008284743,0.6675871944359241,0.012194863648397765,0.0,0.0,0.014357068123254687,0.0,0.0,0.5256410256410257,0.0,0.0,0.5440574818451468,0.0,0.0,0.0,0.0
6849,52,1.2419230769230774,0.5192307692307727,1.1702838472534198,0.6660200122524024,0.015546461242176336,0.0,0.0,0.014366528371416795,0.0,0.0,0.6730769230769231,0.0,0.0,0.5446957320808659,0.0,0.0,0.0,0.0
6850,57,1.0087719298245619,0.7017543859649124,1.1692204877053358,0.6667686970717304,0.0129097440502922,0.0,0.0,0.014339092145584086,0.0,0.0,0.40789473684210525,0.0,0.0,0.5431588613406795,0.0,0.0,0.0,0.0
6851,51,1.313333333333334,0.7843137254901876,1.170363803118312,0.6681952511973943,0.014724115190150789,0.0,0.0,0.01433594052311898,0.0,0.0,0.6029411764705882,0.0,0.0,0.5433863242637318,0.0,0.0,0.0,0.0
6852,43,1.334418604651163,1.0232558139534453,1.1714198286413704,0.6704406364749113,0.014245283018866994,0.0,0.0,0.0143468370274967,0.0,0.0,0.47674418604651164,0.0,0.0,0.5426611587107303,0.0,0.0,0.0,0.0
6853,40,0.9972500000000004,0.44999999999997886,1.1718155825589702,0.669968344736039,0.011004137931034578,0.0,0.0,0.01432899427494025,0.0,0.0,0.5875,0.0,0.0,0.5435259879505769,0.0,0.0,0.0,0.0
6854,42,1.2935714285714293,0.8571428571428319,1.1726740975559868,0.6713365374782726,0.019656295224313187,0.0,0.0,0.01433252219385112,0.0,0.0,0.5416666666666666,0.0,0.0,0.5437416913794867,0.0,0.0,0.0,0.0
6855,43,0.960697674418605,0.6046511627907059,1.1724966758719437,0.6715761481026931,0.011953125000000052,0.0,0.0,0.014333262897560994,0.0,0.0,0.4476744186046512,0.0,0.0,0.5435205073130818,0.0,0.0,0.0,0.0
6856,42,1.2038095238095243,0.4285714285714251,1.1738808719680682,0.6719885375089582,0.014646581691773023,0.0,0.0,0.014343655271766889,0.0,0.0,0.6904761904761905,0.0,0.0,0.5443148091290554,0.0,0.0,0.0,0.0
6857,35,1.3442857142857148,0.6857142857142975,1.1740731257681272,0.6714461286358079,0.016157280219780086,0.0,0.0,0.01435337115440239,0.0,0.0,0.6428571428571429,0.0,0.0,0.5446026218762802,0.0,0.0,0.0,0.0
6858,58,1.2456896551724146,0.586206896551695,1.1736776901812218,0.6702160335824744,0.01766071865069679,0.0,0.0,0.014344665600512582,0.0,0.0,0.6637931034482759,0.0,0.0,0.5450496570082932,0.0,0.0,0.0,0.0
6859,50,1.3382000000000005,0.8800000000000431,1.1745191027348145,0.6721294684011093,0.01950160303118698,0.0,0.0,0.014374180495350634,0.0,0.0,0.61,0.0,0.0,0.5446584041790433,0.0,0.0,0.0,0.0
6860,37,1.0237837837837842,0.5405405405405627,1.175874807593637,0.6738840430990283,0.010262801408832562,0.0,0.0,0.014375177982038115,0.0,0.0,0.47297297297297297,0.0,0.0,0.5445100051308364,0.0,0.0,0.0,0.0
6861,44,1.2059090909090915,0.545454545454513,1.175180772391125,0.6723500410846374,0.014950690335305834,0.0,0.0,0.014385692713709718,0.0,0.0,0.6590909090909091,0.0,0.0,0.5449619967132292,0.0,0.0,0.0,0.0
6862,49,1.1526530612244903,0.8979591836734269,1.1746744042728012,0.6721446179129031,0.011407796404765965,0.0,0.0,0.014355182065797265,0.0,0.0,0.34183673469387754,0.0,0.0,0.5442686935086277,0.0,0.0,0.0,0.0
6863,46,1.3165217391304354,0.7173913043478349,1.176987877542633,0.6735155126361234,0.014628019323671252,0.0,0.0,0.014385970639902488,0.0,0.0,0.5869565217391305,0.0,0.0,0.5451510170536265,0.0,0.0,0.0,0.0
6864,44,1.0959090909090912,0.5909090909090788,1.178675442204853,0.6740024681201177,0.014308605341245187,0.0,0.0,0.014408604854058947,0.0,0.0,0.625,0.0,0.0,0.5467400246812012,0.0,0.0,0.0,0.0
6865,37,1.2810810810810815,0.5945945945946085,1.1797416100473535,0.6742845377805254,0.017746162485960646,0.0,0.0,0.014402932364089757,0.0,0.0,0.6081081081081081,0.0,0.0,0.5470197652872143,0.0,0.0,0.0,0.0
6866,47,1.2140425531914898,0.7234042553191666,1.1795362944684342,0.6738638700390731,0.011473959380655414,0.0,0.0,0.01436317562703375,0.0,0.0,0.5106382978723404,0.0,0.0,0.5470131606004524,0.0,0.0,0.0,0.0
6867,41,1.0180487804878053,0.6829268292683097,1.1785283523721304,0.6742821858598362,0.02371590909090877,0.0,0.0,0.014383470970578108,0.0,0.0,0.4146341463414634,0.0,0.0,0.5461047648451168,0.0,0.0,0.0,0.0
6868,47,1.1570212765957448,0.8723404255319259,1.1785843621399168,0.6752057613168754,0.012804332469979331,0.0,0.0,0.014385758703656304,0.0,0.0,0.43617021276595747,0.0,0.0,0.5456018518518518,0.0,0.0,0.0,0.0
6869,48,1.046458333333334,0.58333333333331,1.1780822622107958,0.6748586118251956,0.01385655172413818,0.0,0.0,0.014388364072951266,0.0,0.0,0.5520833333333334,0.0,0.0,0.5458868894601543,0.0,0.0,0.0,0.0
6870,46,1.1208695652173917,0.6956521739130498,1.1775783417240306,0.6751258604746767,0.01619346733668305,0.0,0.0,0.01439952007337102,0.0,0.0,0.5760869565217391,0.0,0.0,0.5457978012945649,0.0,0.0,0.0,0.0
6871,51,1.403725490196079,0.8235294117646511,1.1785590955806775,0.6762589928057581,0.022413901064494847,0.0,0.0,0.014426446056415668,0.0,0.0,0.6470588235294118,0.0,0.0,0.5455549845837616,0.0,0.0,0.0,0.0
6872,45,1.0942222222222227,0.6444444444444412,1.177437005039596,0.675203126607017,0.01748579545454539,0.0,0.0,0.01444389912175012,0.0,0.0,0.4777777777777778,0.0,0.0,0.5455877815489046,0.0,0.0,0.0,0.0
6873,58,1.3118965517241385,0.7758620689654777,1.1792235004108453,0.6754313886606433,0.016227340584345547,0.0,0.0,0.014464205848967009,0.0,0.0,0.603448275862069,0.0,0.0,0.5468621610517667,0.0,0.0,0.0,0.0
6874,42,0.9773809523809528,0.6190476190476353,1.17831638418079,0.6746789933230638,0.013656021290752128,0.0,0.0,0.01446882071437763,0.0,0.0,0.42857142857142855,0.0,0.0,0.5464047252182845,0.0,0.0,0.0,0.0
6875,49,1.1304081632653065,0.9387755102040131,1.1783364140480581,0.6745738344629306,0.010697180378523704,0.0,0.0,0.014444829092483805,0.0,0.0,0.2857142857142857,0.0,0.0,0.5461593756418156,0.0,0.0,0.0,0.0
6876,57,1.1371929824561406,0.6842105263157572,1.1792358258011495,0.6746096959737073,0.01141800246608994,0.0,0.0,0.014440161141625272,0.0,0.0,0.5482456140350878,0.0,0.0,0.5469135168447001,0.0,0.0,0.0,0.0
6877,45,1.2886666666666673,0.7111111111111147,1.1799588815789464,0.6771175986842121,0.014695894576786715,0.0,0.0,0.014453849234031514,0.0,0.0,0.6055555555555555,0.0,0.0,0.5455386513157895,0.0,0.0,0.0,0.0
6878,46,1.225217391304348,0.5652173913043478,1.1800895430218188,0.6765129682997135,0.01127199999999979,0.0,0.0,0.01444682304082898,0.0,0.0,0.7065217391304348,0.0,0.0,0.5462638946068341,0.0,0.0,0.0,0.0
6879,43,1.2900000000000005,0.8372093023255938,1.1803068369027996,0.6765856672158171,0.016722942417847,0.0,0.0,0.01443562229327517,0.0,0.0,0.5174418604651163,0.0,0.0,0.5463086902800659,0.0,0.0,0.0,0.0
6880,46,0.909130434782609,0.6521739130434524,1.1785589114524266,0.676322028656841,0.010598073998985715,0.0,0.0,0.014401636515250374,0.0,0.0,0.3641304347826087,0.0,0.0,0.5452530666941552,0.0,0.0,0.0,0.0
6881,50,1.0546000000000004,0.6000000000000368,1.1777916323165694,0.6761129431162424,0.014737283398546533,0.0,0.0,0.014420379545761365,0.0,0.0,0.51,0.0,0.0,0.544904163231657,0.0,0.0,0.0,0.0
6882,49,1.5591836734693885,0.9591836734693615,1.1782792040416523,0.6768739045262415,0.0229429429429417,0.0,0.0,0.014453491475091782,0.0,0.0,0.7346938775510204,0.0,0.0,0.5453397257449222,0.0,0.0,0.0,0.0
6883,48,1.2077083333333336,0.6666666666666954,1.17922402228872,0.6761944071819235,0.012245458386143215,0.0,0.0,0.014458635876530741,0.0,0.0,0.640625,0.0,0.0,0.5464348364461872,0.0,0.0,0.0,0.0
6884,39,0.8815384615384618,0.41025641025640436,1.1779731543624146,0.6747547754259186,0.010396129422437186,0.0,0.0,0.014426854528486554,0.0,0.0,0.5,0.0,0.0,0.5464119772844606,0.0,0.0,0.0,0.0
6885,43,1.1502325581395354,0.7906976744186452,1.1780097187758463,0.6742142266335838,0.011623971797884821,0.0,0.0,0.014403911430250998,0.0,0.0,0.47093023255813954,0.0,0.0,0.5469654673283706,0.0,0.0,0.0,0.0
6886,51,1.2792156862745103,0.7647058823528983,1.176962626471194,0.6732397274416708,0.019668375037683938,0.0,0.0,0.01440618401149455,0.0,0.0,0.6176470588235294,0.0,0.0,0.5469492050381994,0.0,0.0,0.0,0.0
6887,45,1.189777777777778,0.5777777777777573,1.1775350949628391,0.6735136251032228,0.012597647058823148,0.0,0.0,0.01441068577318753,0.0,0.0,0.7111111111111111,0.0,0.0,0.5476362510322048,0.0,0.0,0.0,0.0
6888,56,0.781071428571429,0.6428571428571374,1.1739665841584144,0.6723391089108932,0.010022914757103334,0.0,0.0,0.014375318882383538,0.0,0.0,0.30357142857142855,0.0,0.0,0.5460499174917491,0.0,0.0,0.0,0.0
6889,39,1.2964102564102569,1.0256410256410906,1.175289623128548,0.6739287558079529,0.01789734513274421,0.0,0.0,0.014402311925166097,0.0,0.0,0.48717948717948717,0.0,0.0,0.5464377903975219,0.0,0.0,0.0,0.0
6890,50,0.9482000000000005,0.5999999999999867,1.1737049654175684,0.674615464023952,0.012032994923858563,0.0,0.0,0.014386573166071535,0.0,0.0,0.42,0.0,0.0,0.5450345824300609,0.0,0.0,0.0,0.0
6891,43,1.4627906976744192,0.9302325581394926,1.176049369964882,0.6757901260070255,0.016401564537157187,0.0,0.0,0.014404788561698339,0.0,0.0,0.6627906976744186,0.0,0.0,0.5463488948564347,0.0,0.0,0.0,0.0
6892,44,1.0959090909090912,0.6363636363636399,1.1758159255429146,0.6755946225439524,0.01369886363636487,0.0,0.0,0.014395406693718395,0.0,0.0,0.48863636363636365,0.0,0.0,0.5459927611168562,0.0,0.0,0.0,0.0
6893,37,1.0689189189189192,0.7567567567567796,1.1758168649767184,0.6765649249870689,0.015902694008846616,0.0,0.0,0.014387136959403267,0.0,0.0,0.4189189189189189,0.0,0.0,0.5455509570615623,0.0,0.0,0.0,0.0
6894,50,0.9546000000000003,0.4799999999999969,1.1738949762249309,0.6744883192061215,0.014146413752222493,0.0,0.0,0.01435929014433564,0.0,0.0,0.45,0.0,0.0,0.5450434153400868,0.0,0.0,0.0,0.0
6895,55,1.3241818181818186,0.7636363636363765,1.1741879194630853,0.675374290139393,0.014745899979752926,0.0,0.0,0.014340600307190225,0.0,0.0,0.6318181818181818,0.0,0.0,0.5450696954052658,0.0,0.0,0.0,0.0
6896,51,1.1845098039215691,0.7450980392156652,1.1745449855550951,0.6763309946347523,0.013999999999999638,0.0,0.0,0.014346012458585859,0.0,0.0,0.5196078431372549,0.0,0.0,0.5444696657036732,0.0,0.0,0.0,0.0
6897,44,1.262954545454546,0.7727272727272879,1.1753785765933256,0.6762731122817912,0.02221911235505794,0.0,0.0,0.014379641003088528,0.0,0.0,0.6136363636363636,0.0,0.0,0.5457080880074372,0.0,0.0,0.0,0.0
6898,34,1.0358823529411771,0.6470588235293908,1.174865144156245,0.6757259481244206,0.01160843770599839,0.0,0.0,0.014371906875380026,0.0,0.0,0.47058823529411764,0.0,0.0,0.5456236436912266,0.0,0.0,0.0,0.0
6899,45,1.371555555555556,0.4444444444444428,1.1770672729151577,0.6746925700113692,0.017639325521577324,0.0,0.0,0.014393714040924955,0.0,0.0,0.8444444444444444,0.0,0.0,0.5480004133512453,0.0,0.0,0.0,0.0
6900,50,0.9332000000000005,0.640000000000004,1.1756878361605276,0.6734588332643789,0.013932517169304473,0.0,0.0,0.014396019565277966,0.0,0.0,0.385,0.0,0.0,0.5480709557302441,0.0,0.0,0.0,0.0
6901,53,1.0518867924528308,0.6603773584905285,1.174015308233345,0.6727347952006637,0.01562938043173468,0.0,0.0,0.014367951553142555,0.0,0.0,0.4528301886792453,0.0,0.0,0.54693318163012,0.0,0.0,0.0,0.0
6902,42,1.1321428571428576,0.9047619047619309,1.1734337786061904,0.674122398260331,0.013790603248260177,0.0,0.0,0.014347673600032418,0.0,0.0,0.42857142857142855,0.0,0.0,0.5458475717096407,0.0,0.0,0.0,0.0
6903,60,1.1710000000000005,0.6333333333333308,1.1727928394039713,0.6736341059602666,0.017425595238095636,0.0,0.0,0.014336544567255036,0.0,0.0,0.5666666666666667,0.0,0.0,0.5457626241721855,0.0,0.0,0.0,0.0
6904,51,1.1611764705882357,0.7450980392157247,1.1732692307692285,0.6733870967741953,0.01268094218415516,0.0,0.0,0.014323403933052288,0.0,0.0,0.47058823529411764,0.0,0.0,0.5462417287014061,0.0,0.0,0.0,0.0
6905,58,1.291724137931035,0.8275862068965312,1.1737790397521919,0.6741352607124436,0.01804431599229219,0.0,0.0,0.01436186743882842,0.0,0.0,0.5172413793103449,0.0,0.0,0.5461280330407847,0.0,0.0,0.0,0.0
6906,48,1.2897916666666673,0.4999999999999792,1.1751483510803247,0.6743512870877719,0.020810084033613046,0.0,0.0,0.01437251785626231,0.0,0.0,0.7083333333333334,0.0,0.0,0.5464953995658017,0.0,0.0,0.0,0.0
6907,44,1.160227272727273,0.704545454545467,1.174100786423839,0.6744619205298031,0.01449049105875575,0.0,0.0,0.014366526207032776,0.0,0.0,0.5227272727272727,0.0,0.0,0.5458143625827815,0.0,0.0,0.0,0.0
6908,40,1.3597500000000005,0.6999999999999873,1.175846790890267,0.6749482401656332,0.01865866209262385,0.0,0.0,0.014393726849827851,0.0,0.0,0.65,0.0,0.0,0.5467132505175983,0.0,0.0,0.0,0.0
6909,48,1.2683333333333338,0.6250000000000064,1.1762554381603458,0.6750569712036477,0.013418558518845259,0.0,0.0,0.014388691854166436,0.0,0.0,0.6666666666666666,0.0,0.0,0.547337891029625,0.0,0.0,0.0,0.0
6910,55,1.2441818181818187,0.6909090909091021,1.1762770473133841,0.6749145874314129,0.018908538270240728,0.0,0.0,0.014387311637330645,0.0,0.0,0.5727272727272728,0.0,0.0,0.5471839734962212,0.0,0.0,0.0,0.0
6911,43,1.0906976744186052,0.4186046511627854,1.1748849979278886,0.6745752175714895,0.016473480857043168,0.0,0.0,0.014379736979922897,0.0,0.0,0.5930232558139535,0.0,0.0,0.5462339411520928,0.0,0.0,0.0,0.0
6912,49,1.2020408163265313,0.7551020408163054,1.1757599917167094,0.6752950921515859,0.01529075804776714,0.0,0.0,0.01438550996364191,0.0,0.0,0.5714285714285714,0.0,0.0,0.5468782356595568,0.0,0.0,0.0,0.0
6913,42,1.2157142857142864,0.6428571428571506,1.176784419351495,0.6755412825028505,0.017186132615280975,0.0,0.0,0.014428591207063227,0.0,0.0,0.5952380952380952,0.0,0.0,0.5476794778825236,0.0,0.0,0.0,0.0
6914,50,0.9378000000000003,0.5200000000000038,1.1759511235373283,0.6750543647095391,0.010539447066756946,0.0,0.0,0.014409413950136233,0.0,0.0,0.51,0.0,0.0,0.5475561768665217,0.0,0.0,0.0,0.0
6915,47,1.1306382978723408,0.46808510638297773,1.1759823834196872,0.6737823834196909,0.013664181023399264,0.0,0.0,0.014401416762056585,0.0,0.0,0.6542553191489362,0.0,0.0,0.5482901554404145,0.0,0.0,0.0,0.0
6916,54,1.0703703703703706,0.5555555555555826,1.1754715615305047,0.6736297828335077,0.010436980859516469,0.0,0.0,0.01437023149266055,0.0,0.0,0.5231481481481481,0.0,0.0,0.5480610134436401,0.0,0.0,0.0,0.0
6917,40,1.2720000000000007,0.6999999999999333,1.1758972765869298,0.6743295019157103,0.01422421023203776,0.0,0.0,0.014403326213464181,0.0,0.0,0.575,0.0,0.0,0.547866832349591,0.0,0.0,0.0,0.0
6918,47,1.0721276595744684,0.5957446808510422,1.1748330914368628,0.6732324279494104,0.015542874768661478,0.0,0.0,0.014392977028267938,0.0,0.0,0.5425531914893617,0.0,0.0,0.5477140783744557,0.0,0.0,0.0,0.0
6919,58,1.1737931034482763,0.6206896551724312,1.17518848384424,0.6720173985087008,0.014287513116474956,0.0,0.0,0.01439844997043577,0.0,0.0,0.646551724137931,0.0,0.0,0.5489591963545982,0.0,0.0,0.0,0.0
6920,52,1.0911538461538466,0.7115384615384641,1.1747395671533583,0.6712229470850174,0.012316040807466871,0.0,0.0,0.014387320799894503,0.0,0.0,0.4519230769230769,0.0,0.0,0.5491094542818681,0.0,0.0,0.0,0.0
6921,59,1.1725423728813564,0.8305084745763067,1.1728141171600064,0.6705651003932944,0.019816671440848484,0.0,0.0,0.014388292536752494,0.0,0.0,0.4788135593220339,0.0,0.0,0.5481266818464086,0.0,0.0,0.0,0.0
6922,40,1.1970000000000005,0.699999999999971,1.1740793700134682,0.6713293959175226,0.012808988764044862,0.0,0.0,0.014389554117155541,0.0,0.0,0.55,0.0,0.0,0.5484923842088902,0.0,0.0,0.0,0.0
6923,56,1.0728571428571434,0.6428571428571234,1.1750144927536212,0.6713250517598356,0.015580912863069833,0.0,0.0,0.014418527843338523,0.0,0.0,0.41964285714285715,0.0,0.0,0.5485766045548655,0.0,0.0,0.0,0.0
6924,53,1.1960377358490568,0.8301886792453341,1.1750470965738518,0.672704688955596,0.012313519813520106,0.0,0.0,0.014404848764778076,0.0,0.0,0.46226415094339623,0.0,0.0,0.5478987682434531,0.0,0.0,0.0,0.0
6925,53,1.1337735849056612,0.37735849056603615,1.1739824107604742,0.6707708225556143,0.02057876712328755,0.0,0.0,0.014403512736080197,0.0,0.0,0.6698113207547169,0.0,0.0,0.5483186756337299,0.0,0.0,0.0,0.0
6926,50,0.9478000000000004,0.6399999999999954,1.174512321391591,0.6720853178711961,0.011712802768165687,0.0,0.0,0.014414453795608111,0.0,0.0,0.47,0.0,0.0,0.548120728929385,0.0,0.0,0.0,0.0
6927,47,1.2455319148936175,0.6382978723404182,1.174688082901553,0.6718134715025921,0.011726762820513372,0.0,0.0,0.014401484901343258,0.0,0.0,0.723404255319149,0.0,0.0,0.5489896373056995,0.0,0.0,0.0,0.0
6928,42,1.0411904761904769,0.476190476190476,1.1742035444087455,0.671053995232668,0.012995542347696955,0.0,0.0,0.014386632111325437,0.0,0.0,0.5119047619047619,0.0,0.0,0.5486319825888694,0.0,0.0,0.0,0.0
6929,53,1.1584905660377363,0.6415094339622478,1.173627420523971,0.671326498912707,0.013036093418259313,0.0,0.0,0.014356548769643533,0.0,0.0,0.5849056603773585,0.0,0.0,0.5481774878326603,0.0,0.0,0.0,0.0
6930,46,0.950434782608696,0.4130434782608718,1.1742198030067377,0.6712286158631428,0.013216444981861407,0.0,0.0,0.014346455236642698,0.0,0.0,0.5543478260869565,0.0,0.0,0.5488595127008813,0.0,0.0,0.0,0.0
6931,57,1.0077192982456147,0.6666666666666724,1.172948731227342,0.6715691351631292,0.015139694254085592,0.0,0.0,0.014351001291293847,0.0,0.0,0.42105263157894735,0.0,0.0,0.5477990678404971,0.0,0.0,0.0,0.0
6932,41,0.9117073170731711,0.4390243902439137,1.1710460901087505,0.6692905230450557,0.010803468208092654,0.0,0.0,0.014305461189155827,0.0,0.0,0.5121951219512195,0.0,0.0,0.5477990678404971,0.0,0.0,0.0,0.0
6933,46,1.0286956521739135,0.4782608695652225,1.1685151797741151,0.6685317583670098,0.01356651376146804,0.0,0.0,0.014253607215442023,0.0,0.0,0.5271739130434783,0.0,0.0,0.5463423479432183,0.0,0.0,0.0,0.0
6934,55,1.2832727272727278,0.7636363636363692,1.1699834282755035,0.6697048161574326,0.01415847542627948,0.0,0.0,0.014256367993881589,0.0,0.0,0.6,0.0,0.0,0.5468928016571725,0.0,0.0,0.0,0.0
6935,55,1.3269090909090913,0.763636363636382,1.1700776719138346,0.6683927091963555,0.01366410784497361,0.0,0.0,0.014268591158685987,0.0,0.0,0.6409090909090909,0.0,0.0,0.5480012427506213,0.0,0.0,0.0,0.0
6936,46,1.0702173913043485,0.5217391304347778,1.1695269640823918,0.6686678397681409,0.015055045871559578,0.0,0.0,0.014268287446867091,0.0,0.0,0.532608695652174,0.0,0.0,0.5475106096677362,0.0,0.0,0.0,0.0
6937,45,0.9400000000000003,0.3555555555555721,1.167721060260922,0.6657693104162362,0.011519607843136534,0.0,0.0,0.01424740895332326,0.0,0.0,0.5388888888888889,0.0,0.0,0.5477583350590184,0.0,0.0,0.0,0.0
6938,50,1.2312000000000005,0.8399999999999401,1.168798012216584,0.667046278082618,0.012168412729787267,0.0,0.0,0.014229255288979633,0.0,0.0,0.52,0.0,0.0,0.54803809918211,0.0,0.0,0.0,0.0
6939,49,1.171428571428572,0.6326530612244827,1.1686337721571458,0.6667357727791029,0.013598673300165188,0.0,0.0,0.014237143228781887,0.0,0.0,0.5510204081632653,0.0,0.0,0.5482274282160257,0.0,0.0,0.0,0.0
6940,43,1.3267441860465121,0.6976744186046531,1.1695127008812842,0.6674961119751172,0.014173913043477798,0.0,0.0,0.014227486920239943,0.0,0.0,0.7441860465116279,0.0,0.0,0.5490150336962156,0.0,0.0,0.0,0.0
6941,49,0.9295918367346944,0.5306122448979678,1.1682313278008285,0.6668049792531122,0.011537487335359439,0.0,0.0,0.014215055772170332,0.0,0.0,0.45918367346938777,0.0,0.0,0.5483143153526971,0.0,0.0,0.0,0.0
6942,37,1.1748648648648654,0.702702702702717,1.1687157107231905,0.668536990856193,0.01353783867953902,0.0,0.0,0.014206384190709792,0.0,0.0,0.5743243243243243,0.0,0.0,0.5482907315045719,0.0,0.0,0.0,0.0
6943,44,1.4084090909090914,0.8181818181819001,1.1702475041597322,0.6696131447587361,0.014206785878038577,0.0,0.0,0.014197542546198694,0.0,0.0,0.5625,0.0,0.0,0.5485648918469218,0.0,0.0,0.0,0.0
6944,52,1.2644230769230775,0.6538461538461763,1.1702830385015592,0.6700312174817905,0.014689454870420317,0.0,0.0,0.014185588908257508,0.0,0.0,0.5769230769230769,0.0,0.0,0.5483350676378772,0.0,0.0,0.0,0.0
6945,49,1.1442857142857148,0.7346938775510187,1.1693578936413764,0.6699968779269443,0.014503362648733103,0.0,0.0,0.014196626324573813,0.0,0.0,0.45918367346938777,0.0,0.0,0.5474815277344156,0.0,0.0,0.0,0.0
6946,41,1.1541463414634152,0.5853658536585344,1.169722135497969,0.6703090852325952,0.019626710908336467,0.0,0.0,0.014214050586969203,0.0,0.0,0.5914634146341463,0.0,0.0,0.547949838692892,0.0,0.0,0.0,0.0
6947,51,1.2429411764705889,0.7058823529412079,1.1705890924229791,0.6713155703580359,0.01254005934718147,0.0,0.0,0.014202145660442176,0.0,0.0,0.5686274509803921,0.0,0.0,0.5481109492089925,0.0,0.0,0.0,0.0
6948,49,1.4434693877551024,0.81632653061227,1.1722074274420042,0.6722147092478943,0.01832858253433583,0.0,0.0,0.014220184875540281,0.0,0.0,0.7346938775510204,0.0,0.0,0.5493602413398523,0.0,0.0,0.0,0.0
6949,46,1.1823913043478265,0.9130434782608365,1.1714079234688557,0.672662992617241,0.014294349540078433,0.0,0.0,0.014212273940112666,0.0,0.0,0.43478260869565216,0.0,0.0,0.5487678070084225,0.0,0.0,0.0,0.0
6950,37,0.8300000000000004,0.4324324324324379,1.1712045809474216,0.6721499219156698,0.010329633366969213,0.0,0.0,0.014218678112976703,0.0,0.0,0.5,0.0,0.0,0.5490369599167101,0.0,0.0,0.0,0.0
6951,57,0.7852631578947374,0.7017543859649241,1.1684131113423504,0.6730489073881383,0.01094109019799516,0.0,0.0,0.014195959092799774,0.0,0.0,0.19298245614035087,0.0,0.0,0.545681581685744,0.0,0.0,0.0,0.0
6952,63,1.2290476190476196,0.6349206349206407,1.168774662512979,0.6726895119418494,0.01690611353711864,0.0,0.0,0.014197882042775426,0.0,0.0,0.6349206349206349,0.0,0.0,0.5461578400830738,0.0,0.0,0.0,0.0
6953,47,1.0734042553191492,0.6170212765957223,1.1692638802245778,0.6721771678103564,0.010053806297330133,0.0,0.0,0.014174074480192693,0.0,0.0,0.5904255319148937,0.0,0.0,0.547333125389894,0.0,0.0,0.0,0.0
6954,59,1.337796610169492,0.7796610169491648,1.1702703545804294,0.6730789227409806,0.01990166414523555,0.0,0.0,0.014191615029796817,0.0,0.0,0.6101694915254238,0.0,0.0,0.5477019860663409,0.0,0.0,0.0,0.0
6955,58,0.9381034482758625,0.5172413793103225,1.1677751245847166,0.6712001661129575,0.010471516551193211,0.0,0.0,0.014157967940689653,0.0,0.0,0.39655172413793105,0.0,0.0,0.5465375830564784,0.0,0.0,0.0,0.0
6956,45,1.238444444444445,0.6222222222222143,1.1687268951194174,0.6721703011422643,0.021659541391371967,0.0,0.0,0.014182506439239297,0.0,0.0,0.6111111111111112,0.0,0.0,0.5470664589823468,0.0,0.0,0.0,0.0
6957,53,1.0845283018867928,0.6226415094339585,1.1684750854656571,0.6723298456438419,0.01499608661622812,0.0,0.0,0.014195803667731849,0.0,0.0,0.5801886792452831,0.0,0.0,0.546980213405159,0.0,0.0,0.0,0.0
6958,51,1.1370588235294121,0.4705882352941181,1.168822127835905,0.6710867087951936,0.015276606954688842,0.0,0.0,0.014220351266361245,0.0,0.0,0.5833333333333334,0.0,0.0,0.5477571739355641,0.0,0.0,0.0,0.0
6959,59,1.0520338983050852,0.6101694915254203,1.1697035347776499,0.672126049549083,0.01442481989309844,0.0,0.0,0.014240482686730664,0.0,0.0,0.5169491525423728,0.0,0.0,0.5477350471649217,0.0,0.0,0.0,0.0
6960,52,1.2450000000000006,0.9230769230769157,1.1684242172921406,0.673025088119428,0.016278601961277728,0.0,0.0,0.014226341645671253,0.0,0.0,0.4807692307692308,0.0,0.0,0.5463404520008294,0.0,0.0,0.0,0.0
6961,52,0.855192307692308,0.36538461538457034,1.1670841102133815,0.6711207789517296,0.009481876332622107,0.0,0.0,0.014202896541117963,0.0,0.0,0.5144230769230769,0.0,0.0,0.5465869069815621,0.0,0.0,0.0,0.0
6962,42,0.9773809523809527,0.8095238095238199,1.1646637654129093,0.6705004662729247,0.009808841099163792,0.0,0.0,0.01415909594783889,0.0,0.0,0.3333333333333333,0.0,0.0,0.545150761579111,0.0,0.0,0.0,0.0
6963,49,0.9859183673469392,0.42857142857143493,1.1651823456278478,0.6700165768752587,0.01211080471295991,0.0,0.0,0.014161373835871046,0.0,0.0,0.5663265306122449,0.0,0.0,0.5460785329465396,0.0,0.0,0.0,0.0
6964,52,1.0575000000000006,0.6730769230769317,1.1636539856950334,0.669430911164092,0.014078341013824403,0.0,0.0,0.014160328068197016,0.0,0.0,0.4951923076923077,0.0,0.0,0.5451435679485851,0.0,0.0,0.0,0.0
6965,40,1.1055000000000004,0.6000000000000296,1.1637159775607717,0.6702680241013919,0.011141345427059877,0.0,0.0,0.014166155550468988,0.0,0.0,0.55,0.0,0.0,0.5446706835653439,0.0,0.0,0.0,0.0
6966,39,1.3564102564102571,0.7692307692307843,1.164390142456066,0.6719351149006966,0.01882562277580049,0.0,0.0,0.014176796923069133,0.0,0.0,0.6282051282051282,0.0,0.0,0.5444005407091609,0.0,0.0,0.0,0.0
6967,40,1.5475000000000005,0.8500000000000416,1.1642179700499156,0.6716930116472548,0.021104670985339004,0.0,0.0,0.014184522248365215,0.0,0.0,0.775,0.0,0.0,0.5447691347753744,0.0,0.0,0.0,0.0
6968,50,0.8078000000000003,0.46000000000002755,1.1614168313741797,0.6704462706751277,0.008867178924259457,0.0,0.0,0.014151394200117365,0.0,0.0,0.38,0.0,0.0,0.5435087901799647,0.0,0.0,0.0,0.0
6969,38,1.3565789473684216,0.6052631578947351,1.1609450457951693,0.6684013322231476,0.016251576292559394,0.0,0.0,0.014152136264154527,0.0,0.0,0.75,0.0,0.0,0.5444161115736886,0.0,0.0,0.0,0.0
6970,41,1.5782926829268298,0.9999999999999587,1.1628319966670126,0.6712842412248724,0.015165221467071721,0.0,0.0,0.014150035868278484,0.0,0.0,0.6951219512195121,0.0,0.0,0.5442401833142381,0.0,0.0,0.0,0.0
6971,53,1.2088679245283023,0.8490566037735581,1.1639475600873987,0.671938403912184,0.019725985221674885,0.0,0.0,0.014178434816994791,0.0,0.0,0.49056603773584906,0.0,0.0,0.5444022474248257,0.0,0.0,0.0,0.0
6972,42,0.9538095238095242,0.6190476190476244,1.161914627798021,0.6717334721499219,0.010492404400209489,0.0,0.0,0.014144243479627427,0.0,0.0,0.47619047619047616,0.0,0.0,0.5433888599687663,0.0,0.0,0.0,0.0
6973,56,0.6587500000000003,0.4464285714285606,1.1604765373010084,0.6722505462490894,0.008342379014020782,0.0,0.0,0.014111096350558884,0.0,0.0,0.3125,0.0,0.0,0.5419571324523983,0.0,0.0,0.0,0.0
6974,50,1.3082000000000007,0.5999999999999897,1.1618870867124134,0.6730089415678931,0.016098941668717476,0.0,0.0,0.01412602784747722,0.0,0.0,0.66,0.0,0.0,0.5424464545643585,0.0,0.0,0.0,0.0
6975,54,1.1279629629629635,0.592592592592604,1.162307212637704,0.6741841612970274,0.015392974475611974,0.0,0.0,0.014129564681268242,0.0,0.0,0.5925925925925926,0.0,0.0,0.5421689877364373,0.0,0.0,0.0,0.0
6976,51,1.2531372549019615,0.3529411764706029,1.1626589115081005,0.6722060656418777,0.0174474474474473,0.0,0.0,0.01414479802676801,0.0,0.0,0.7450980392156863,0.0,0.0,0.5430255504777731,0.0,0.0,0.0,0.0
6977,39,0.9110256410256414,0.46153846153849015,1.1630494905385727,0.6723851112497399,0.008069498069497787,0.0,0.0,0.014111280991631265,0.0,0.0,0.5,0.0,0.0,0.543538157621127,0.0,0.0,0.0,0.0
6978,55,1.1225454545454552,0.5090909090909139,1.1644132917964685,0.6713395638629283,0.01239759036144612,0.0,0.0,0.014116268208214721,0.0,0.0,0.5454545454545454,0.0,0.0,0.5450155763239876,0.0,0.0,0.0,0.0
6979,48,1.1225000000000003,0.4999999999999969,1.165355622469109,0.671477520506697,0.014071559153825502,0.0,0.0,0.014131685408537507,0.0,0.0,0.6041666666666666,0.0,0.0,0.545556017028346,0.0,0.0,0.0,0.0
6980,53,1.1333962264150947,0.584905660377336,1.1658612465000509,0.6713678315876799,0.014211024367164045,0.0,0.0,0.014156697811468987,0.0,0.0,0.5377358490566038,0.0,0.0,0.5457585813543503,0.0,0.0,0.0,0.0
6981,36,1.3158333333333336,0.777777777777775,1.1661516883116874,0.6715844155844156,0.013445926766959656,0.0,0.0,0.01416541829732937,0.0,0.0,0.6111111111111112,0.0,0.0,0.5457922077922078,0.0,0.0,0.0,0.0
6982,43,1.0634883720930237,0.6976744186046148,1.1663953850951034,0.67217544953747,0.01290349887133194,0.0,0.0,0.014162937216504969,0.0,0.0,0.4186046511627907,0.0,0.0,0.5454474586841285,0.0,0.0,0.0,0.0
6983,51,1.1270588235294121,0.6666666666666926,1.1658915775262217,0.6718246962301381,0.010727883538633446,0.0,0.0,0.014129395625141563,0.0,0.0,0.553921568627451,0.0,0.0,0.5456693322255686,0.0,0.0,0.0,0.0
6984,52,1.3926923076923083,0.8846153846153766,1.1667687357276304,0.6729292090512768,0.021331369661266326,0.0,0.0,0.014175217754820715,0.0,0.0,0.5673076923076923,0.0,0.0,0.54572347934399,0.0,0.0,0.0,0.0
6985,56,1.1383928571428579,0.5714285714285738,1.166233914487338,0.6723744292237445,0.01725771521385996,0.0,0.0,0.014192153911046982,0.0,0.0,0.5446428571428571,0.0,0.0,0.545662100456621,0.0,0.0,0.0,0.0
6986,48,1.162708333333334,0.43749999999998507,1.1669165282392016,0.6715116279069769,0.012295659836967959,0.0,0.0,0.014190910032094385,0.0,0.0,0.671875,0.0,0.0,0.546797134551495,0.0,0.0,0.0,0.0
6987,57,1.024385964912281,0.4035087719298218,1.1668984123689934,0.6704368579433435,0.010883504193848753,0.0,0.0,0.014184606496810592,0.0,0.0,0.5877192982456141,0.0,0.0,0.5477067552142783,0.0,0.0,0.0,0.0
6988,45,1.1866666666666672,0.5333333333333495,1.1664228654424722,0.6697790227201994,0.01450298750678992,0.0,0.0,0.01416163674746443,0.0,0.0,0.5888888888888889,0.0,0.0,0.5477746654217243,0.0,0.0,0.0,0.0
6989,42,0.8661904761904766,0.4285714285714273,1.1647574529967786,0.6689519060974344,0.009342578325629274,0.0,0.0,0.014131536695224307,0.0,0.0,0.4166666666666667,0.0,0.0,0.5468993455905267,0.0,0.0,0.0,0.0
6990,53,1.3190566037735854,0.8490566037735905,1.1656439236831178,0.6703649937785153,0.017565326633166765,0.0,0.0,0.014145605180339143,0.0,0.0,0.5283018867924528,0.0,0.0,0.5464537536291995,0.0,0.0,0.0,0.0
6991,49,1.048979591836735,0.36734693877553815,1.164883841526653,0.6686372121966402,0.014413909141896325,0.0,0.0,0.014135939901102098,0.0,0.0,0.6530612244897959,0.0,0.0,0.5465671022609417,0.0,0.0,0.0,0.0
6992,46,1.4000000000000004,0.8478260869565496,1.165045633685956,0.6687409251192706,0.017041545382377187,0.0,0.0,0.014135003523253451,0.0,0.0,0.6304347826086957,0.0,0.0,0.5467485998755445,0.0,0.0,0.0,0.0
6993,46,0.9834782608695657,0.26086956521740573,1.1643000933900578,0.6667012555774628,0.011781249999999858,0.0,0.0,0.014112062785345035,0.0,0.0,0.6521739130434783,0.0,0.0,0.5477067552142783,0.0,0.0,0.0,0.0
6994,48,1.4010416666666672,0.9791666666666737,1.1644963730569937,0.6668393782383428,0.02114779874213789,0.0,0.0,0.014121262462646595,0.0,0.0,0.5,0.0,0.0,0.5474870466321243,0.0,0.0,0.0,0.0
6995,54,1.152592592592593,0.703703703703733,1.1636898229630386,0.6667356869241132,0.014882831181252516,0.0,0.0,0.01412467830143153,0.0,0.0,0.5277777777777778,0.0,0.0,0.5470286779169686,0.0,0.0,0.0,0.0
6996,49,1.0636734693877554,0.5714285714285448,1.1621455223880588,0.6659411276948601,0.009295523452825994,0.0,0.0,0.014088647915109068,0.0,0.0,0.5357142857142857,0.0,0.0,0.5467713515754561,0.0,0.0,0.0,0.0
6997,48,0.8591666666666672,0.49999999999999667,1.160034182722187,0.6636627304744158,0.011603826674170079,0.0,0.0,0.014065241090357358,0.0,0.0,0.4270833333333333,0.0,0.0,0.5464574269732754,0.0,0.0,0.0,0.0
6998,44,1.236136363636364,0.45454545454545237,1.1603143153526965,0.662759336099586,0.015226763717805463,0.0,0.0,0.014061480943245813,0.0,0.0,0.7045454545454546,0.0,0.0,0.5474066390041494,0.0,0.0,0.0,0.0
6999,46,0.8258695652173919,0.4347826086956557,1.159078838174273,0.662759336099586,0.011306547619048101,0.0,0.0,0.014054406246894692,0.0,0.0,0.4076086956521739,0.0,0.0,0.5462914937759336,0.0,0.0,0.0,0.0
7000,57,0.936666666666667,0.4736842105263077,1.1583578838174267,0.6625518672199179,0.010439968713336053,0.0,0.0,0.014024178730704518,0.0,0.0,0.543859649122807,0.0,0.0,0.5463174273858921,0.0,0.0,0.0,0.0
7001,49,0.8342857142857145,0.36734693877550584,1.1574385309679418,0.6624131133935065,0.010261044176707071,0.0,0.0,0.014027573460073144,0.0,0.0,0.4489795918367347,0.0,0.0,0.5456997613860359,0.0,0.0,0.0,0.0
7002,45,1.3566666666666671,0.7111111111110877,1.1580033208800322,0.6629306766293076,0.012833718730292185,0.0,0.0,0.014018223595196454,0.0,0.0,0.7111111111111111,0.0,0.0,0.5460253217102532,0.0,0.0,0.0,0.0
7003,51,1.073137254901961,0.6078431372548737,1.1575654069767431,0.6624792358803994,0.011447395942270719,0.0,0.0,0.014006296110656744,0.0,0.0,0.5392156862745098,0.0,0.0,0.5458367940199336,0.0,0.0,0.0,0.0
7004,55,1.401454545454546,0.5454545454545295,1.1584811046511618,0.6627906976744192,0.015543456342004408,0.0,0.0,0.013992415987119177,0.0,0.0,0.8,0.0,0.0,0.54656353820598,0.0,0.0,0.0,0.0
7005,49,1.0712244897959189,0.6530612244897885,1.1581689701756201,0.6625792372441033,0.01799451491258179,0.0,0.0,0.014008670371287434,0.0,0.0,0.4642857142857143,0.0,0.0,0.5463732723682844,0.0,0.0,0.0,0.0
7006,38,1.14421052631579,0.7631578947368571,1.1584936064039912,0.6637904148040344,0.025942720763723275,0.0,0.0,0.014030810102994095,0.0,0.0,0.46710526315789475,0.0,0.0,0.5460286932113525,0.0,0.0,0.0,0.0
7007,51,1.314901960784314,0.8235294117646971,1.1586582199605349,0.6641395783570471,0.012955950540958272,0.0,0.0,0.014019643323883583,0.0,0.0,0.6078431372549019,0.0,0.0,0.5459808910582615,0.0,0.0,0.0,0.0
7008,44,1.1984090909090914,0.6818181818181885,1.1584877795111794,0.6646905876235055,0.013927628103539712,0.0,0.0,0.01402527578100698,0.0,0.0,0.5795454545454546,0.0,0.0,0.5457878315132605,0.0,0.0,0.0,0.0
7009,57,1.0222807017543867,0.5614035087719423,1.1590771951726997,0.6632334581772791,0.016235720256339403,0.0,0.0,0.01406091056639679,0.0,0.0,0.5263157894736842,0.0,0.0,0.5471025801081981,0.0,0.0,0.0,0.0
7010,45,0.8493333333333336,0.6666666666666576,1.1572132000832802,0.6632313137622327,0.010119142176329948,0.0,0.0,0.014035628877850656,0.0,0.0,0.34444444444444444,0.0,0.0,0.5458307307932542,0.0,0.0,0.0,0.0
7011,50,0.9916000000000005,0.5999999999999901,1.1559473245887977,0.6615656881115974,0.015865599999999872,0.0,0.0,0.01403432738670757,0.0,0.0,0.44,0.0,0.0,0.5459868831980013,0.0,0.0,0.0,0.0
7012,52,1.175961538461539,0.6538461538461741,1.155345257903493,0.6623336106489189,0.013424807903402454,0.0,0.0,0.014036493011949504,0.0,0.0,0.5432692307692307,0.0,0.0,0.5448731281198004,0.0,0.0,0.0,0.0
7013,54,1.3194444444444449,0.6851851851851936,1.1572363636363627,0.6627532467532473,0.02035714285714349,0.0,0.0,0.014064932752640032,0.0,0.0,0.6759259259259259,0.0,0.0,0.5461038961038961,0.0,0.0,0.0,0.0
7014,51,1.215294117647059,0.7843137254901899,1.1588183989201526,0.6640016613020459,0.016505992010651917,0.0,0.0,0.014089204266433659,0.0,0.0,0.5833333333333334,0.0,0.0,0.5468539092513758,0.0,0.0,0.0,0.0
7015,62,1.3566129032258074,0.9032258064516144,1.15987037229078,0.6663901275536664,0.019155089956729897,0.0,0.0,0.014135107536530012,0.0,0.0,0.5564516129032258,0.0,0.0,0.5462252411075391,0.0,0.0,0.0,0.0
7016,50,0.9696000000000004,0.3599999999999972,1.1581562856254526,0.6634884443983838,0.014003466204505984,0.0,0.0,0.014141963161458047,0.0,0.0,0.595,0.0,0.0,0.5471033267696135,0.0,0.0,0.0,0.0
7017,45,1.2271111111111115,0.5777777777777157,1.1581896373056986,0.6625906735751298,0.01545479988804981,0.0,0.0,0.014142619069612594,0.0,0.0,0.6222222222222222,0.0,0.0,0.5473056994818652,0.0,0.0,0.0,0.0
7018,40,1.2305000000000006,0.7749999999999672,1.1586368819322062,0.6632113610448847,0.015730265260466718,0.0,0.0,0.014176977411699584,0.0,0.0,0.4125,0.0,0.0,0.5469576034000208,0.0,0.0,0.0,0.0
7019,54,1.1868518518518525,0.5555555555555481,1.1584341968911909,0.6632124352331606,0.015055203194738166,0.0,0.0,0.014181027757234187,0.0,0.0,0.6203703703703703,0.0,0.0,0.5468911917098446,0.0,0.0,0.0,0.0
7020,68,0.7538235294117651,0.5882352941176382,1.1548471074380158,0.6625000000000001,0.010100492610837425,0.0,0.0,0.01414015026942239,0.0,0.0,0.27205882352941174,0.0,0.0,0.5447830578512397,0.0,0.0,0.0,0.0
7021,57,1.2031578947368426,0.6842105263157904,1.1542513424204865,0.6604708798017349,0.01611372180451098,0.0,0.0,0.014159148660186052,0.0,0.0,0.5964912280701754,0.0,0.0,0.5455390334572491,0.0,0.0,0.0,0.0
7022,51,0.9637254901960788,0.6274509803921413,1.1526428350036153,0.6591590040293425,0.01224769499127857,0.0,0.0,0.014151171713968558,0.0,0.0,0.4166666666666667,0.0,0.0,0.5450976340531046,0.0,0.0,0.0,0.0
7023,46,1.2621739130434788,0.6956521739130148,1.1517282035370766,0.6590133416071987,0.017248960190136668,0.0,0.0,0.014148053192124553,0.0,0.0,0.6739130434782609,0.0,0.0,0.5447305822732443,0.0,0.0,0.0,0.0
7024,42,1.0211904761904766,0.3333333333333394,1.149697785137652,0.6570068308838755,0.016166603844704037,0.0,0.0,0.014151487587934145,0.0,0.0,0.6071428571428571,0.0,0.0,0.5441419995860071,0.0,0.0,0.0,0.0
7025,41,1.4656097560975618,0.8292682926829327,1.1506911536471798,0.6570098292809111,0.027018884892086172,0.0,0.0,0.014200295460958629,0.0,0.0,0.6585365853658537,0.0,0.0,0.5449042938437662,0.0,0.0,0.0,0.0
7026,42,1.1104761904761908,0.5714285714285638,1.1516195505850673,0.6563114838976915,0.01633625218914243,0.0,0.0,0.014239041784298988,0.0,0.0,0.5654761904761905,0.0,0.0,0.5461582271927099,0.0,0.0,0.0,0.0
7027,50,1.1912000000000005,0.5600000000000125,1.1515783481680806,0.6559718484785766,0.01907140569964789,0.0,0.0,0.014272218267177134,0.0,0.0,0.73,0.0,0.0,0.5466518319188574,0.0,0.0,0.0,0.0
7028,50,1.5982000000000005,0.9800000000000249,1.1525719312771676,0.6569033326433459,0.020788241415194066,0.0,0.0,0.014302291084177616,0.0,0.0,0.68,0.0,0.0,0.5469882012005796,0.0,0.0,0.0,0.0
7029,59,1.3323728813559332,0.8474576271186549,1.1531117324220765,0.6576576576576584,0.0232573964497038,0.0,0.0,0.014341720243982812,0.0,0.0,0.5,0.0,0.0,0.5469348659003831,0.0,0.0,0.0,0.0
7030,52,1.2480769230769235,0.9423076923076116,1.1530254447662382,0.657736863880844,0.014571171980241696,0.0,0.0,0.014349146320114458,0.0,0.0,0.49038461538461536,0.0,0.0,0.54693318163012,0.0,0.0,0.0,0.0
7031,53,1.3126415094339627,0.8679245283019088,1.1534202628583248,0.6591120769947222,0.014961290322580149,0.0,0.0,0.014331030013449549,0.0,0.0,0.5849056603773585,0.0,0.0,0.5468798509779571,0.0,0.0,0.0,0.0
7032,38,1.0889473684210529,0.684210526315809,1.1524974114723538,0.6594533029612757,0.012931250000000439,0.0,0.0,0.014312927234478058,0.0,0.0,0.5131578947368421,0.0,0.0,0.5463864154069166,0.0,0.0,0.0,0.0
7033,56,1.086071428571429,0.7857142857142326,1.1527723795741152,0.6600165391771755,0.012475897435896402,0.0,0.0,0.014309680018785381,0.0,0.0,0.4419642857142857,0.0,0.0,0.5461804837709324,0.0,0.0,0.0,0.0
7034,56,1.010178571428572,0.4999999999999774,1.1508112856552284,0.6577097974369569,0.01499337397296583,0.0,0.0,0.014317537464560494,0.0,0.0,0.5267857142857143,0.0,0.0,0.5459642414220752,0.0,0.0,0.0,0.0
7035,43,1.1369767441860472,0.744186046511633,1.149243523316061,0.6569948186528493,0.013588104502501298,0.0,0.0,0.014282936127191765,0.0,0.0,0.43023255813953487,0.0,0.0,0.5448445595854923,0.0,0.0,0.0,0.0
7036,50,1.2048000000000005,0.5200000000000192,1.1497253886010352,0.6557512953367872,0.016504109589040743,0.0,0.0,0.014286256937201366,0.0,0.0,0.63,0.0,0.0,0.5460880829015544,0.0,0.0,0.0,0.0
7037,43,1.0981395348837213,0.5116279069767262,1.1491953546246358,0.6559518871837405,0.013138564273789276,0.0,0.0,0.014286723455160407,0.0,0.0,0.5813953488372093,0.0,0.0,0.5455464537536292,0.0,0.0,0.0,0.0
7038,45,1.1606666666666674,0.9333333333332907,1.148545643153526,0.6562240663900405,0.017197892657226876,0.0,0.0,0.014295168916214499,0.0,0.0,0.37777777777777777,0.0,0.0,0.5449948132780082,0.0,0.0,0.0,0.0
7039,56,1.2276785714285718,0.32142857142857845,1.1500808122668866,0.6544757563199327,0.015294771968853958,0.0,0.0,0.014308890899763014,0.0,0.0,0.75,0.0,0.0,0.5467260671363448,0.0,0.0,0.0,0.0
7040,53,1.1273584905660383,0.6037735849056695,1.149384965831434,0.6536550010354097,0.012266475056456158,0.0,0.0,0.014283365136306661,0.0,0.0,0.5471698113207547,0.0,0.0,0.5468523503831021,0.0,0.0,0.0,0.0
7041,59,1.0381355932203395,0.5423728813559141,1.1486394205897557,0.65142265907915,0.013405559203327182,0.0,0.0,0.014284170273650336,0.0,0.0,0.5169491525423728,0.0,0.0,0.5474909467149508,0.0,0.0,0.0,0.0
7042,45,1.3422222222222229,0.5333333333333332,1.1495807887382248,0.6512783355760255,0.021931735657225202,0.0,0.0,0.014326735904623376,0.0,0.0,0.7444444444444445,0.0,0.0,0.5482351723424076,0.0,0.0,0.0,0.0
7043,59,1.2755932203389837,0.8305084745762931,1.1509353336782193,0.6521469218830815,0.01806095512359089,0.0,0.0,0.01435968832536842,0.0,0.0,0.5677966101694916,0.0,0.0,0.5493016037247801,0.0,0.0,0.0,0.0
7044,63,1.010634920634921,0.7142857142857366,1.1495878950630023,0.6529642635819031,0.01104040228888497,0.0,0.0,0.014336698220263707,0.0,0.0,0.3531746031746032,0.0,0.0,0.5472009915306755,0.0,0.0,0.0,0.0
7045,48,1.313958333333334,0.6666666666666865,1.149250773993807,0.6520123839009274,0.01634361233480077,0.0,0.0,0.014335288688418792,0.0,0.0,0.6666666666666666,0.0,0.0,0.5477554179566564,0.0,0.0,0.0,0.0
7046,51,1.0733333333333337,0.47058823529412885,1.1484274068723546,0.650190898772055,0.01544582392776565,0.0,0.0,0.014325537751015836,0.0,0.0,0.5588235294117647,0.0,0.0,0.5479568671963677,0.0,0.0,0.0,0.0
7047,48,1.202916666666667,0.4791666666666678,1.1499721333470931,0.650531530601712,0.018518280949325908,0.0,0.0,0.014368237936930758,0.0,0.0,0.7083333333333334,0.0,0.0,0.5487924450407679,0.0,0.0,0.0,0.0
7048,56,1.2483928571428575,0.6964285714285571,1.1504152070883977,0.6505254481763844,0.01563982102908322,0.0,0.0,0.014386137376491097,0.0,0.0,0.5625,0.0,0.0,0.5489645580053575,0.0,0.0,0.0,0.0
7049,48,0.9056250000000005,0.49999999999998757,1.1487136672850946,0.6504844361987204,0.013228849665246865,0.0,0.0,0.014375015316829361,0.0,0.0,0.4635416666666667,0.0,0.0,0.547876726448155,0.0,0.0,0.0,0.0
7050,39,1.3776923076923082,0.8717948717949048,1.1504595208591477,0.65107393638992,0.017035510462904923,0.0,0.0,0.014394288822479789,0.0,0.0,0.5384615384615384,0.0,0.0,0.5486627426683188,0.0,0.0,0.0,0.0
7051,65,1.3693846153846159,0.8000000000000436,1.1510703237780973,0.6513714167869653,0.020772462077011822,0.0,0.0,0.014427672809660192,0.0,0.0,0.6346153846153846,0.0,0.0,0.548953392452052,0.0,0.0,0.0,0.0
7052,48,1.299791666666667,0.749999999999979,1.150993507162732,0.6502112748634432,0.015004810004809847,0.0,0.0,0.014431723173661228,0.0,0.0,0.625,0.0,0.0,0.5496495929094095,0.0,0.0,0.0,0.0
7053,54,1.2609259259259267,0.6666666666666593,1.1522373160440451,0.6511268910157447,0.02215029277813945,0.0,0.0,0.014478472946026484,0.0,0.0,0.6574074074074074,0.0,0.0,0.5500926211793763,0.0,0.0,0.0,0.0
7054,51,0.9737254901960789,0.8039215686274402,1.1506909315237495,0.6510384536294459,0.01529882932840425,0.0,0.0,0.014463418920944694,0.0,0.0,0.36764705882352944,0.0,0.0,0.5491723216121736,0.0,0.0,0.0,0.0
7055,49,1.3553061224489802,0.7755102040816094,1.1525606247431142,0.6518701191944092,0.017997289972899195,0.0,0.0,0.0144914744025363,0.0,0.0,0.6326530612244898,0.0,0.0,0.5500411015207562,0.0,0.0,0.0,0.0
7056,55,1.2500000000000004,0.6545454545454923,1.1528896870189829,0.6528476141611074,0.01563921747042765,0.0,0.0,0.01449729407483677,0.0,0.0,0.6909090909090909,0.0,0.0,0.5502308876346844,0.0,0.0,0.0,0.0
7057,45,1.0700000000000005,0.7111111111111112,1.1518206048180408,0.652998462327011,0.013430962343096223,0.0,0.0,0.014486133368744934,0.0,0.0,0.48333333333333334,0.0,0.0,0.5495899538698104,0.0,0.0,0.0,0.0
7058,35,1.2348571428571433,0.7428571428571346,1.1515598027126992,0.6537196876284416,0.013888174807197763,0.0,0.0,0.014466966152892816,0.0,0.0,0.5857142857142857,0.0,0.0,0.5490392519523223,0.0,0.0,0.0,0.0
7059,43,1.2476744186046516,0.8837209302325836,1.1510251928020554,0.6535732647814902,0.016208459214500752,0.0,0.0,0.014452106349712467,0.0,0.0,0.5290697674418605,0.0,0.0,0.548637532133676,0.0,0.0,0.0,0.0
7060,51,1.240196078431373,0.7843137254901806,1.1519755621727066,0.6546873395625824,0.015325902592682081,0.0,0.0,0.014476712152004828,0.0,0.0,0.5196078431372549,0.0,0.0,0.5487729746380532,0.0,0.0,0.0,0.0
7061,50,0.9516000000000006,0.7200000000000076,1.1507039507439702,0.6555156490507944,0.01905486583900659,0.0,0.0,0.014489309660004864,0.0,0.0,0.35,0.0,0.0,0.5472550025654181,0.0,0.0,0.0,0.0
7062,51,1.0482352941176474,0.5294117647058765,1.1501579973325116,0.6536370165179023,0.009885355029585444,0.0,0.0,0.01447685890647995,0.0,0.0,0.5637254901960784,0.0,0.0,0.5483738586231661,0.0,0.0,0.0,0.0
7063,60,1.2916666666666672,0.8333333333333283,1.150243827476692,0.6544411433254783,0.021232876712329776,0.0,0.0,0.014507914561500924,0.0,0.0,0.5708333333333333,0.0,0.0,0.5483300891302121,0.0,0.0,0.0,0.0
7064,44,1.2097727272727279,0.49999999999999223,1.1507570945599823,0.6540313492470027,0.017492605980939845,0.0,0.0,0.014520523861663437,0.0,0.0,0.6477272727272727,0.0,0.0,0.5484325376498309,0.0,0.0,0.0,0.0
7065,48,1.136666666666667,0.7499999999999792,1.150194433074088,0.6547277936962743,0.017691309987030016,0.0,0.0,0.014522026522786176,0.0,0.0,0.5,0.0,0.0,0.547968686041752,0.0,0.0,0.0,0.0
7066,52,1.3973076923076928,0.807692307692284,1.1512018001431918,0.6552112099826112,0.02015533980582532,0.0,0.0,0.01456793095593102,0.0,0.0,0.6490384615384616,0.0,0.0,0.5486856909072313,0.0,0.0,0.0,0.0
7067,54,1.3053703703703707,0.7407407407407354,1.1526098059244112,0.6555669050051063,0.02035518336702317,0.0,0.0,0.01457302040136322,0.0,0.0,0.5879629629629629,0.0,0.0,0.5494637385086824,0.0,0.0,0.0,0.0
7068,45,1.042444444444445,0.8444444444444402,1.1520821413976283,0.6553943604413558,0.016558418637485722,0.0,0.0,0.014590016522253224,0.0,0.0,0.3333333333333333,0.0,0.0,0.5490140988966081,0.0,0.0,0.0,0.0
7069,38,1.0763157894736848,0.3684210526315849,1.152306197586417,0.654632849253425,0.017774880486745033,0.0,0.0,0.014602960445738705,0.0,0.0,0.6447368421052632,0.0,0.0,0.5493710370218858,0.0,0.0,0.0,0.0
7070,55,1.2178181818181821,0.5090909090909208,1.1528221109635215,0.6536221518340647,0.020364852538764855,0.0,0.0,0.014620955890928532,0.0,0.0,0.75,0.0,0.0,0.5503729437008277,0.0,0.0,0.0,0.0
7071,37,1.1272972972972977,0.729729729729718,1.151416146526142,0.6530236365496771,0.015239313116550825,0.0,0.0,0.014590876026456683,0.0,0.0,0.527027027027027,0.0,0.0,0.5497800061393635,0.0,0.0,0.0,0.0
7072,43,0.9979069767441866,0.6046511627906964,1.1510039914031303,0.652850271210725,0.019079590929301414,0.0,0.0,0.01459339729632228,0.0,0.0,0.4186046511627907,0.0,0.0,0.5495343363012998,0.0,0.0,0.0,0.0
7073,49,1.1408163265306128,0.6530612244897693,1.1499969268592485,0.6521204671173935,0.012463768115941645,0.0,0.0,0.014571055876435784,0.0,0.0,0.5612244897959183,0.0,0.0,0.5492726900225363,0.0,0.0,0.0,0.0
7074,54,1.0524074074074081,0.5925925925925967,1.1501995089011647,0.6519337016574579,0.016420109794857054,0.0,0.0,0.014582925263164655,0.0,0.0,0.5231481481481481,0.0,0.0,0.5496470227133211,0.0,0.0,0.0,0.0
7075,45,1.3680000000000005,0.9333333333333539,1.1513019447287602,0.6517911975435003,0.016819672131147222,0.0,0.0,0.014619716735530953,0.0,0.0,0.5222222222222223,0.0,0.0,0.5508444216990788,0.0,0.0,0.0,0.0
7076,58,1.291724137931035,0.6206896551724143,1.152217787329852,0.6514174598301095,0.017073837739289045,0.0,0.0,0.014657400487958515,0.0,0.0,0.6551724137931034,0.0,0.0,0.5514788660321359,0.0,0.0,0.0,0.0
7077,53,1.0990566037735854,0.6792452830188459,1.1513017690970433,0.6512935883014622,0.01772671941570212,0.0,0.0,0.01467034470537028,0.0,0.0,0.5849056603773585,0.0,0.0,0.5514111872379589,0.0,0.0,0.0,0.0
7078,43,1.0674418604651168,0.5116279069767479,1.1505851063829775,0.6510842880523731,0.01865853658536482,0.0,0.0,0.014705385554675205,0.0,0.0,0.627906976744186,0.0,0.0,0.551017798690671,0.0,0.0,0.0,0.0
7079,41,1.135365853658537,0.6341463414634172,1.149907918968691,0.6501943932883156,0.016927272727272777,0.0,0.0,0.014704624043771555,0.0,0.0,0.4878048780487805,0.0,0.0,0.5509003478616739,0.0,0.0,0.0,0.0
7080,45,1.2348888888888894,0.7555555555555656,1.1514325181622824,0.6506702138544971,0.021480479319674648,0.0,0.0,0.014748837440954527,0.0,0.0,0.5777777777777777,0.0,0.0,0.55190320270132,0.0,0.0,0.0,0.0
7081,51,1.093333333333334,0.7450980392156804,1.1516247186412918,0.6514221403724164,0.027147030185004972,0.0,0.0,0.01478233576028824,0.0,0.0,0.4803921568627451,0.0,0.0,0.5517444239819931,0.0,0.0,0.0,0.0
7082,62,1.0835483870967748,0.5806451612903026,1.1491529580055162,0.6494329212220289,0.017435764339475458,0.0,0.0,0.014760089294736888,0.0,0.0,0.5604838709677419,0.0,0.0,0.5508838254827833,0.0,0.0,0.0,0.0
7083,47,1.3885106382978731,0.8936170212766047,1.1500153280196186,0.650521152667075,0.029172999552972714,0.0,0.0,0.014818216291801904,0.0,0.0,0.5957446808510638,0.0,0.0,0.5506591048436542,0.0,0.0,0.0,0.0
7084,44,1.376363636363637,0.7727272727272649,1.1521019303441924,0.6520273720763963,0.016859688195991165,0.0,0.0,0.014847115993360999,0.0,0.0,0.6931818181818182,0.0,0.0,0.5515013788172812,0.0,0.0,0.0,0.0
7085,50,1.4230000000000007,0.7200000000000226,1.1534925494998967,0.6517656664625429,0.016944510597761937,0.0,0.0,0.014876761050041879,0.0,0.0,0.795,0.0,0.0,0.5530975709328434,0.0,0.0,0.0,0.0
7086,53,1.385094339622642,0.8301886792452211,1.1540908163265293,0.6521428571428566,0.02011232876712234,0.0,0.0,0.014880992479303565,0.0,0.0,0.6509433962264151,0.0,0.0,0.5532908163265307,0.0,0.0,0.0,0.0
7087,53,1.1630188679245288,0.5283018867924484,1.1539753262642727,0.6518148450244693,0.014892486107755438,0.0,0.0,0.014893825048524479,0.0,0.0,0.6556603773584906,0.0,0.0,0.5531199021207178,0.0,0.0,0.0,0.0
7088,62,1.0862903225806457,0.7580645161290246,1.1556755655186457,0.6525371917668632,0.018487510293713698,0.0,0.0,0.014939067760443785,0.0,0.0,0.4475806451612903,0.0,0.0,0.5538771143264724,0.0,0.0,0.0,0.0
7089,55,1.0754545454545459,0.5818181818182024,1.154668362156662,0.6506612410986767,0.012822458270106264,0.0,0.0,0.01491525535091034,0.0,0.0,0.4772727272727273,0.0,0.0,0.5537131230925737,0.0,0.0,0.0,0.0
7090,61,1.2336065573770496,0.7704918032786837,1.1562066863123655,0.6516614165227104,0.019698952879581417,0.0,0.0,0.014954197289425765,0.0,0.0,0.6147540983606558,0.0,0.0,0.5547708566202622,0.0,0.0,0.0,0.0
7091,46,0.9139130434782612,0.4347826086956533,1.1537352702153587,0.6494311255587154,0.012467378410439102,0.0,0.0,0.014935870038360888,0.0,0.0,0.532608695652174,0.0,0.0,0.5541954490044697,0.0,0.0,0.0,0.0
7092,47,1.1434042553191495,0.6170212765957402,1.153944348532547,0.649334822788666,0.01630461165048531,0.0,0.0,0.014947532508534053,0.0,0.0,0.5531914893617021,0.0,0.0,0.5544835990657053,0.0,0.0,0.0,0.0
7093,51,0.9541176470588242,0.6274509803921958,1.153229895548118,0.6488185782375007,0.014754396604003192,0.0,0.0,0.014943573947826217,0.0,0.0,0.44607843137254904,0.0,0.0,0.5544315992292871,0.0,0.0,0.0,0.0
7094,59,1.342881355932204,0.89830508474579,1.155369807497466,0.6511651469098274,0.01632262051915948,0.0,0.0,0.01495588057853619,0.0,0.0,0.6271186440677966,0.0,0.0,0.5553951367781155,0.0,0.0,0.0,0.0
7095,52,1.1471153846153852,0.5769230769230697,1.1543853248201066,0.6501469544947802,0.016240130683364967,0.0,0.0,0.014963439786655404,0.0,0.0,0.6298076923076923,0.0,0.0,0.5553613053613053,0.0,0.0,0.0,0.0
7096,37,1.1637837837837843,0.7027027027026974,1.1542646909570675,0.649852836699482,0.014391711229947098,0.0,0.0,0.014966659516480692,0.0,0.0,0.5675675675675675,0.0,0.0,0.5555922054196691,0.0,0.0,0.0,0.0
7097,50,1.3614000000000004,0.6199999999999902,1.154830104473069,0.6491530581194843,0.018372469635627525,0.0,0.0,0.014959406956592525,0.0,0.0,0.71,0.0,0.0,0.5561162389694695,0.0,0.0,0.0,0.0
7098,47,1.0687234042553195,0.6170212765957153,1.1548298217179889,0.6490072933549427,0.015746081504701904,0.0,0.0,0.014976059018951748,0.0,0.0,0.574468085106383,0.0,0.0,0.5564981766612642,0.0,0.0,0.0,0.0
7099,50,1.2584000000000006,0.8200000000000083,1.1543667105396362,0.6508049002733619,0.0204751057598436,0.0,0.0,0.014986021679212275,0.0,0.0,0.51,0.0,0.0,0.5549508960210591,0.0,0.0,0.0,0.0
7100,47,0.8027659574468089,0.38297872340424083,1.1538130443589212,0.6495847680777793,0.011119952844090517,0.0,0.0,0.014973418411938992,0.0,0.0,0.4574468085106383,0.0,0.0,0.5553473769495645,0.0,0.0,0.0,0.0
7101,46,1.1171739130434786,0.5869565217391156,1.1541897233201568,0.649234823147866,0.013541501976284153,0.0,0.0,0.014963204233910916,0.0,0.0,0.5760869565217391,0.0,0.0,0.5559947299077734,0.0,0.0,0.0,0.0
7102,50,1.1078000000000003,0.6999999999999837,1.1540486075949354,0.6484050632911385,0.013707003217025514,0.0,0.0,0.014961847795548244,0.0,0.0,0.52,0.0,0.0,0.5563544303797469,0.0,0.0,0.0,0.0
7103,47,1.466170212765958,1.0638297872340305,1.1554329750557681,0.6504765767592772,0.02039964476021363,0.0,0.0,0.01497293149302521,0.0,0.0,0.5531914893617021,0.0,0.0,0.5562766173190022,0.0,0.0,0.0,0.0
7104,49,1.2395918367346945,0.8163265306122441,1.1558215010141972,0.6508113590263681,0.018963471745238804,0.0,0.0,0.015003850888337346,0.0,0.0,0.5510204081632653,0.0,0.0,0.5566937119675457,0.0,0.0,0.0,0.0
7105,53,1.0545283018867928,0.4528301886792438,1.1544769152714345,0.6487062404870614,0.012375996457041861,0.0,0.0,0.014971622348929915,0.0,0.0,0.5660377358490566,0.0,0.0,0.5569761542364282,0.0,0.0,0.0,0.0
7106,49,1.1204081632653065,0.6734693877550774,1.1536485389610376,0.6495535714285705,0.014208074534162554,0.0,0.0,0.014944914552494767,0.0,0.0,0.5408163265306123,0.0,0.0,0.556158685064935,0.0,0.0,0.0,0.0
7107,52,1.4244230769230777,1.1153846153845821,1.155046634225465,0.6517639902676388,0.014719793322734343,0.0,0.0,0.01494552862485517,0.0,0.0,0.46153846153846156,0.0,0.0,0.5558090024330901,0.0,0.0,0.0,0.0
7108,55,1.289454545454546,0.5818181818181927,1.1549660896851892,0.6511792691567962,0.021432456935629358,0.0,0.0,0.014959480596443482,0.0,0.0,0.6636363636363637,0.0,0.0,0.55602793805041,0.0,0.0,0.0,0.0
7109,46,1.1169565217391308,0.5652173913043563,1.154238128986533,0.6509061455907654,0.012586967172954513,0.0,0.0,0.014955947136563839,0.0,0.0,0.5978260869565217,0.0,0.0,0.5556849245722385,0.0,0.0,0.0,0.0
7110,52,1.057115384615385,0.7307692307692351,1.1532256431030976,0.6511039092566325,0.010155181969332844,0.0,0.0,0.01490321440724546,0.0,0.0,0.47596153846153844,0.0,0.0,0.5551701438120316,0.0,0.0,0.0,0.0
7111,49,0.8534693877551023,0.6122448979591723,1.1520111336032375,0.6519230769230758,0.016582077716099115,0.0,0.0,0.014902904803367615,0.0,0.0,0.33163265306122447,0.0,0.0,0.5538967611336032,0.0,0.0,0.0,0.0
7112,49,1.103673469387756,0.6530612244898112,1.1515232793522252,0.6514170040485819,0.013386138613861101,0.0,0.0,0.014892927690356186,0.0,0.0,0.45918367346938777,0.0,0.0,0.5533400809716599,0.0,0.0,0.0,0.0
7113,46,0.6984782608695658,0.17391304347826167,1.1491420477539442,0.6492310805341956,0.0069878207916483645,0.0,0.0,0.014836548886421481,0.0,0.0,0.5054347826086957,0.0,0.0,0.5529390934844193,0.0,0.0,0.0,0.0
7114,53,0.9416981132075476,0.6792452830188649,1.1490988166278937,0.6500455143117214,0.011855106888360977,0.0,0.0,0.014845128320382123,0.0,0.0,0.3867924528301887,0.0,0.0,0.5522656012946293,0.0,0.0,0.0,0.0
7115,55,1.234545454545455,0.5818181818181011,1.149661445174329,0.6505305709954508,0.014796251906732599,0.0,0.0,0.014850831123834986,0.0,0.0,0.6363636363636364,0.0,0.0,0.5522486104092976,0.0,0.0,0.0,0.0
7116,40,1.2552500000000004,0.5499999999999935,1.1505222143507727,0.6506426475053115,0.01221060311284025,0.0,0.0,0.014868601921303659,0.0,0.0,0.6875,0.0,0.0,0.5529551664811254,0.0,0.0,0.0,0.0
7117,45,1.238444444444445,1.0000000000000244,1.150430912401374,0.6520331782318418,0.015597537083683487,0.0,0.0,0.014875023051841416,0.0,0.0,0.4222222222222222,0.0,0.0,0.5522708881246207,0.0,0.0,0.0,0.0
7118,49,1.487755102040817,0.6122448979591943,1.1524747168284775,0.652103559870549,0.017823960880196086,0.0,0.0,0.01488795172380451,0.0,0.0,0.7857142857142857,0.0,0.0,0.5534739077669902,0.0,0.0,0.0,0.0
7119,42,0.8897619047619051,0.5238095238095292,1.1512317666126406,0.6517423014586698,0.008418562739355453,0.0,0.0,0.014854156891294318,0.0,0.0,0.44047619047619047,0.0,0.0,0.5524463128038898,0.0,0.0,0.0,0.0
7120,49,1.2714285714285718,0.5714285714285771,1.1521451008207506,0.6510284729962498,0.013590750436300491,0.0,0.0,0.014861870654049196,0.0,0.0,0.6887755102040817,0.0,0.0,0.5536528523659945,0.0,0.0,0.0,0.0
7121,64,1.3737500000000007,0.8750000000000576,1.1534595908446414,0.6514077374924032,0.016111416529228373,0.0,0.0,0.014848209885717358,0.0,0.0,0.6484375,0.0,0.0,0.5547144014583756,0.0,0.0,0.0,0.0
7122,50,0.9846000000000005,0.7400000000000218,1.1524291784702538,0.6516592472683116,0.011564482029598477,0.0,0.0,0.014839928865959178,0.0,0.0,0.38,0.0,0.0,0.5538496560097127,0.0,0.0,0.0,0.0
7123,47,1.157021276595745,0.893617021276565,1.1529022784810115,0.6528607594936701,0.0113173777315292,0.0,0.0,0.014814186859315456,0.0,0.0,0.39361702127659576,0.0,0.0,0.5538481012658227,0.0,0.0,0.0,0.0
7124,53,0.9856603773584911,0.49056603773584917,1.1517731645569607,0.6510379746835431,0.0125637325637329,0.0,0.0,0.01481876788217692,0.0,0.0,0.4811320754716981,0.0,0.0,0.5539493670886076,0.0,0.0,0.0,0.0
7125,58,1.0127586206896557,0.48275862068965564,1.151053643724695,0.6515182186234806,0.011276636590515862,0.0,0.0,0.014772951353120766,0.0,0.0,0.5603448275862069,0.0,0.0,0.5533653846153846,0.0,0.0,0.0,0.0
7126,53,1.116037735849057,0.6037735849056792,1.1518941616917926,0.6513204492562977,0.01108508245876968,0.0,0.0,0.014763488146200902,0.0,0.0,0.5707547169811321,0.0,0.0,0.5538804006880502,0.0,0.0,0.0,0.0
7127,50,1.0782000000000005,0.7200000000000145,1.1510762694719794,0.6517297187942537,0.011950786965196167,0.0,0.0,0.014766694955503416,0.0,0.0,0.38,0.0,0.0,0.5521950232652235,0.0,0.0,0.0,0.0
7128,66,1.0645454545454551,0.606060606060601,1.1509656912209878,0.6521695257315834,0.011104788999525685,0.0,0.0,0.014744449213013652,0.0,0.0,0.5,0.0,0.0,0.5520181634712412,0.0,0.0,0.0,0.0
7129,54,1.381296296296297,0.666666666666663,1.1521804056099272,0.6523055191201687,0.019970548862115356,0.0,0.0,0.014780128111373218,0.0,0.0,0.7314814814814815,0.0,0.0,0.5528200988800323,0.0,0.0,0.0,0.0
7130,44,1.4240909090909097,1.0454545454545483,1.154324351599555,0.6551619739630631,0.02076897580377846,0.0,0.0,0.014810220660401484,0.0,0.0,0.6079545454545454,0.0,0.0,0.5530578262185891,0.0,0.0,0.0,0.0
7131,45,1.2200000000000006,0.8888888888889378,1.1554673133272697,0.6561584318480341,0.012426437301946966,0.0,0.0,0.014794978148425049,0.0,0.0,0.43333333333333335,0.0,0.0,0.5532737193088815,0.0,0.0,0.0,0.0
7132,55,1.369454545454546,0.9090909090909293,1.157663202502269,0.6584602966400963,0.01271223628691961,0.0,0.0,0.014796874415629407,0.0,0.0,0.5409090909090909,0.0,0.0,0.553375037836747,0.0,0.0,0.0,0.0
7133,52,1.1386538461538465,0.7115384615384894,1.1581617424624369,0.659574468085106,0.012624733475480222,0.0,0.0,0.014789282637723684,0.0,0.0,0.5673076923076923,0.0,0.0,0.5535696279116669,0.0,0.0,0.0,0.0
7134,55,1.1192727272727276,0.6909090909090957,1.1572521932035884,0.6591711202984768,0.012946372239747058,0.0,0.0,0.01478204588223013,0.0,0.0,0.5636363636363636,0.0,0.0,0.5533679540183524,0.0,0.0,0.0,0.0
7135,43,1.1774418604651167,0.6976744186046674,1.1563977788995443,0.6587582029278136,0.011955135773317754,0.0,0.0,0.014774305309226484,0.0,0.0,0.563953488372093,0.0,0.0,0.5529278142352347,0.0,0.0,0.0,0.0
7136,47,1.4378723404255327,0.8936170212766302,1.1581334544720356,0.6605087825560262,0.021884715025907008,0.0,0.0,0.014801449120167752,0.0,0.0,0.6702127659574468,0.0,0.0,0.5535786392085604,0.0,0.0,0.0,0.0
7137,50,1.1748000000000005,0.5599999999999994,1.1592079507617783,0.6613863384118651,0.01713035870516172,0.0,0.0,0.014827308065581827,0.0,0.0,0.59,0.0,0.0,0.5538290788013318,0.0,0.0,0.0,0.0
7138,44,0.9138636363636367,0.5909090909091224,1.157754669358908,0.6601716304896516,0.010947454396951353,0.0,0.0,0.014826274593968364,0.0,0.0,0.375,0.0,0.0,0.5532054517920242,0.0,0.0,0.0,0.0
7139,49,1.2087755102040822,0.8163265306122397,1.1579394245330628,0.66108026249369,0.01263438566552903,0.0,0.0,0.01481969276251434,0.0,0.0,0.5306122448979592,0.0,0.0,0.5531044926804645,0.0,0.0,0.0,0.0
7140,47,1.4831914893617022,0.7234042553191541,1.1587496215561595,0.6612170753860126,0.01415431472081249,0.0,0.0,0.014818818087603798,0.0,0.0,0.7659574468085106,0.0,0.0,0.5532848925219498,0.0,0.0,0.0,0.0
7141,46,1.0791304347826092,0.5652173913043456,1.159513426206338,0.6614173228346456,0.01225981723882459,0.0,0.0,0.014822164582607416,0.0,0.0,0.5489130434782609,0.0,0.0,0.5537300625883304,0.0,0.0,0.0,0.0
7142,49,1.1287755102040822,0.40816326530612373,1.1593042952208092,0.6600120992135509,0.014167520491803217,0.0,0.0,0.014824186492664563,0.0,0.0,0.6173469387755102,0.0,0.0,0.5539675337769712,0.0,0.0,0.0,0.0
7143,33,1.1021212121212125,0.7878787878788049,1.1580074694660325,0.6597355405268996,0.01155336721728147,0.0,0.0,0.014814368118139078,0.0,0.0,0.3939393939393939,0.0,0.0,0.5533965882709195,0.0,0.0,0.0,0.0
7144,46,0.9867391304347829,0.43478260869564544,1.1566528633471351,0.658721341278658,0.01183881064162774,0.0,0.0,0.014800346874446656,0.0,0.0,0.5652173913043478,0.0,0.0,0.5533279466720533,0.0,0.0,0.0,0.0
7145,49,1.191632653061225,0.612244897959186,1.1568871831128154,0.6581153418846576,0.014804766734279514,0.0,0.0,0.014801853084273932,0.0,0.0,0.5918367346938775,0.0,0.0,0.553984446015554,0.0,0.0,0.0,0.0
7146,54,1.0850000000000006,0.48148148148147524,1.1565069598547495,0.6574541053056279,0.015603195739014098,0.0,0.0,0.01479072845460908,0.0,0.0,0.6018518518518519,0.0,0.0,0.5540901755093807,0.0,0.0,0.0,0.0
7147,51,1.1972549019607848,0.7058823529411626,1.1562719386725828,0.6574541053056275,0.015509271018542131,0.0,0.0,0.014809080820751526,0.0,0.0,0.5,0.0,0.0,0.55373713939883,0.0,0.0,0.0,0.0
7148,40,0.9892500000000005,0.4499999999999994,1.1541766784452279,0.6558303886925783,0.013172436750998788,0.0,0.0,0.014785157058312234,0.0,0.0,0.5875,0.0,0.0,0.5529782937910146,0.0,0.0,0.0,0.0
7149,46,1.216739130434783,0.7391304347825994,1.1543361938414924,0.6550227158001,0.012720454545454668,0.0,0.0,0.014775830273800653,0.0,0.0,0.5271739130434783,0.0,0.0,0.5534073700151438,0.0,0.0,0.0,0.0
7150,49,1.1218367346938778,0.6122448979592097,1.155385701320962,0.6556418271654725,0.01416387528987475,0.0,0.0,0.014789827021152138,0.0,0.0,0.5867346938775511,0.0,0.0,0.5537713018049814,0.0,0.0,0.0,0.0
7151,52,1.1228846153846157,0.7115384615385272,1.1573436238902322,0.6556698950766742,0.012452548517809007,0.0,0.0,0.014795999571788019,0.0,0.0,0.5096153846153846,0.0,0.0,0.555614406779661,0.0,0.0,0.0,0.0
7152,43,1.0206976744186051,0.48837209302324935,1.1562929640113204,0.6550748079255957,0.01455238726790525,0.0,0.0,0.01478255980913802,0.0,0.0,0.5348837209302325,0.0,0.0,0.5550192074403558,0.0,0.0,0.0,0.0
7153,62,1.167580645161291,0.5483870967742079,1.1567568385989686,0.6545876652871703,0.013212265011863077,0.0,0.0,0.014802096061295672,0.0,0.0,0.5725806451612904,0.0,0.0,0.5549611385888765,0.0,0.0,0.0,0.0
7154,49,1.0844897959183677,0.6530612244898145,1.1553197938769304,0.6538344953016061,0.012989489122463357,0.0,0.0,0.014766400762456703,0.0,0.0,0.49489795918367346,0.0,0.0,0.5543346468626856,0.0,0.0,0.0,0.0
7155,51,1.1584313725490203,0.7058823529411574,1.1566097067745178,0.6549039433771483,0.014318952981096077,0.0,0.0,0.01479287285537111,0.0,0.0,0.49019607843137253,0.0,0.0,0.5549292214357937,0.0,0.0,0.0,0.0
7156,57,1.2438596491228076,0.7368421052631543,1.1567400525146416,0.6555241365380727,0.016694137037908643,0.0,0.0,0.0147804935330727,0.0,0.0,0.5701754385964912,0.0,0.0,0.5547616643102403,0.0,0.0,0.0,0.0
7157,47,1.0757446808510642,0.6382978723404412,1.156742118027484,0.6556184316895712,0.011921716576278874,0.0,0.0,0.014763790850853295,0.0,0.0,0.48936170212765956,0.0,0.0,0.5543148746968473,0.0,0.0,0.0,0.0
7158,49,1.081224489795919,0.5714285714285827,1.1564695775217286,0.6561552456033958,0.013375410249937058,0.0,0.0,0.014754189468689184,0.0,0.0,0.5867346938775511,0.0,0.0,0.5543258540529614,0.0,0.0,0.0,0.0
7159,45,0.9440000000000004,0.6666666666666734,1.1561255060728726,0.6564777327935221,0.012880533656762082,0.0,0.0,0.014748041022012546,0.0,0.0,0.3611111111111111,0.0,0.0,0.553669028340081,0.0,0.0,0.0,0.0
7160,48,1.4043750000000008,0.916666666666678,1.1568641150263246,0.6563385986229242,0.021359315589353292,0.0,0.0,0.014767141878530106,0.0,0.0,0.59375,0.0,0.0,0.5542476711219118,0.0,0.0,0.0,0.0
7161,41,1.4443902439024394,0.7560975609756053,1.1596492650785586,0.6582868727825648,0.012708154506437766,0.0,0.0,0.014786779722358605,0.0,0.0,0.6951219512195121,0.0,0.0,0.5550430816016219,0.0,0.0,0.0,0.0
7162,45,1.106666666666667,0.6222222222222339,1.1601834211593007,0.6574787190920148,0.012550403225806544,0.0,0.0,0.014802241406283282,0.0,0.0,0.55,0.0,0.0,0.5559637211187677,0.0,0.0,0.0,0.0
7163,55,1.2620000000000007,0.5454545454545546,1.1616153534535125,0.65799068260077,0.016243856775099673,0.0,0.0,0.014824078777139694,0.0,0.0,0.6727272727272727,0.0,0.0,0.5565626898926473,0.0,0.0,0.0,0.0
7164,55,1.110545454545455,0.7272727272727091,1.1618791130910175,0.6582970537612637,0.014224499301350516,0.0,0.0,0.014824515737325806,0.0,0.0,0.45454545454545453,0.0,0.0,0.556317707806014,0.0,0.0,0.0,0.0
7165,52,1.2388461538461544,0.4615384615384637,1.1625118818889653,0.6574982303569622,0.016488354235987625,0.0,0.0,0.014851799553777285,0.0,0.0,0.7307692307692307,0.0,0.0,0.5572605925776115,0.0,0.0,0.0,0.0
7166,50,1.3332000000000008,0.7200000000000004,1.1626101010100989,0.6573737373737374,0.016334231805930573,0.0,0.0,0.014845200200174345,0.0,0.0,0.645,0.0,0.0,0.5574242424242424,0.0,0.0,0.0,0.0
7167,67,1.1655223880597019,0.5223880597014896,1.161078875793289,0.6556865115341994,0.015454185632298239,0.0,0.0,0.014825543704755554,0.0,0.0,0.5970149253731343,0.0,0.0,0.5568147476579027,0.0,0.0,0.0,0.0
7168,46,1.1826086956521744,0.5217391304347712,1.16295878262622,0.6560515972992034,0.01609467455621352,0.0,0.0,0.014866032264588661,0.0,0.0,0.5760869565217391,0.0,0.0,0.5577950216668346,0.0,0.0,0.0,0.0
7169,42,1.1159523809523815,0.6666666666666545,1.162018736778481,0.6562909237433256,0.011898959126681598,0.0,0.0,0.01484533535125783,0.0,0.0,0.5595238095238095,0.0,0.0,0.5570665860783721,0.0,0.0,0.0,0.0
7170,46,0.9504347826086961,0.6521739130434566,1.1593203785743036,0.6548530004027382,0.011749529696318232,0.0,0.0,0.014828742160233851,0.0,0.0,0.43478260869565216,0.0,0.0,0.5559303262182843,0.0,0.0,0.0,0.0
7171,56,1.034285714285715,0.5535714285714103,1.1583512833417196,0.6532460996477097,0.013175614194722627,0.0,0.0,0.0147989424385125,0.0,0.0,0.5535714285714286,0.0,0.0,0.5562657272269753,0.0,0.0,0.0,0.0
7172,56,1.272321428571429,0.5714285714285542,1.1598562669615018,0.6529299427078094,0.014056026829749275,0.0,0.0,0.014815217572722146,0.0,0.0,0.6160714285714286,0.0,0.0,0.5569403960197005,0.0,0.0,0.0,0.0
7173,51,1.080196078431373,0.8235294117647197,1.1622697103781157,0.6549678197908284,0.014444153120083644,0.0,0.0,0.014850176221698819,0.0,0.0,0.35294117647058826,0.0,0.0,0.557270716009654,0.0,0.0,0.0,0.0
7174,35,0.8962857142857146,0.6285714285714192,1.1605972404068874,0.6551515761909557,0.008135373443983168,0.0,0.0,0.014810377933204269,0.0,0.0,0.37142857142857144,0.0,0.0,0.5560982979151979,0.0,0.0,0.0,0.0
7175,38,1.1771052631578953,0.631578947368415,1.1608382931504073,0.6554019973771812,0.015761099365750708,0.0,0.0,0.014810883513202158,0.0,0.0,0.5789473684210527,0.0,0.0,0.5559870876626651,0.0,0.0,0.0,0.0
7176,47,1.1857446808510643,0.5957446808510618,1.1604813805631229,0.6566757493188007,0.016715656868624865,0.0,0.0,0.014806625067921984,0.0,0.0,0.7021276595744681,0.0,0.0,0.5557069330911293,0.0,0.0,0.0,0.0
7177,40,1.3482500000000008,0.8749999999999719,1.1622209889000994,0.6583249243188692,0.024065149486836933,0.0,0.0,0.014871717729939657,0.0,0.0,0.5375,0.0,0.0,0.5558526740665994,0.0,0.0,0.0,0.0
7178,45,1.527555555555556,0.9777777777777567,1.1641020202020187,0.66060606060606,0.018453691275166884,0.0,0.0,0.014904909280673112,0.0,0.0,0.6444444444444445,0.0,0.0,0.5563131313131313,0.0,0.0,0.0,0.0
7179,49,1.1751020408163273,0.5714285714285896,1.1643581456418528,0.6609433390566604,0.019505420054200084,0.0,0.0,0.014926624819378165,0.0,0.0,0.6224489795918368,0.0,0.0,0.5564084435915564,0.0,0.0,0.0,0.0
7180,57,1.1487719298245618,0.701754385964936,1.1644341241797056,0.6615850580514888,0.011090785907859236,0.0,0.0,0.01490127375779865,0.0,0.0,0.5131578947368421,0.0,0.0,0.5562594649167087,0.0,0.0,0.0,0.0
7181,49,1.4402040816326536,0.8163265306122719,1.1652470256100005,0.6619278080258115,0.016009528130671278,0.0,0.0,0.01491419471566431,0.0,0.0,0.6428571428571429,0.0,0.0,0.5564882032667876,0.0,0.0,0.0,0.0
7182,47,1.0119148936170217,0.5744680851064009,1.1649617012699036,0.661358597057045,0.012077196546470121,0.0,0.0,0.01490897576126546,0.0,0.0,0.48936170212765956,0.0,0.0,0.5567677887522677,0.0,0.0,0.0,0.0
7183,45,1.1695555555555557,0.6444444444444192,1.165177490923758,0.6612545381202096,0.011685168738898586,0.0,0.0,0.014919153859463784,0.0,0.0,0.6166666666666667,0.0,0.0,0.5570542557482856,0.0,0.0,0.0,0.0
7184,51,1.063725490196079,0.6666666666666912,1.1634624306606136,0.6601109430156328,0.012371721778790814,0.0,0.0,0.014876673922911822,0.0,0.0,0.46078431372549017,0.0,0.0,0.5565052950075643,0.0,0.0,0.0,0.0
7185,56,0.7866071428571432,0.3928571428571431,1.1614755421079155,0.659102370146243,0.0067550989112101206,0.0,0.0,0.014797321172732166,0.0,0.0,0.44642857142857145,0.0,0.0,0.5559505799293999,0.0,0.0,0.0,0.0
7186,53,1.0296226415094343,0.5849056603773375,1.16076512096774,0.6597782258064515,0.016446654611213144,0.0,0.0,0.014818977388260412,0.0,0.0,0.49056603773584906,0.0,0.0,0.5550403225806452,0.0,0.0,0.0,0.0
7187,37,1.100270270270271,0.4324324324324426,1.1613242424242407,0.6604040404040403,0.014718004338394356,0.0,0.0,0.014845880394767239,0.0,0.0,0.581081081081081,0.0,0.0,0.554949494949495,0.0,0.0,0.0,0.0
7188,47,1.341702127659575,0.7234042553191287,1.162065239345585,0.6612805493839625,0.017371900826446407,0.0,0.0,0.014859351816100375,0.0,0.0,0.6382978723404256,0.0,0.0,0.5551908705312059,0.0,0.0,0.0,0.0
7189,53,0.9477358490566044,0.5849056603773651,1.1621729042671223,0.6618581660445877,0.010267784137366884,0.0,0.0,0.014858088387971258,0.0,0.0,0.4339622641509434,0.0,0.0,0.5551296277615253,0.0,0.0,0.0,0.0
7190,56,1.1533928571428578,0.6964285714285794,1.1612847922549399,0.6610528438886645,0.01622049221496726,0.0,0.0,0.014851188902459296,0.0,0.0,0.5178571428571429,0.0,0.0,0.5550625252117789,0.0,0.0,0.0,0.0
7191,54,1.143518518518519,0.7407407407408184,1.1617427678661407,0.6629372039108963,0.014088523842118153,0.0,0.0,0.014848891259424152,0.0,0.0,0.5370370370370371,0.0,0.0,0.5544803951214595,0.0,0.0,0.0,0.0
7192,53,1.1992452830188685,0.9056603773584366,1.1608390410958884,0.6633763094278804,0.014969382948656868,0.0,0.0,0.014838881213602276,0.0,0.0,0.46226415094339623,0.0,0.0,0.5536361804995971,0.0,0.0,0.0,0.0
7193,45,1.2386666666666672,0.6666666666667023,1.1620137000100719,0.6652563715120376,0.017310559006211267,0.0,0.0,0.014864266541931289,0.0,0.0,0.6444444444444445,0.0,0.0,0.553591215875894,0.0,0.0,0.0,0.0
7194,46,0.9760869565217396,0.5217391304347789,1.159995969773298,0.6630730478589418,0.0138923267326736,0.0,0.0,0.01483447258389757,0.0,0.0,0.391304347826087,0.0,0.0,0.5530982367758186,0.0,0.0,0.0,0.0
7195,40,1.3537500000000005,0.9499999999999839,1.1608182827161724,0.6640096862072439,0.019777209642073995,0.0,0.0,0.014851681595970296,0.0,0.0,0.53125,0.0,0.0,0.5531480173544546,0.0,0.0,0.0,0.0
7196,59,1.094576271186441,0.7457627118644705,1.160904142727546,0.6649531297248261,0.011638132996937419,0.0,0.0,0.014868879527700348,0.0,0.0,0.4915254237288136,0.0,0.0,0.5528676544703155,0.0,0.0,0.0,0.0
7197,45,1.1793333333333338,0.4888888888888825,1.1624480742085082,0.6649526114135914,0.02163473298002455,0.0,0.0,0.014905338387468771,0.0,0.0,0.6555555555555556,0.0,0.0,0.553942327082073,0.0,0.0,0.0,0.0
7198,64,1.2204687500000007,0.8593749999999873,1.162495471925939,0.6671362447172469,0.01819049836981977,0.0,0.0,0.01492207580849739,0.0,0.0,0.46875,0.0,0.0,0.5527269068222983,0.0,0.0,0.0,0.0
7199,49,1.1038775510204089,0.5714285714285715,1.1637642088321078,0.6677396640177043,0.01538833570412451,0.0,0.0,0.014939880083009519,0.0,0.0,0.5714285714285714,0.0,0.0,0.5534905945075949,0.0,0.0,0.0,0.0
7200,51,1.3413725490196082,0.5882352941176623,1.1659788626069436,0.6684448917966785,0.01715396188565647,0.0,0.0,0.014981060287645662,0.0,0.0,0.696078431372549,0.0,0.0,0.5542778057372924,0.0,0.0,0.0,0.0
7201,37,1.3172972972972978,0.37837837837836785,1.1681809936511123,0.6688501461251638,0.023143399810066086,0.0,0.0,0.015027723580924716,0.0,0.0,0.8648648648648649,0.0,0.0,0.5559558601229467,0.0,0.0,0.0,0.0
7202,55,1.1365454545454552,0.618181818181789,1.167151917849591,0.6683781334944128,0.014226217569413835,0.0,0.0,0.015036692511822273,0.0,0.0,0.5318181818181819,0.0,0.0,0.5551192993053459,0.0,0.0,0.0,0.0
7203,49,1.0881632653061228,0.6122448979591754,1.1672449904339932,0.6684120430973722,0.018360881542699988,0.0,0.0,0.015071555338859092,0.0,0.0,0.5663265306122449,0.0,0.0,0.5552562682509314,0.0,0.0,0.0,0.0
7204,51,1.1764705882352948,0.7843137254902142,1.165994761760853,0.6696887277123004,0.015991471215352493,0.0,0.0,0.015073002586213637,0.0,0.0,0.5049019607843137,0.0,0.0,0.5536415835599879,0.0,0.0,0.0,0.0
7205,44,1.35409090909091,0.8181818181818262,1.1672969159443647,0.6704293489215889,0.031193717277487418,0.0,0.0,0.015102039219674778,0.0,0.0,0.5681818181818182,0.0,0.0,0.5541473493247329,0.0,0.0,0.0,0.0
7206,53,1.0769811320754723,0.4150943396226538,1.1669034919995964,0.6687128912146528,0.01596643356643422,0.0,0.0,0.015082426087069634,0.0,0.0,0.6415094339622641,0.0,0.0,0.5549461608131226,0.0,0.0,0.0,0.0
7207,62,1.2140322580645166,0.7741935483870779,1.1664384800965009,0.6685765983112187,0.018076368876080266,0.0,0.0,0.015112998470952002,0.0,0.0,0.5967741935483871,0.0,0.0,0.5549356654603941,0.0,0.0,0.0,0.0
7208,50,1.2982000000000007,0.8600000000000054,1.1669590114526813,0.6694796061884674,0.016755291688177954,0.0,0.0,0.015127128245598963,0.0,0.0,0.56,0.0,0.0,0.5548523206751055,0.0,0.0,0.0,0.0
7209,49,1.1955102040816334,0.4489795918367295,1.1679288156042622,0.6690126684094112,0.01406820365033576,0.0,0.0,0.015116212794143099,0.0,0.0,0.6428571428571429,0.0,0.0,0.5554494269052885,0.0,0.0,0.0,0.0
7210,53,1.485660377358491,0.6792452830188633,1.171060880048221,0.669077757685353,0.01861025762231188,0.0,0.0,0.015159985173913896,0.0,0.0,0.8018867924528302,0.0,0.0,0.557715491259795,0.0,0.0,0.0,0.0
7211,49,1.2155102040816332,0.6530612244897797,1.1721812518838532,0.6693459258515025,0.012421272158498375,0.0,0.0,0.015140081885839983,0.0,0.0,0.5510204081632653,0.0,0.0,0.5582738872701698,0.0,0.0,0.0,0.0
7212,53,1.1400000000000008,0.6037735849056626,1.171990154711673,0.669077757685353,0.01930351437699679,0.0,0.0,0.015167182380779038,0.0,0.0,0.49056603773584906,0.0,0.0,0.5579917621056861,0.0,0.0,0.0,0.0
7213,40,1.0847500000000005,0.7000000000000096,1.1708380281690132,0.669114688128773,0.015463292943691772,0.0,0.0,0.015144625786957395,0.0,0.0,0.475,0.0,0.0,0.5570171026156941,0.0,0.0,0.0,0.0
7214,52,1.2288461538461546,0.7692307692307707,1.17091338899507,0.6690473795392821,0.016550116550116862,0.0,0.0,0.015145035208152267,0.0,0.0,0.5192307692307693,0.0,0.0,0.5566844381852932,0.0,0.0,0.0,0.0
7215,45,0.9386666666666672,0.44444444444443987,1.1687001209189836,0.6665659008464332,0.012419876506910685,0.0,0.0,0.015110020818622645,0.0,0.0,0.45555555555555555,0.0,0.0,0.5562273276904474,0.0,0.0,0.0,0.0
7216,52,1.1219230769230777,0.5000000000000011,1.1694579891194836,0.6672375579286725,0.018904731043422232,0.0,0.0,0.015130277917534546,0.0,0.0,0.5913461538461539,0.0,0.0,0.5562159983880718,0.0,0.0,0.0,0.0
7217,45,1.2608888888888896,0.8444444444444366,1.169611122305057,0.6684465041305668,0.015898010647240193,0.0,0.0,0.015132338028315885,0.0,0.0,0.5555555555555556,0.0,0.0,0.5559137618375982,0.0,0.0,0.0,0.0
7218,45,1.0811111111111116,0.44444444444442194,1.1689648575168656,0.6670023159802645,0.01521263289555961,0.0,0.0,0.015130234297920818,0.0,0.0,0.6166666666666667,0.0,0.0,0.5567666901621187,0.0,0.0,0.0,0.0
7219,44,1.2818181818181822,0.8181818181818387,1.1693680072573323,0.6682794073178115,0.01567101972770238,0.0,0.0,0.01513318975806568,0.0,0.0,0.5113636363636364,0.0,0.0,0.5562191311359742,0.0,0.0,0.0,0.0
7220,54,1.1637037037037044,0.814814814814793,1.1721893610578373,0.6696275360855969,0.016368846053659746,0.0,0.0,0.015172758000305738,0.0,0.0,0.38425925925925924,0.0,0.0,0.557232260018169,0.0,0.0,0.0,0.0
7221,62,0.9101612903225811,0.6451612903225998,1.1703722760290554,0.6693906376109775,0.013613992762364899,0.0,0.0,0.015159081940135858,0.0,0.0,0.4032258064516129,0.0,0.0,0.556043179983858,0.0,0.0,0.0,0.0
7222,48,1.1962500000000007,0.624999999999977,1.17156120698355,0.6693914623069945,0.017618901503528118,0.0,0.0,0.01518484994349337,0.0,0.0,0.59375,0.0,0.0,0.5569431829649814,0.0,0.0,0.0,0.0
7223,46,1.0428260869565222,0.695652173913047,1.170542940760924,0.6693914623069945,0.014732800982800852,0.0,0.0,0.015173835233293478,0.0,0.0,0.46195652173913043,0.0,0.0,0.5559592289837522,0.0,0.0,0.0,0.0
7224,60,1.2460000000000007,0.7666666666666477,1.1716309056109597,0.6714012289714927,0.014824509220702107,0.0,0.0,0.015168102953604108,0.0,0.0,0.5333333333333333,0.0,0.0,0.5556059232396494,0.0,0.0,0.0,0.0
7225,65,1.5095384615384622,0.9230769230769147,1.1726268716711885,0.6723947341975688,0.02268670520231202,0.0,0.0,0.01517611683290133,0.0,0.0,0.6307692307692307,0.0,0.0,0.5556727967038488,0.0,0.0,0.0,0.0
7226,57,1.215087719298246,0.5964912280701354,1.1731316476018459,0.6723861127834643,0.018678532901832634,0.0,0.0,0.015188685618372805,0.0,0.0,0.6491228070175439,0.0,0.0,0.556165964278547,0.0,0.0,0.0,0.0
7227,49,1.1204081632653065,0.7551020408162961,1.1727817360762667,0.6733567486201708,0.017976424361492212,0.0,0.0,0.015183992765796548,0.0,0.0,0.4489795918367347,0.0,0.0,0.5547666833918715,0.0,0.0,0.0,0.0
7228,56,1.1773214285714293,0.678571428571397,1.1706739544679567,0.6718483602447096,0.020943456162642815,0.0,0.0,0.015179555801768814,0.0,0.0,0.5714285714285714,0.0,0.0,0.5542322735934209,0.0,0.0,0.0,0.0
7229,46,1.3421739130434789,0.7826086956521854,1.1705081341634862,0.6713195420767222,0.020844024307900336,0.0,0.0,0.015165861484354554,0.0,0.0,0.6847826086956522,0.0,0.0,0.5551566579634465,0.0,0.0,0.0,0.0
7230,34,1.1361764705882358,0.4999999999999981,1.16998490945674,0.6693158953722336,0.021738885762522257,0.0,0.0,0.015184570549664047,0.0,0.0,0.6544117647058824,0.0,0.0,0.5558350100603622,0.0,0.0,0.0,0.0
7231,43,1.0397674418604657,0.5116279069767427,1.168659617321248,0.6675730110775429,0.012810888252149173,0.0,0.0,0.01517509539364426,0.0,0.0,0.5232558139534884,0.0,0.0,0.5555387713997986,0.0,0.0,0.0,0.0
7232,59,1.046610169491526,0.508474576271169,1.1682403778514716,0.6665661742538438,0.014667458432304164,0.0,0.0,0.01518168141500465,0.0,0.0,0.5847457627118644,0.0,0.0,0.5558737815294945,0.0,0.0,0.0,0.0
7233,42,1.1878571428571434,0.571428571428587,1.1687863540303909,0.6654926034014292,0.015191839220462976,0.0,0.0,0.015198987103233032,0.0,0.0,0.6785714285714286,0.0,0.0,0.5570343161920097,0.0,0.0,0.0,0.0
7234,65,1.247538461538462,0.6461538461538683,1.170194047858435,0.6662980092499504,0.015767062026054237,0.0,0.0,0.015203817038203043,0.0,0.0,0.6692307692307692,0.0,0.0,0.5579378644681279,0.0,0.0,0.0,0.0
7235,37,1.3032432432432437,0.8108108108108436,1.170832997987927,0.6664989939637833,0.016581843191196956,0.0,0.0,0.015216657405288794,0.0,0.0,0.527027027027027,0.0,0.0,0.5583752515090543,0.0,0.0,0.0,0.0
7236,48,1.1175000000000004,0.4166666666666628,1.170404507949285,0.6660293821694512,0.017909849749582884,0.0,0.0,0.015221063375950384,0.0,0.0,0.671875,0.0,0.0,0.5585630911652244,0.0,0.0,0.0,0.0
7237,46,1.1139130434782614,0.7391304347826215,1.1704556885625184,0.6670355095060866,0.015382767937557261,0.0,0.0,0.015231566146140841,0.0,0.0,0.45652173913043476,0.0,0.0,0.5579921537068705,0.0,0.0,0.0,0.0
7238,46,1.2989130434782614,0.4347826086956422,1.1710943472138398,0.664755582377792,0.022892720306513615,0.0,0.0,0.015249934510399766,0.0,0.0,0.7934782608695652,0.0,0.0,0.5598974049487024,0.0,0.0,0.0,0.0
7239,55,1.3365454545454551,0.8363636363636044,1.1716909767629007,0.6676390705160452,0.021633313713949533,0.0,0.0,0.01527812136419623,0.0,0.0,0.55,0.0,0.0,0.558771753344734,0.0,0.0,0.0,0.0
7240,44,1.4370454545454552,0.9090909090909005,1.1731031010873938,0.6690495368505844,0.022926033357505805,0.0,0.0,0.015325160798137526,0.0,0.0,0.6590909090909091,0.0,0.0,0.5592780910189287,0.0,0.0,0.0,0.0
7241,45,1.288444444444445,0.5333333333333452,1.1744293204275051,0.6691873361564838,0.017078055964654525,0.0,0.0,0.015344554575442391,0.0,0.0,0.6944444444444444,0.0,0.0,0.5601431740270216,0.0,0.0,0.0,0.0
7242,54,1.205185185185186,0.5925925925925877,1.1738360028205899,0.6693865216077372,0.015462105013067577,0.0,0.0,0.015321352545720167,0.0,0.0,0.6111111111111112,0.0,0.0,0.5595849702830664,0.0,0.0,0.0,0.0
7243,44,1.3425000000000007,0.6818181818181621,1.1739790153349472,0.6684826472962071,0.018746429704855926,0.0,0.0,0.015320531641069888,0.0,0.0,0.6477272727272727,0.0,0.0,0.5599273607748184,0.0,0.0,0.0,0.0
7244,55,1.119454545454546,0.836363636363641,1.1747152665589657,0.6691235864297257,0.016405542232880207,0.0,0.0,0.01535849171178095,0.0,0.0,0.45454545454545453,0.0,0.0,0.5606573101777059,0.0,0.0,0.0,0.0
7245,45,1.3020000000000007,0.888888888888864,1.1746187253812743,0.6701343298656702,0.026391891891891374,0.0,0.0,0.015385867106241477,0.0,0.0,0.5666666666666667,0.0,0.0,0.5601706898293102,0.0,0.0,0.0,0.0
7246,43,0.9355813953488377,0.8372093023255568,1.174101890225412,0.6718892145961792,0.013015205435133691,0.0,0.0,0.015375885754981625,0.0,0.0,0.29069767441860467,0.0,0.0,0.5590063681390882,0.0,0.0,0.0,0.0
7247,38,1.0500000000000005,0.4210526315789386,1.1734847718304158,0.6718607710209451,0.017080479452054945,0.0,0.0,0.015368178764375948,0.0,0.0,0.5394736842105263,0.0,0.0,0.5582060103207528,0.0,0.0,0.0,0.0
7248,56,1.0566071428571433,0.571428571428553,1.1723980572700596,0.6711524840635436,0.014337291010419069,0.0,0.0,0.015360928750212133,0.0,0.0,0.46875,0.0,0.0,0.5576747951027016,0.0,0.0,0.0,0.0
7249,52,1.1873076923076928,0.7692307692307369,1.173771619298068,0.672499241428138,0.016561158798283234,0.0,0.0,0.015376139787425186,0.0,0.0,0.5288461538461539,0.0,0.0,0.557980175988672,0.0,0.0,0.0,0.0
7250,48,1.1437500000000005,0.4791666666666566,1.1728223524656427,0.6707760711398543,0.01568123393316191,0.0,0.0,0.015370623221245605,0.0,0.0,0.625,0.0,0.0,0.5583821746160065,0.0,0.0,0.0,0.0
7251,53,1.0109433962264156,0.716981132075471,1.1706616754350465,0.6701740186159443,0.014426494345718903,0.0,0.0,0.015335298374335025,0.0,0.0,0.42452830188679247,0.0,0.0,0.5571630918656414,0.0,0.0,0.0,0.0
7252,43,1.4839534883720935,1.0232558139534638,1.1713979147687013,0.6713230084016595,0.017858942065491178,0.0,0.0,0.015349080891374232,0.0,0.0,0.563953488372093,0.0,0.0,0.556863042818099,0.0,0.0,0.0,0.0
7253,50,1.2712000000000006,0.6000000000000086,1.1714136708860758,0.6709873417721514,0.01706766917293261,0.0,0.0,0.015329855934438329,0.0,0.0,0.67,0.0,0.0,0.5568860759493671,0.0,0.0,0.0,0.0
7254,57,1.2268421052631586,0.5964912280701691,1.1727537698613502,0.6698714704989368,0.02177148194271486,0.0,0.0,0.015357410281318892,0.0,0.0,0.6754385964912281,0.0,0.0,0.5585467057990082,0.0,0.0,0.0,0.0
7255,36,1.1913888888888893,0.9166666666666445,1.1719152817186866,0.6702472638832585,0.014382964453387718,0.0,0.0,0.015340633684643425,0.0,0.0,0.4027777777777778,0.0,0.0,0.55761045804621,0.0,0.0,0.0,0.0
7256,42,0.9700000000000005,0.5714285714285836,1.1706189751395228,0.6699137493658035,0.013163166397415655,0.0,0.0,0.015329934196538702,0.0,0.0,0.40476190476190477,0.0,0.0,0.5562151192288178,0.0,0.0,0.0,0.0
7257,46,1.1952173913043485,0.6521739130434893,1.1711931818181816,0.6696428571428567,0.021146153846154273,0.0,0.0,0.015359113522690863,0.0,0.0,0.5597826086956522,0.0,0.0,0.5565645292207793,0.0,0.0,0.0,0.0
7258,57,1.1449122807017549,0.5614035087719068,1.1708159546466894,0.6687588580684345,0.019267788603484645,0.0,0.0,0.01538281056722631,0.0,0.0,0.5964912280701754,0.0,0.0,0.5566916379833975,0.0,0.0,0.0,0.0
7259,45,1.194444444444445,1.0222222222222648,1.1705890688259109,0.6694331983805665,0.018611495844875998,0.0,0.0,0.015391582780152605,0.0,0.0,0.3888888888888889,0.0,0.0,0.5560475708502024,0.0,0.0,0.0,0.0
7260,45,1.2306666666666668,0.6222222222222358,1.1705033421105933,0.6686246708527444,0.013851925962982051,0.0,0.0,0.015383750197994676,0.0,0.0,0.5777777777777777,0.0,0.0,0.5563348187158194,0.0,0.0,0.0,0.0
7261,40,0.9807500000000005,0.30000000000001437,1.1708434712084343,0.6668694241686941,0.01789689781021934,0.0,0.0,0.015378879274759094,0.0,0.0,0.65,0.0,0.0,0.5577605433901054,0.0,0.0,0.0,0.0
7262,57,1.1563157894736846,0.7017543859649275,1.1713931104356634,0.6677811550151975,0.015410334346504795,0.0,0.0,0.015418678743797118,0.0,0.0,0.5614035087719298,0.0,0.0,0.5577507598784195,0.0,0.0,0.0,0.0
7263,39,1.3861538461538467,0.6666666666666863,1.1715108132805356,0.6667681998172406,0.019579862368707072,0.0,0.0,0.015405683629789701,0.0,0.0,0.6538461538461539,0.0,0.0,0.5580515788404914,0.0,0.0,0.0,0.0
7264,53,1.2218867924528312,0.6415094339622764,1.171610874416717,0.6673767498478397,0.018652073732719553,0.0,0.0,0.015412250279228271,0.0,0.0,0.6226415094339622,0.0,0.0,0.5579985798336377,0.0,0.0,0.0,0.0
7265,48,1.082083333333334,0.45833333333333964,1.1713451004260496,0.6659565834854945,0.02149834437086098,0.0,0.0,0.01542250163278885,0.0,0.0,0.5104166666666666,0.0,0.0,0.5580493000608643,0.0,0.0,0.0,0.0
7266,48,1.3902083333333337,0.625000000000009,1.1712187943982135,0.6650091333468647,0.023815132048536615,0.0,0.0,0.015431131303515415,0.0,0.0,0.7083333333333334,0.0,0.0,0.5583011974832556,0.0,0.0,0.0,0.0
7267,55,1.0196363636363641,0.4545454545454478,1.1696377473363773,0.6634195839675298,0.02226280269948443,0.0,0.0,0.015431341469292068,0.0,0.0,0.5636363636363636,0.0,0.0,0.5581684424150177,0.0,0.0,0.0,0.0
7268,40,1.0865000000000005,0.8999999999999979,1.1698812182741114,0.6635532994923864,0.013509480882809842,0.0,0.0,0.015418796396897912,0.0,0.0,0.43125,0.0,0.0,0.5586802030456853,0.0,0.0,0.0,0.0
7269,57,1.361754385964913,0.9824561403508878,1.1713496808187251,0.6665315634816097,0.02449353108236046,0.0,0.0,0.01544998556581991,0.0,0.0,0.4824561403508772,0.0,0.0,0.5579086026953085,0.0,0.0,0.0,0.0
7270,55,1.434727272727273,0.8727272727272497,1.1725585165670276,0.6685581112574734,0.016623130398146807,0.0,0.0,0.015435851467689022,0.0,0.0,0.6090909090909091,0.0,0.0,0.5571233154321613,0.0,0.0,0.0,0.0
7271,53,1.2467924528301892,0.7924528301886793,1.1731259484066765,0.6689934243803749,0.01889619674006296,0.0,0.0,0.015452693212799979,0.0,0.0,0.5188679245283019,0.0,0.0,0.5570308548305514,0.0,0.0,0.0,0.0
7272,55,1.1865454545454552,0.6181818181818243,1.1739618066080628,0.6689906032130956,0.02510000000000017,0.0,0.0,0.015475237515533634,0.0,0.0,0.6363636363636364,0.0,0.0,0.5580731534808527,0.0,0.0,0.0,0.0
7273,39,1.215384615384616,0.5641025641025607,1.1742894710225547,0.6686558106604641,0.016898395721925124,0.0,0.0,0.015498596339938095,0.0,0.0,0.6153846153846154,0.0,0.0,0.5582836047334884,0.0,0.0,0.0,0.0
7274,39,1.0851282051282056,0.5128205128205149,1.1746039303079412,0.6684562398703411,0.02207616066770992,0.0,0.0,0.015511196959745583,0.0,0.0,0.5448717948717948,0.0,0.0,0.5584228119935171,0.0,0.0,0.0,0.0
7275,60,1.379166666666667,0.7000000000000155,1.1749651056943458,0.6674420956811983,0.020055744062044547,0.0,0.0,0.015529861570648493,0.0,0.0,0.6666666666666666,0.0,0.0,0.5592444624254072,0.0,0.0,0.0,0.0
7276,43,1.1839534883720937,0.6511627906976645,1.1743182739059963,0.6676458670988661,0.020282868525896378,0.0,0.0,0.01553677041158904,0.0,0.0,0.5697674418604651,0.0,0.0,0.5587267017828201,0.0,0.0,0.0,0.0
7277,61,1.0632786885245908,0.6885245901639403,1.1740364372469632,0.6677125506072882,0.02404002965159427,0.0,0.0,0.015557889343575236,0.0,0.0,0.47950819672131145,0.0,0.0,0.5580971659919028,0.0,0.0,0.0,0.0
7278,55,1.1349090909090915,0.6545454545454752,1.1742822482814392,0.6683178325919944,0.018852310480217408,0.0,0.0,0.01556228396881119,0.0,0.0,0.5909090909090909,0.0,0.0,0.5579761423372422,0.0,0.0,0.0,0.0
7279,67,1.219552238805971,0.7164179104477622,1.174748941318814,0.6687840290381134,0.023863901869159095,0.0,0.0,0.015595306614696477,0.0,0.0,0.6082089552238806,0.0,0.0,0.5586055656382335,0.0,0.0,0.0,0.0
7280,38,1.3655263157894744,0.6315789473684215,1.1752073453738265,0.6682474018767034,0.02118824009799891,0.0,0.0,0.015593261182720334,0.0,0.0,0.7631578947368421,0.0,0.0,0.559302794874382,0.0,0.0,0.0,0.0
7281,51,1.1715686274509811,0.8235294117647203,1.175609928362425,0.6686509938452233,0.01737423669671406,0.0,0.0,0.015569733584021257,0.0,0.0,0.47058823529411764,0.0,0.0,0.5592523458783171,0.0,0.0,0.0,0.0
7282,38,1.4750000000000003,0.7894736842104912,1.17733791847881,0.6696672398098521,0.02163257429563869,0.0,0.0,0.01558113666693891,0.0,0.0,0.7105263157894737,0.0,0.0,0.5598260341863053,0.0,0.0,0.0,0.0
7283,45,1.3128888888888894,0.8444444444444505,1.1769509357612538,0.6693980778958024,0.02211905653313393,0.0,0.0,0.015563822970302928,0.0,0.0,0.4888888888888889,0.0,0.0,0.5593323216995447,0.0,0.0,0.0,0.0
7284,53,1.1901886792452834,0.9433962264151308,1.1761350313321197,0.670406306852639,0.014769374853664592,0.0,0.0,0.015553066592532472,0.0,0.0,0.41509433962264153,0.0,0.0,0.5579644228825551,0.0,0.0,0.0,0.0
7285,47,1.2497872340425538,0.6382978723404266,1.1752370842179753,0.6700030330603588,0.020675818373812462,0.0,0.0,0.015564730582699844,0.0,0.0,0.6914893617021277,0.0,0.0,0.5574006672732787,0.0,0.0,0.0,0.0
7286,41,1.0682926829268296,0.5365853658536455,1.173667375240408,0.6685899382528608,0.012439647827321317,0.0,0.0,0.015527765315620027,0.0,0.0,0.5548780487804879,0.0,0.0,0.5568883490231805,0.0,0.0,0.0,0.0
7287,55,1.3634545454545461,0.9090909090908754,1.1747808926222034,0.6706811051513015,0.017846263683960015,0.0,0.0,0.015544332376320427,0.0,0.0,0.5590909090909091,0.0,0.0,0.5563708126707823,0.0,0.0,0.0,0.0
7288,47,1.1855319148936172,0.7234042553191141,1.175388201905533,0.6703831339955412,0.016043766196371753,0.0,0.0,0.015532294487796715,0.0,0.0,0.5425531914893617,0.0,0.0,0.5569886478816136,0.0,0.0,0.0,0.0
7289,68,1.3792647058823537,0.5882352941176443,1.1773479097074593,0.6703107601984014,0.02552108843537493,0.0,0.0,0.015598288764316248,0.0,0.0,0.7132352941176471,0.0,0.0,0.5585079461483956,0.0,0.0,0.0,0.0
7290,54,1.0909259259259265,0.555555555555565,1.1765275526742291,0.6690640194489474,0.015848802797955513,0.0,0.0,0.015578527195103865,0.0,0.0,0.5648148148148148,0.0,0.0,0.5581948946515397,0.0,0.0,0.0,0.0
7291,50,1.1402000000000008,0.7200000000000071,1.1775668286755765,0.6704131227217506,0.018301765650080796,0.0,0.0,0.015603984972494371,0.0,0.0,0.405,0.0,0.0,0.5575384771162414,0.0,0.0,0.0,0.0
7292,53,1.0894339622641516,0.6415094339622746,1.1772566282129115,0.6705120420967424,0.013783719264740748,0.0,0.0,0.015590671582285085,0.0,0.0,0.4528301886792453,0.0,0.0,0.5569975713418336,0.0,0.0,0.0,0.0
7293,47,1.2159574468085113,0.6382978723404436,1.178592832557197,0.6705810892893307,0.0220316114109479,0.0,0.0,0.015616783077952927,0.0,0.0,0.6329787234042553,0.0,0.0,0.5579317675642843,0.0,0.0,0.0,0.0
7294,45,0.9017777777777783,0.37777777777778015,1.1763473236009727,0.6678832116788328,0.015085501858736038,0.0,0.0,0.01561025123600047,0.0,0.0,0.4666666666666667,0.0,0.0,0.5571015815085159,0.0,0.0,0.0,0.0
7295,40,1.1932500000000006,0.7500000000000003,1.1765702395452695,0.66869671132765,0.01605449041372345,0.0,0.0,0.015608914324187916,0.0,0.0,0.4875,0.0,0.0,0.5564352415753147,0.0,0.0,0.0,0.0
7296,53,1.1618867924528307,0.6415094339622324,1.1765393190109437,0.6684231860559389,0.01800584795321613,0.0,0.0,0.015624847756485809,0.0,0.0,0.5849056603773585,0.0,0.0,0.5565464126469396,0.0,0.0,0.0,0.0
7297,45,1.1757777777777783,0.8444444444444803,1.175598702220419,0.6694717631552274,0.01720650406504072,0.0,0.0,0.015617686952047618,0.0,0.0,0.45555555555555555,0.0,0.0,0.5553077157051607,0.0,0.0,0.0,0.0
7298,44,1.1568181818181822,0.500000000000002,1.1760243407707904,0.6689655172413802,0.01697232410803571,0.0,0.0,0.01562260856443814,0.0,0.0,0.6136363636363636,0.0,0.0,0.5554766734279919,0.0,0.0,0.0,0.0
7299,55,1.161818181818182,0.7999999999999858,1.1755276229092744,0.6689305625950336,0.011601307189542116,0.0,0.0,0.015572839940537243,0.0,0.0,0.4636363636363636,0.0,0.0,0.5551951343132285,0.0,0.0,0.0,0.0
7300,35,1.2011428571428575,0.6857142857142984,1.1773967319598089,0.6703542068405569,0.016269349845200832,0.0,0.0,0.015595570659991623,0.0,0.0,0.5714285714285714,0.0,0.0,0.5557190703339084,0.0,0.0,0.0,0.0
7301,50,1.0562000000000005,0.6199999999999833,1.1770630009130563,0.6704879780866396,0.013799320616671216,0.0,0.0,0.015596808667948285,0.0,0.0,0.495,0.0,0.0,0.5553160190727402,0.0,0.0,0.0,0.0
7302,41,1.2741463414634153,0.7804878048780397,1.177818846466287,0.6707961007311137,0.022488161859664464,0.0,0.0,0.015628668287135664,0.0,0.0,0.524390243902439,0.0,0.0,0.5553665718927701,0.0,0.0,0.0,0.0
7303,40,1.3202500000000004,0.7499999999999901,1.17702062798496,0.6692409307997165,0.016513445903690287,0.0,0.0,0.015610761302008716,0.0,0.0,0.60625,0.0,0.0,0.5555837821359618,0.0,0.0,0.0,0.0
7304,47,1.2036170212765962,0.7659574468084847,1.176836060575261,0.6689704238235601,0.015519890260630416,0.0,0.0,0.015595850944326433,0.0,0.0,0.5319148936170213,0.0,0.0,0.5554934444557373,0.0,0.0,0.0,0.0
7305,52,0.8350000000000004,0.6153846153845905,1.1756881479975598,0.6698515958528164,0.012317730496453537,0.0,0.0,0.015599877536101963,0.0,0.0,0.2692307692307692,0.0,0.0,0.5539235616995324,0.0,0.0,0.0,0.0
7306,57,1.0685964912280705,0.5263157894736845,1.1753432866138527,0.6690026406662613,0.012623834196891006,0.0,0.0,0.015587779699462885,0.0,0.0,0.5614035087719298,0.0,0.0,0.5540320942514727,0.0,0.0,0.0,0.0
7307,55,1.0980000000000003,0.6545454545454387,1.1735963041933184,0.6665651335160939,0.012884574354597632,0.0,0.0,0.015576591618725794,0.0,0.0,0.5363636363636364,0.0,0.0,0.5544217687074829,0.0,0.0,0.0,0.0
7308,47,1.492978723404256,0.7659574468084823,1.174474138807031,0.6675134640788544,0.018949500405077528,0.0,0.0,0.015567315372151566,0.0,0.0,0.7287234042553191,0.0,0.0,0.5546438370084341,0.0,0.0,0.0,0.0
7309,45,1.2922222222222226,0.7555555555555502,1.1752815040650397,0.66839430894309,0.01868573264781513,0.0,0.0,0.015596810715822277,0.0,0.0,0.6055555555555555,0.0,0.0,0.5546747967479675,0.0,0.0,0.0,0.0
7310,39,0.9628205128205133,0.6153846153845978,1.1750636002849286,0.6678538719853471,0.012215354586857206,0.0,0.0,0.015622598573485072,0.0,0.0,0.4230769230769231,0.0,0.0,0.5545690444693192,0.0,0.0,0.0,0.0
7311,54,1.0412962962962966,0.6666666666666798,1.1759316517493887,0.6681244914564693,0.010304196444933538,0.0,0.0,0.015580227981117982,0.0,0.0,0.5185185185185185,0.0,0.0,0.5554820992676973,0.0,0.0,0.0,0.0
7312,46,1.2804347826086961,0.956521739130477,1.1767809543188517,0.6695492929087403,0.015451206715635898,0.0,0.0,0.015591513659751158,0.0,0.0,0.4891304347826087,0.0,0.0,0.555651643096958,0.0,0.0,0.0,0.0
7313,53,1.2688679245283023,0.9245283018867861,1.1795140300935332,0.6732411549410338,0.01728347468517149,0.0,0.0,0.015653773085932098,0.0,0.0,0.4716981132075472,0.0,0.0,0.555434119560797,0.0,0.0,0.0,0.0
7314,51,1.1211764705882359,0.7058823529411763,1.1804931869025823,0.6733780760626408,0.01793038570084676,0.0,0.0,0.01568519016433763,0.0,0.0,0.46568627450980393,0.0,0.0,0.555877567622534,0.0,0.0,0.0,0.0
7315,48,1.4010416666666672,1.1250000000000295,1.1812679352803495,0.6760964689121821,0.01577897700610005,0.0,0.0,0.015691244613379986,0.0,0.0,0.4583333333333333,0.0,0.0,0.5549506461788949,0.0,0.0,0.0,0.0
7316,48,1.0829166666666674,0.7083333333333242,1.1804870360955766,0.6767666497203878,0.01242351816443594,0.0,0.0,0.01569210994393603,0.0,0.0,0.4635416666666667,0.0,0.0,0.5539654295882054,0.0,0.0,0.0,0.0
7317,47,1.2797872340425538,0.6808510638297596,1.1806963505133672,0.6753075124529847,0.015904283447910922,0.0,0.0,0.015693650795795655,0.0,0.0,0.6542553191489362,0.0,0.0,0.5550472705093016,0.0,0.0,0.0,0.0
7318,31,1.30741935483871,0.8709677419354649,1.1795641103982069,0.6762399429677167,0.012850348763474444,0.0,0.0,0.015669730132681123,0.0,0.0,0.5483870967741935,0.0,0.0,0.5538751400346268,0.0,0.0,0.0,0.0
7319,38,1.102105263157895,0.7368421052631673,1.1805043301069786,0.6771268466632714,0.012721749696233391,0.0,0.0,0.015700195394542583,0.0,0.0,0.4868421052631579,0.0,0.0,0.5541008660213959,0.0,0.0,0.0,0.0
7320,46,1.352826086956522,0.6521739130434853,1.180858132898491,0.6775377089278444,0.015002410800386017,0.0,0.0,0.015709381499488934,0.0,0.0,0.6521739130434783,0.0,0.0,0.553888096208724,0.0,0.0,0.0,0.0
7321,51,1.1009803921568635,0.5490196078431382,1.1791825696499636,0.6755791407286463,0.012243785433929663,0.0,0.0,0.015684829513755588,0.0,0.0,0.553921568627451,0.0,0.0,0.5532707419124401,0.0,0.0,0.0,0.0
7322,57,1.36421052631579,0.8070175438596033,1.1812502549459512,0.6760146848868042,0.017446713035673116,0.0,0.0,0.015719289389010873,0.0,0.0,0.6491228070175439,0.0,0.0,0.5547114011829493,0.0,0.0,0.0,0.0
7323,44,1.1756818181818187,0.636363636363645,1.1813414260940522,0.674793430582475,0.011960693641618163,0.0,0.0,0.015725936880013437,0.0,0.0,0.5454545454545454,0.0,0.0,0.5554422115678874,0.0,0.0,0.0,0.0
7324,58,0.9568965517241386,0.6896551724137734,1.1810715742251219,0.6758768352365417,0.011443298969072008,0.0,0.0,0.01571559586975434,0.0,0.0,0.40948275862068967,0.0,0.0,0.5549806280587276,0.0,0.0,0.0,0.0
7325,46,1.1860869565217396,0.8695652173913241,1.1820916700694155,0.6779297672519399,0.012249663224067764,0.0,0.0,0.015726032941125418,0.0,0.0,0.4782608695652174,0.0,0.0,0.5545886075949367,0.0,0.0,0.0,0.0
7326,61,1.0493442622950826,0.6885245901639465,1.1816228070175434,0.6783965728274176,0.014587511394712913,0.0,0.0,0.015752914076225675,0.0,0.0,0.47950819672131145,0.0,0.0,0.5540340677274582,0.0,0.0,0.0,0.0
7327,46,1.2189130434782616,0.5000000000000029,1.1823255102040813,0.6773469387755104,0.018910623946036178,0.0,0.0,0.01578904408257826,0.0,0.0,0.6413043478260869,0.0,0.0,0.5553316326530612,0.0,0.0,0.0,0.0
7328,52,1.5790384615384623,0.923076923076954,1.1852278765583482,0.6791334559574908,0.03222527472527401,0.0,0.0,0.01588700277096345,0.0,0.0,0.6923076923076923,0.0,0.0,0.5564326589004701,0.0,0.0,0.0,0.0
7329,53,1.3160377358490571,1.094339622641471,1.1848543689320383,0.6814512008175783,0.014840425531914416,0.0,0.0,0.015859410480468888,0.0,0.0,0.41509433962264153,0.0,0.0,0.5547010730710271,0.0,0.0,0.0,0.0
7330,46,1.4002173913043487,0.6956521739129943,1.18479104935118,0.6798814754265863,0.019359783588819384,0.0,0.0,0.015855080905617935,0.0,0.0,0.6739130434782609,0.0,0.0,0.5550219679166241,0.0,0.0,0.0,0.0
7331,49,1.258367346938776,0.4897959183673488,1.1849974466346642,0.6779695638852005,0.015899948427024836,0.0,0.0,0.01587604644734725,0.0,0.0,0.7193877551020408,0.0,0.0,0.5564038402614646,0.0,0.0,0.0,0.0
7332,55,1.0712727272727276,0.7272727272727142,1.1833224389745682,0.6769482177509953,0.014374237618931427,0.0,0.0,0.015893316689072477,0.0,0.0,0.5272727272727272,0.0,0.0,0.5563272393013993,0.0,0.0,0.0,0.0
7333,39,1.3266666666666673,0.6153846153846241,1.1841317242789933,0.6765187154837384,0.02488696488696439,0.0,0.0,0.015940162644606324,0.0,0.0,0.6666666666666666,0.0,0.0,0.5567089384332174,0.0,0.0,0.0,0.0
7334,57,1.1492982456140357,0.3859649122806826,1.1842934560327196,0.6747443762781178,0.01647221523761577,0.0,0.0,0.015962697993773423,0.0,0.0,0.6447368421052632,0.0,0.0,0.5571830265848671,0.0,0.0,0.0,0.0
7335,54,1.3181481481481487,0.8518518518518333,1.185061791441119,0.6756204677765284,0.01766253101737031,0.0,0.0,0.01599553892686108,0.0,0.0,0.5416666666666666,0.0,0.0,0.5570677152486978,0.0,0.0,0.0,0.0
7336,47,1.4306382978723409,0.978723404255322,1.185027065672556,0.6760290062302102,0.01923891273247444,0.0,0.0,0.01598610072017786,0.0,0.0,0.5638297872340425,0.0,0.0,0.5565570421815953,0.0,0.0,0.0,0.0
7337,44,1.1222727272727275,0.6818181818181709,1.1847971384772604,0.6766479305058751,0.011435849930523432,0.0,0.0,0.015953663363066722,0.0,0.0,0.4772727272727273,0.0,0.0,0.5560296371997956,0.0,0.0,0.0,0.0
7338,48,1.2827083333333338,0.7916666666666998,1.1864950454591883,0.6775973030953099,0.014348636681426958,0.0,0.0,0.01596947614464465,0.0,0.0,0.53125,0.0,0.0,0.556721830626213,0.0,0.0,0.0,0.0
7339,53,1.0550943396226422,0.41509433962264247,1.185672419074849,0.6754824874910639,0.018578073089700855,0.0,0.0,0.016001843935272157,0.0,0.0,0.5754716981132075,0.0,0.0,0.55695394669662,0.0,0.0,0.0,0.0
7340,50,1.2716000000000005,0.8799999999999755,1.184683544303797,0.6762964475296026,0.015480886291696269,0.0,0.0,0.0160114458529479,0.0,0.0,0.47,0.0,0.0,0.5555073499387505,0.0,0.0,0.0,0.0
7341,51,1.292549019607844,0.7058823529411888,1.185740230588715,0.6769717375777969,0.019549228944246683,0.0,0.0,0.016048897500024233,0.0,0.0,0.5980392156862745,0.0,0.0,0.555759616365677,0.0,0.0,0.0,0.0
7342,56,1.5578571428571435,0.8571428571427837,1.1881494698205541,0.6793433931484486,0.01622466059140748,0.0,0.0,0.016060322491731047,0.0,0.0,0.75,0.0,0.0,0.5565609706362153,0.0,0.0,0.0,0.0
7343,47,1.1187234042553198,0.5744680851063853,1.188106291997556,0.6784768886173876,0.01756179024716149,0.0,0.0,0.016086076703159223,0.0,0.0,0.6170212765957447,0.0,0.0,0.5573966605579311,0.0,0.0,0.0,0.0
7344,53,1.2747169811320758,0.8490566037735752,1.1895157187913314,0.6805371858785209,0.011454730417090667,0.0,0.0,0.016070913114596425,0.0,0.0,0.5471698113207547,0.0,0.0,0.5573049140299114,0.0,0.0,0.0,0.0
7345,54,1.4629629629629635,0.9074074074074348,1.1910067114093956,0.6821232458816335,0.015847542627884126,0.0,0.0,0.016076239000426946,0.0,0.0,0.5694444444444444,0.0,0.0,0.5571995118974985,0.0,0.0,0.0,0.0
7346,47,1.15404255319149,0.7234042553191314,1.1914124351277091,0.6834232217360316,0.017067337948395357,0.0,0.0,0.016083005711742523,0.0,0.0,0.5425531914893617,0.0,0.0,0.5568840948407449,0.0,0.0,0.0,0.0
7347,60,1.2608333333333337,0.7499999999999717,1.1918056120374134,0.6837128914192743,0.017311212814645146,0.0,0.0,0.01609347521371987,0.0,0.0,0.6291666666666667,0.0,0.0,0.5576199674664498,0.0,0.0,0.0,0.0
7348,52,1.2707692307692313,0.7307692307692031,1.193045288383428,0.6849106417546691,0.0166616238023194,0.0,0.0,0.01610859523780151,0.0,0.0,0.6057692307692307,0.0,0.0,0.5577528432168968,0.0,0.0,0.0,0.0
7349,48,1.1404166666666673,0.749999999999999,1.1926781725888322,0.6849746192893382,0.01751119641714538,0.0,0.0,0.016135092261312114,0.0,0.0,0.4791666666666667,0.0,0.0,0.5575126903553299,0.0,0.0,0.0,0.0
7350,43,1.2765116279069773,1.0232558139534111,1.1933969930922386,0.686814303128807,0.013829680020154793,0.0,0.0,0.01613303249320574,0.0,0.0,0.4069767441860465,0.0,0.0,0.5567096708655018,0.0,0.0,0.0,0.0
7351,59,1.1567796610169496,0.6779661016949214,1.1935498934118358,0.6866307989036619,0.02583270249810736,0.0,0.0,0.01619209073782326,0.0,0.0,0.5677966101694916,0.0,0.0,0.557024667546442,0.0,0.0,0.0,0.0
7352,55,1.1470909090909096,0.5818181818181679,1.1940444083950112,0.6869106762648253,0.019544609665427,0.0,0.0,0.016213798344595187,0.0,0.0,0.6181818181818182,0.0,0.0,0.5574622325864341,0.0,0.0,0.0,0.0
7353,48,1.2929166666666672,0.7708333333333388,1.194692862219514,0.6881916945882802,0.016800216567406868,0.0,0.0,0.0162394850413284,0.0,0.0,0.5729166666666666,0.0,0.0,0.5574423799370495,0.0,0.0,0.0,0.0
7354,37,1.177297297297298,0.8108108108108241,1.1951763749110496,0.6888278946833355,0.01555714285714265,0.0,0.0,0.016255226249599086,0.0,0.0,0.5,0.0,0.0,0.5575378672359459,0.0,0.0,0.0,0.0
7355,50,0.9746000000000005,0.43999999999999884,1.194245628304188,0.6874745831638849,0.010819271758436824,0.0,0.0,0.016232432805914496,0.0,0.0,0.61,0.0,0.0,0.5581537210248069,0.0,0.0,0.0,0.0
7356,53,1.1273584905660383,0.5660377358490611,1.1935974369406015,0.6865337672904773,0.015836204611715463,0.0,0.0,0.016227654125690053,0.0,0.0,0.5566037735849056,0.0,0.0,0.5580756712774614,0.0,0.0,0.0,0.0
7357,48,0.9825000000000005,0.7083333333333385,1.1931302756025621,0.6868707413810609,0.012749391727493772,0.0,0.0,0.016235120406734294,0.0,0.0,0.3177083333333333,0.0,0.0,0.5572307535848673,0.0,0.0,0.0,0.0
7358,50,1.1614000000000004,0.6399999999999821,1.1935265405735196,0.6872076469391876,0.014974213512120329,0.0,0.0,0.016244029833188293,0.0,0.0,0.56,0.0,0.0,0.5570978238763473,0.0,0.0,0.0,0.0
7359,43,1.335116279069768,0.8372093023255676,1.19528783563873,0.6879576891781906,0.019054098904746693,0.0,0.0,0.0162711106434472,0.0,0.0,0.5697674418604651,0.0,0.0,0.558050244100895,0.0,0.0,0.0,0.0
7360,54,1.2361111111111116,0.7777777777777904,1.1944917666192307,0.6873348241512472,0.018898640996602944,0.0,0.0,0.016261731258354808,0.0,0.0,0.5925925925925926,0.0,0.0,0.5580656637527953,0.0,0.0,0.0,0.0
7361,41,1.1721951219512199,0.8780487804878165,1.1933573897133556,0.6878430575320157,0.014172810380419204,0.0,0.0,0.016274867509596332,0.0,0.0,0.45121951219512196,0.0,0.0,0.5570491969912584,0.0,0.0,0.0,0.0
7362,38,1.3636842105263165,0.6315789473684346,1.1944125724748236,0.6879259485301568,0.027331223628691385,0.0,0.0,0.016324556757185152,0.0,0.0,0.7039473684210527,0.0,0.0,0.5576492727087784,0.0,0.0,0.0,0.0
7363,35,1.2800000000000005,0.8000000000000408,1.1943390072367743,0.6891244521455481,0.015043653458697225,0.0,0.0,0.01631972434770745,0.0,0.0,0.5642857142857143,0.0,0.0,0.5570278259096932,0.0,0.0,0.0,0.0
7364,49,1.2126530612244903,0.897959183673504,1.194900560938296,0.6899541050484422,0.018099299421261435,0.0,0.0,0.01634042078396647,0.0,0.0,0.4387755102040816,0.0,0.0,0.557011728709842,0.0,0.0,0.0,0.0
7365,59,1.1935593220338991,0.7796610169491858,1.194659600489196,0.6917040358744371,0.014072741806555168,0.0,0.0,0.016323813661759265,0.0,0.0,0.4915254237288136,0.0,0.0,0.555697105584998,0.0,0.0,0.0,0.0
7366,54,1.0290740740740745,0.4074074074073919,1.193042991035044,0.6899959250203724,0.015006751282744483,0.0,0.0,0.016316959122993333,0.0,0.0,0.6481481481481481,0.0,0.0,0.555750814995925,0.0,0.0,0.0,0.0
7367,49,1.0779591836734699,0.6938775510203996,1.1926556440089806,0.6911614615227574,0.013910982354490415,0.0,0.0,0.01631029313651328,0.0,0.0,0.4642857142857143,0.0,0.0,0.5550112267809757,0.0,0.0,0.0,0.0
7368,49,1.295510204081633,0.816326530612287,1.1932170186715632,0.6925823895520843,0.015627769571640235,0.0,0.0,0.01630744345595007,0.0,0.0,0.5663265306122449,0.0,0.0,0.5549688807264564,0.0,0.0,0.0,0.0
7369,47,1.3612765957446813,0.7659574468085418,1.194353457067101,0.6930450744442158,0.014817044928206671,0.0,0.0,0.016322675775833156,0.0,0.0,0.5904255319148937,0.0,0.0,0.5551193147052825,0.0,0.0,0.0,0.0
7370,40,1.2100000000000006,0.749999999999953,1.1955622448979584,0.6934693877551,0.013765642775881486,0.0,0.0,0.016333864946174243,0.0,0.0,0.4875,0.0,0.0,0.5554081632653062,0.0,0.0,0.0,0.0
7371,49,1.1667346938775516,0.5306122448979596,1.1963402430307353,0.6934545083222691,0.018658616187989502,0.0,0.0,0.016363204661569746,0.0,0.0,0.5663265306122449,0.0,0.0,0.55547329725314,0.0,0.0,0.0,0.0
7372,53,1.6277358490566047,1.0943396226414972,1.1982410623084772,0.6963227783452482,0.02215459681561317,0.0,0.0,0.016411115168150324,0.0,0.0,0.6132075471698113,0.0,0.0,0.5554392236976506,0.0,0.0,0.0,0.0
7373,50,1.2954000000000008,0.7199999999999767,1.199352334252732,0.6957809786495024,0.026976259891711353,0.0,0.0,0.016457189154941067,0.0,0.0,0.65,0.0,0.0,0.556977219327817,0.0,0.0,0.0,0.0
7374,48,1.1666666666666674,0.7083333333333423,1.2002744337890219,0.6960824321567006,0.021815348656018006,0.0,0.0,0.016521566342042295,0.0,0.0,0.546875,0.0,0.0,0.5575902876963885,0.0,0.0,0.0,0.0
7375,42,1.1483333333333339,0.5714285714285844,1.2001417499490101,0.6957984907199654,0.013249999999999687,0.0,0.0,0.01650788952836769,0.0,0.0,0.5833333333333334,0.0,0.0,0.5576177850295737,0.0,0.0,0.0,0.0
7376,49,1.1957142857142862,0.8163265306122085,1.2001886215334416,0.6968800978792801,0.018955030734389547,0.0,0.0,0.016517531403298088,0.0,0.0,0.4897959183673469,0.0,0.0,0.5565864600326265,0.0,0.0,0.0,0.0
7377,49,1.188571428571429,0.6530612244897792,1.1995273505144128,0.6959356218804095,0.017348823354185323,0.0,0.0,0.016497744403037383,0.0,0.0,0.6428571428571429,0.0,0.0,0.557094835489457,0.0,0.0,0.0,0.0
7378,45,1.2311111111111115,0.9777777777777934,1.1981684832433528,0.6959356218804096,0.015397443023902446,0.0,0.0,0.016481987744744336,0.0,0.0,0.3888888888888889,0.0,0.0,0.5559233981868188,0.0,0.0,0.0,0.0
7379,40,1.0012500000000006,0.5999999999999863,1.197480628058727,0.6961663947797695,0.013020156046813813,0.0,0.0,0.01645456494115113,0.0,0.0,0.5125,0.0,0.0,0.5554139477977161,0.0,0.0,0.0,0.0
7380,50,1.3380000000000007,0.9199999999999541,1.1984807672686455,0.6972757881848765,0.017367601246105698,0.0,0.0,0.016504000843022275,0.0,0.0,0.63,0.0,0.0,0.556040199979594,0.0,0.0,0.0,0.0
7381,56,1.2605357142857148,0.8214285714286005,1.1976274469820547,0.6973898858075015,0.015916572717023927,0.0,0.0,0.01650340287066286,0.0,0.0,0.5,0.0,0.0,0.5552865008156607,0.0,0.0,0.0,0.0
7382,42,1.2078571428571434,0.761904761904752,1.1985616647964903,0.6982556360297841,0.015769350326391037,0.0,0.0,0.01652459597401524,0.0,0.0,0.5476190476190477,0.0,0.0,0.5555697235540141,0.0,0.0,0.0,0.0
7383,44,1.0050000000000003,0.3863636363636511,1.1978259538869611,0.6971026321158923,0.0114411384217337,0.0,0.0,0.016527621369610064,0.0,0.0,0.6590909090909091,0.0,0.0,0.5557539277698429,0.0,0.0,0.0,0.0
7384,71,1.2312676056338032,0.7887323943662183,1.1987639991855013,0.6979230299328014,0.01585418933623565,0.0,0.0,0.01654801474587544,0.0,0.0,0.5352112676056338,0.0,0.0,0.5560985542659336,0.0,0.0,0.0,0.0
7385,66,1.0409090909090917,0.6363636363636314,1.2000518714401944,0.6992473555736346,0.014767841788477658,0.0,0.0,0.01662633234317671,0.0,0.0,0.39015151515151514,0.0,0.0,0.5556092351505288,0.0,0.0,0.0,0.0
7386,53,0.9998113207547175,0.6792452830188636,1.1998911716842955,0.6997558991049609,0.012081623347013149,0.0,0.0,0.01659912483115718,0.0,0.0,0.419811320754717,0.0,0.0,0.5552278275020341,0.0,0.0,0.0,0.0
7387,60,1.2446666666666675,0.7999999999999887,1.200537798072044,0.7013698630136962,0.016595555555555776,0.0,0.0,0.01660640546617751,0.0,0.0,0.5625,0.0,0.0,0.5551750380517504,0.0,0.0,0.0,0.0
7388,60,1.3241666666666674,1.0333333333333479,1.2006171463315762,0.7032833400891747,0.01977351916376456,0.0,0.0,0.016620359069751834,0.0,0.0,0.4083333333333333,0.0,0.0,0.5538862991487636,0.0,0.0,0.0,0.0
7389,52,1.2307692307692313,0.5000000000000012,1.2021343873517782,0.7028478767609179,0.018290940268647624,0.0,0.0,0.01667225619826584,0.0,0.0,0.6971153846153846,0.0,0.0,0.5552852944157292,0.0,0.0,0.0,0.0
7390,42,1.4142857142857148,0.6428571428571224,1.2033157413985582,0.7026286410230361,0.02103399433427868,0.0,0.0,0.01669213040852276,0.0,0.0,0.75,0.0,0.0,0.5563280219222572,0.0,0.0,0.0,0.0
7391,43,1.0637209302325588,0.7906976744185765,1.2030339361918303,0.7028043080674629,0.012583218707014837,0.0,0.0,0.016687163427727476,0.0,0.0,0.4186046511627907,0.0,0.0,0.5558321479374111,0.0,0.0,0.0,0.0
7392,51,1.4135294117647066,0.7450980392156751,1.2041453252032512,0.7019308943089402,0.022806074027206698,0.0,0.0,0.01672475997165681,0.0,0.0,0.7058823529411765,0.0,0.0,0.5571138211382114,0.0,0.0,0.0,0.0
7393,50,1.0246000000000004,0.5999999999999914,1.2030756729304208,0.7015744032503778,0.01182594644505945,0.0,0.0,0.01669219386388945,0.0,0.0,0.52,0.0,0.0,0.556526155408837,0.0,0.0,0.0,0.0
7394,46,1.196956521739131,0.5652173913043429,1.2041076688674446,0.7017775520568784,0.01699907378820577,0.0,0.0,0.016706347584546897,0.0,0.0,0.6304347826086957,0.0,0.0,0.5576434738445911,0.0,0.0,0.0,0.0
7395,51,1.254705882352942,0.9019607843136979,1.2037621753246746,0.7018060064935032,0.01600550275137525,0.0,0.0,0.016690577446024944,0.0,0.0,0.4950980392156863,0.0,0.0,0.557426948051948,0.0,0.0,0.0,0.0
7396,38,1.3765789473684216,0.6842105263157771,1.2050849008642597,0.7014743263853547,0.021997476871320365,0.0,0.0,0.016748028024520082,0.0,0.0,0.7302631578947368,0.0,0.0,0.5584900864260295,0.0,0.0,0.0,0.0
7397,40,1.1137500000000002,0.7000000000000002,1.204831129196337,0.7024415055951133,0.011820111435393353,0.0,0.0,0.01670492339720899,0.0,0.0,0.575,0.0,0.0,0.5581129196337742,0.0,0.0,0.0,0.0
7398,55,1.1741818181818187,0.6909090909090957,1.2045575806944295,0.7013542409123272,0.014389483065953682,0.0,0.0,0.01668127517005654,0.0,0.0,0.5818181818181818,0.0,0.0,0.5588280215863966,0.0,0.0,0.0,0.0
7399,44,1.1834090909090917,0.8181818181818182,1.2049653626731858,0.7025264873675596,0.01537802717070319,0.0,0.0,0.01668146117253161,0.0,0.0,0.4659090909090909,0.0,0.0,0.5583486145069275,0.0,0.0,0.0,0.0
7400,61,1.19016393442623,0.721311475409856,1.2041654793405243,0.7032363118257648,0.014904537056046338,0.0,0.0,0.016666615018382132,0.0,0.0,0.5409836065573771,0.0,0.0,0.5575259515570934,0.0,0.0,0.0,0.0
7401,46,1.2517391304347831,0.8260869565217379,1.203962379257752,0.7050330452465648,0.017332931968693833,0.0,0.0,0.016650547145030736,0.0,0.0,0.5108695652173914,0.0,0.0,0.5561514997458058,0.0,0.0,0.0,0.0
7402,57,1.3817543859649128,0.7368421052631484,1.205369523228626,0.7057029582189658,0.02538188849500543,0.0,0.0,0.016703721182495055,0.0,0.0,0.7017543859649122,0.0,0.0,0.5571312391989428,0.0,0.0,0.0,0.0
7403,57,1.2036842105263166,0.736842105263159,1.205943118334179,0.7063484002031454,0.016820299092915374,0.0,0.0,0.016697621759982035,0.0,0.0,0.5526315789473685,0.0,0.0,0.5570594210259014,0.0,0.0,0.0,0.0
7404,46,1.4397826086956527,0.9130434782608686,1.2071890243902432,0.7069105691056875,0.014675382229116221,0.0,0.0,0.016688522333100624,0.0,0.0,0.5869565217391305,0.0,0.0,0.557469512195122,0.0,0.0,0.0,0.0
7405,48,1.2500000000000007,0.4791666666666781,1.206741162129215,0.7053027224705372,0.021193924408336194,0.0,0.0,0.016667545937208893,0.0,0.0,0.671875,0.0,0.0,0.5579794798862251,0.0,0.0,0.0,0.0
7406,57,1.2854385964912287,0.6315789473684081,1.207895004061738,0.7064378554021086,0.017095193653757352,0.0,0.0,0.016673628408391695,0.0,0.0,0.6140350877192983,0.0,0.0,0.557854386677498,0.0,0.0,0.0,0.0
7407,44,1.2725000000000006,0.7727272727272712,1.2081454730417085,0.7063072227873821,0.014067839195979369,0.0,0.0,0.016650898226260803,0.0,0.0,0.5284090909090909,0.0,0.0,0.5574771108850458,0.0,0.0,0.0,0.0
7408,50,1.0548000000000004,0.34000000000001507,1.2069074262461845,0.7036622583926722,0.021369529983791748,0.0,0.0,0.016666690080398106,0.0,0.0,0.62,0.0,0.0,0.5577822990844354,0.0,0.0,0.0,0.0
7409,63,1.1190476190476195,0.9206349206349181,1.2064018691588778,0.7063185696871157,0.013921800947866863,0.0,0.0,0.016662368656986594,0.0,0.0,0.4007936507936508,0.0,0.0,0.5563541243396993,0.0,0.0,0.0,0.0
7410,41,1.2173170731707326,0.7804878048780497,1.204942026037428,0.7067737998372629,0.018812664907651065,0.0,0.0,0.016658801527093283,0.0,0.0,0.524390243902439,0.0,0.0,0.5548972742066721,0.0,0.0,0.0,0.0
7411,46,1.3276086956521744,0.9130434782608358,1.205463424559975,0.7080069183029776,0.015583056902270522,0.0,0.0,0.01668147305495449,0.0,0.0,0.5,0.0,0.0,0.5546596805371858,0.0,0.0,0.0,0.0
7412,56,1.1860714285714293,0.7142857142857181,1.2057058584214801,0.7086045565500373,0.01686642965972578,0.0,0.0,0.016670955874597652,0.0,0.0,0.5089285714285714,0.0,0.0,0.5547447111472742,0.0,0.0,0.0,0.0
7413,50,1.1916000000000007,0.9199999999999888,1.2061257874415763,0.7097134728713641,0.01537151702786352,0.0,0.0,0.016668641886550324,0.0,0.0,0.45,0.0,0.0,0.5545366795366795,0.0,0.0,0.0,0.0
7414,60,1.0235000000000005,0.49999999999999606,1.2048934010152277,0.7081218274111639,0.01189194422927946,0.0,0.0,0.016634709724441477,0.0,0.0,0.5416666666666666,0.0,0.0,0.5546446700507615,0.0,0.0,0.0,0.0
7415,51,1.1860784313725496,0.6274509803921362,1.206011566558441,0.7089082792207756,0.01736721217341361,0.0,0.0,0.016658374699737386,0.0,0.0,0.5833333333333334,0.0,0.0,0.5552455357142857,0.0,0.0,0.0,0.0
7416,41,1.1070731707317076,0.3902439024390183,1.2060436769933969,0.708684611477904,0.019397435897435075,0.0,0.0,0.01665764117643759,0.0,0.0,0.6097560975609756,0.0,0.0,0.5552818689690198,0.0,0.0,0.0,0.0
7417,51,1.1452941176470595,0.3921568627450961,1.2054786316110033,0.7064257435793285,0.018860187278011933,0.0,0.0,0.01667102329838671,0.0,0.0,0.6274509803921569,0.0,0.0,0.555654248299665,0.0,0.0,0.0,0.0
7418,53,1.0828301886792457,0.6981132075471368,1.2053869560807378,0.7075768333502348,0.01157056451612889,0.0,0.0,0.016642127138748013,0.0,0.0,0.5377358490566038,0.0,0.0,0.5552794401054874,0.0,0.0,0.0,0.0
7419,38,0.9750000000000003,0.6052631578947452,1.2041571095097934,0.706688318278693,0.016741979213736713,0.0,0.0,0.016647341097235882,0.0,0.0,0.4342105263157895,0.0,0.0,0.5550086268141683,0.0,0.0,0.0,0.0
7420,47,1.0863829787234045,0.5106382978723265,1.2038167783871616,0.7051594556164902,0.014693525179855912,0.0,0.0,0.016639310662384058,0.0,0.0,0.5638297872340425,0.0,0.0,0.5559872029250457,0.0,0.0,0.0,0.0
7421,41,1.241463414634147,0.780487804878018,1.2058269720101773,0.7058524173027949,0.01930955993930218,0.0,0.0,0.01666685424160873,0.0,0.0,0.5121951219512195,0.0,0.0,0.5567684478371502,0.0,0.0,0.0,0.0
7422,55,1.1801818181818187,0.7999999999999877,1.2057302685109839,0.706773799837262,0.012375595805528706,0.0,0.0,0.0166309256424897,0.0,0.0,0.4727272727272727,0.0,0.0,0.5561177786818552,0.0,0.0,0.0,0.0
7423,53,1.3786792452830192,0.6226415094339561,1.2074235186502686,0.7063725988413417,0.015418864739397188,0.0,0.0,0.016631536505874334,0.0,0.0,0.7641509433962265,0.0,0.0,0.5576786258766134,0.0,0.0,0.0,0.0
7424,44,1.0772727272727278,0.6363636363636572,1.2066049068512668,0.705690725847497,0.013924794359577837,0.0,0.0,0.0166313949066662,0.0,0.0,0.48863636363636365,0.0,0.0,0.557518069836099,0.0,0.0,0.0,0.0
7425,45,1.1084444444444448,0.66666666666665,1.2041456696929504,0.7040701825971604,0.012438902743142018,0.0,0.0,0.016571029084344335,0.0,0.0,0.5555555555555556,0.0,0.0,0.5570233601958584,0.0,0.0,0.0,0.0
7426,49,1.0846938775510209,0.816326530612202,1.2034844308320565,0.7052577845839676,0.012115340779575523,0.0,0.0,0.016532654718444496,0.0,0.0,0.39285714285714285,0.0,0.0,0.555666156202144,0.0,0.0,0.0,0.0
7427,52,1.2515384615384622,0.8461538461538891,1.2041549295774643,0.7057562767911785,0.017584436638746866,0.0,0.0,0.016531930813767772,0.0,0.0,0.5096153846153846,0.0,0.0,0.5559552969993876,0.0,0.0,0.0,0.0
7428,39,1.4330769230769236,0.87179487179484,1.2052213475104787,0.7065739699417204,0.01750939849623985,0.0,0.0,0.01651684432936537,0.0,0.0,0.6410256410256411,0.0,0.0,0.5562059094162151,0.0,0.0,0.0,0.0
7429,46,0.9884782608695657,0.6304347826086792,1.2035579184132494,0.7058582966976756,0.011009685230024293,0.0,0.0,0.016467099373321418,0.0,0.0,0.5271739130434783,0.0,0.0,0.5554646764134546,0.0,0.0,0.0,0.0
7430,47,1.1931914893617026,0.7659574468084986,1.203742086992035,0.7068613436798005,0.014891131173658983,0.0,0.0,0.016445752292259835,0.0,0.0,0.48936170212765956,0.0,0.0,0.5548039616091485,0.0,0.0,0.0,0.0
7431,47,0.9870212765957451,0.659574468085074,1.2034221269646859,0.7074913247601514,0.010738425925925842,0.0,0.0,0.016429074026855287,0.0,0.0,0.43617021276595747,0.0,0.0,0.554373341498265,0.0,0.0,0.0,0.0
7432,43,1.2227906976744194,0.6976744186046574,1.2044530770803508,0.7086485381312579,0.019161807580174228,0.0,0.0,0.01644989828728921,0.0,0.0,0.5697674418604651,0.0,0.0,0.5542578204866081,0.0,0.0,0.0,0.0
7433,60,1.1511666666666671,0.6166666666666522,1.2041979591836727,0.7086734693877514,0.014720801364023981,0.0,0.0,0.01644435030885918,0.0,0.0,0.5666666666666667,0.0,0.0,0.5538010204081633,0.0,0.0,0.0,0.0
7434,56,1.2396428571428577,0.7321428571428638,1.2041129608824424,0.7092227555918663,0.020256784359498115,0.0,0.0,0.016467465167440746,0.0,0.0,0.5982142857142857,0.0,0.0,0.5532887345521397,0.0,0.0,0.0,0.0
7435,56,1.1214285714285719,0.6428571428571898,1.2032670744138625,0.7084607543323103,0.011017543859649093,0.0,0.0,0.01642378015268877,0.0,0.0,0.5580357142857143,0.0,0.0,0.5534148827726809,0.0,0.0,0.0,0.0
7436,57,1.0570175438596499,0.5263157894736646,1.2028373561462462,0.7088298197372404,0.012021149241820265,0.0,0.0,0.016386988819731017,0.0,0.0,0.5175438596491229,0.0,0.0,0.5526275588145433,0.0,0.0,0.0,0.0
7437,48,1.0739583333333338,0.6249999999999993,1.202623969045921,0.7082781794114614,0.01096108866680792,0.0,0.0,0.016356282872597664,0.0,0.0,0.4895833333333333,0.0,0.0,0.5527695753996538,0.0,0.0,0.0,0.0
7438,45,1.297555555555556,0.8222222222222341,1.2026079429735226,0.7100814663951084,0.01250588991218687,0.0,0.0,0.016307899442806556,0.0,0.0,0.6,0.0,0.0,0.5518584521384928,0.0,0.0,0.0,0.0
7439,52,1.109038461538462,0.6923076923077061,1.2013619231944577,0.7092798207191574,0.013091940976163672,0.0,0.0,0.01626341061155148,0.0,0.0,0.4182692307692308,0.0,0.0,0.551161250891311,0.0,0.0,0.0,0.0
7440,43,1.2360465116279076,0.6976744186046512,1.2004574164629167,0.70833333333333,0.015308179723502492,0.0,0.0,0.016233527027660004,0.0,0.0,0.6104651162790697,0.0,0.0,0.5509372453137734,0.0,0.0,0.0,0.0
7441,50,1.1898000000000004,0.6799999999999933,1.199999999999999,0.7089909377863729,0.015156687898088874,0.0,0.0,0.016223761591154386,0.0,0.0,0.545,0.0,0.0,0.5502494654312188,0.0,0.0,0.0,0.0
7442,48,1.3868750000000005,0.7500000000000063,1.2008853795211403,0.7098318899643371,0.01981839833283693,0.0,0.0,0.01624482128434905,0.0,0.0,0.65625,0.0,0.0,0.5504330106979114,0.0,0.0,0.0,0.0
7443,56,1.182678571428572,0.6428571428571512,1.200147552661035,0.7095756588989488,0.011946248196248307,0.0,0.0,0.016201255839958024,0.0,0.0,0.6071428571428571,0.0,0.0,0.5503205454360436,0.0,0.0,0.0,0.0
7444,46,1.0813043478260875,0.7826086956521611,1.2000427785699725,0.7092075779181064,0.015081867798666125,0.0,0.0,0.016195127449471075,0.0,0.0,0.3695652173913043,0.0,0.0,0.5500101853738032,0.0,0.0,0.0,0.0
7445,52,0.653269230769231,0.4999999999999938,1.1966819338422383,0.7072773536895642,0.006681746656176292,0.0,0.0,0.016097912285313716,0.0,0.0,0.2644230769230769,0.0,0.0,0.5484223918575064,0.0,0.0,0.0,0.0
7446,52,1.2098076923076928,0.6923076923076649,1.197893024201748,0.7066300589790491,0.01912739434478554,0.0,0.0,0.016124593808088537,0.0,0.0,0.5673076923076923,0.0,0.0,0.5496491763270287,0.0,0.0,0.0,0.0
7447,33,1.2081818181818185,0.6666666666666784,1.198499338691626,0.7075999593040969,0.013410696266397364,0.0,0.0,0.01611050556411832,0.0,0.0,0.6212121212121212,0.0,0.0,0.5499287821751958,0.0,0.0,0.0,0.0
7448,51,1.2105882352941182,0.7450980392156913,1.1993709283387612,0.7085708469055343,0.015267062314540522,0.0,0.0,0.016115849655323356,0.0,0.0,0.47058823529411764,0.0,0.0,0.5499796416938111,0.0,0.0,0.0,0.0
7449,52,1.2707692307692313,0.8461538461538697,1.1998127035830608,0.7089780130293131,0.01478630566122176,0.0,0.0,0.016105462649328234,0.0,0.0,0.5288461538461539,0.0,0.0,0.5499796416938111,0.0,0.0,0.0,0.0
7450,43,1.388837209302326,0.7441860465116801,1.2009145534168437,0.7102556268459084,0.013703533731070085,0.0,0.0,0.01609320366089002,0.0,0.0,0.627906976744186,0.0,0.0,0.5499541704857929,0.0,0.0,0.0,0.0
7451,51,1.2009803921568634,0.6666666666666682,1.2019405113578474,0.7099928695120683,0.017282731376975096,0.0,0.0,0.016107408661275458,0.0,0.0,0.6078431372549019,0.0,0.0,0.550932056636447,0.0,0.0,0.0,0.0
7452,53,1.0267924528301893,0.6792452830188814,1.1997618805332235,0.7084562938841942,0.013186333898715957,0.0,0.0,0.01608242782041246,0.0,0.0,0.4528301886792453,0.0,0.0,0.5503459855500152,0.0,0.0,0.0,0.0
7453,55,1.0998181818181825,0.6545454545454441,1.198839503661512,0.7087062652563033,0.01191921182266015,0.0,0.0,0.016048664788625024,0.0,0.0,0.4409090909090909,0.0,0.0,0.5491253051261188,0.0,0.0,0.0,0.0
7454,54,1.0725925925925932,0.5185185185185247,1.197983518160544,0.7083121375521392,0.019416694602748225,0.0,0.0,0.016037312863649254,0.0,0.0,0.6111111111111112,0.0,0.0,0.5487333401159833,0.0,0.0,0.0,0.0
7455,45,1.3740000000000008,0.5777777777777666,1.1988127668225237,0.7069526326489098,0.02313131313131325,0.0,0.0,0.01606987185164496,0.0,0.0,0.7722222222222223,0.0,0.0,0.550289693027038,0.0,0.0,0.0,0.0
7456,37,1.1367567567567574,0.5945945945945983,1.199556595138817,0.707108715549677,0.016283391405342573,0.0,0.0,0.016082890307239008,0.0,0.0,0.5405405405405406,0.0,0.0,0.5508746059188447,0.0,0.0,0.0,0.0
7457,51,1.4590196078431381,0.705882352941158,1.200921935352713,0.7073592193535244,0.01858855858106457,0.0,0.0,0.01607862483431002,0.0,0.0,0.7156862745098039,0.0,0.0,0.5516873348241512,0.0,0.0,0.0,0.0
7458,47,1.019148936170213,0.4255319148936152,1.2003774928774917,0.7068579568579543,0.01748813435560511,0.0,0.0,0.01606917039656315,0.0,0.0,0.5957446808510638,0.0,0.0,0.5516381766381766,0.0,0.0,0.0,0.0
7459,54,1.270370370370371,0.7777777777778105,1.200788858391785,0.7058046152282174,0.02066887616752046,0.0,0.0,0.0160799576361748,0.0,0.0,0.5277777777777778,0.0,0.0,0.552251702754905,0.0,0.0,0.0,0.0
7460,45,1.2460000000000004,0.9333333333333411,1.2008590017281682,0.7072278133577283,0.018560079443893224,0.0,0.0,0.01610231293926491,0.0,0.0,0.4222222222222222,0.0,0.0,0.5515401036901494,0.0,0.0,0.0,0.0
7461,59,1.0215254237288143,0.3050847457627179,1.2006787743506484,0.7064732142857115,0.01712702472293303,0.0,0.0,0.016101866957665887,0.0,0.0,0.635593220338983,0.0,0.0,0.5516436688311688,0.0,0.0,0.0,0.0
7462,55,0.9969090909090915,0.6909090909090944,1.1997980515526678,0.7064136391313144,0.01661515151515105,0.0,0.0,0.016108204511950212,0.0,0.0,0.40454545454545454,0.0,0.0,0.5507661863202761,0.0,0.0,0.0,0.0
7463,46,1.2552173913043485,0.7391304347826007,1.199319541628637,0.7067234560389385,0.019150912106136803,0.0,0.0,0.016107644072044198,0.0,0.0,0.5434782608695652,0.0,0.0,0.5503245106987121,0.0,0.0,0.0,0.0
7464,50,0.9396000000000003,0.5600000000000032,1.1978809089064708,0.706329884357879,0.0129279031370389,0.0,0.0,0.01607987984389511,0.0,0.0,0.395,0.0,0.0,0.5491479001825929,0.0,0.0,0.0,0.0
7465,49,1.1155102040816334,0.7346938775510016,1.198035297697534,0.7076782635155666,0.02027448071216562,0.0,0.0,0.0160774537267681,0.0,0.0,0.49489795918367346,0.0,0.0,0.5490668424789532,0.0,0.0,0.0,0.0
7466,53,1.1916981132075477,0.6792452830188819,1.1970660989456599,0.7079278183292752,0.014509533654950248,0.0,0.0,0.016038733566147653,0.0,0.0,0.5707547169811321,0.0,0.0,0.5484083536090836,0.0,0.0,0.0,0.0
7467,40,1.2725000000000004,0.9250000000000455,1.1983632856127513,0.710224388262765,0.019844054580896955,0.0,0.0,0.016030695886615366,0.0,0.0,0.4625,0.0,0.0,0.5479744136460555,0.0,0.0,0.0,0.0
7468,55,1.289454545454546,0.7272727272727326,1.199324817518247,0.709549878345496,0.020748976009362825,0.0,0.0,0.016063607330241047,0.0,0.0,0.6454545454545455,0.0,0.0,0.5489912814274128,0.0,0.0,0.0,0.0
7469,48,1.022291666666667,0.3749999999999894,1.197523084728563,0.7063419583967498,0.013064430244941378,0.0,0.0,0.016012077992735834,0.0,0.0,0.6354166666666666,0.0,0.0,0.5497970573313039,0.0,0.0,0.0,0.0
7470,60,1.3320000000000005,0.6666666666667029,1.1970182555780922,0.7051724137931007,0.01645799011532232,0.0,0.0,0.0160110804827227,0.0,0.0,0.6666666666666666,0.0,0.0,0.5501774847870182,0.0,0.0,0.0,0.0
7471,51,1.2592156862745103,0.588235294117643,1.1970724284844783,0.7040981943599081,0.014715857011915945,0.0,0.0,0.015989750941371433,0.0,0.0,0.7156862745098039,0.0,0.0,0.5512020693852708,0.0,0.0,0.0,0.0
7472,50,1.435000000000001,0.840000000000002,1.1983385770831207,0.7052674312392138,0.022076923076923195,0.0,0.0,0.015984466655565622,0.0,0.0,0.65,0.0,0.0,0.5512280523698366,0.0,0.0,0.0,0.0
7473,49,0.9606122448979596,0.48979591836733993,1.1970901348474083,0.7047551454932549,0.01614751286449342,0.0,0.0,0.015981639976231053,0.0,0.0,0.5714285714285714,0.0,0.0,0.5510747237148941,0.0,0.0,0.0,0.0
7474,44,1.1740909090909097,0.8181818181818056,1.1974300770166182,0.7060194568301552,0.021111565181855124,0.0,0.0,0.015982816386652943,0.0,0.0,0.48295454545454547,0.0,0.0,0.550795500608026,0.0,0.0,0.0,0.0
7475,52,1.1807692307692312,0.42307692307692074,1.1962363083164287,0.7045638945233236,0.01573552024602741,0.0,0.0,0.015958773348126405,0.0,0.0,0.6346153846153846,0.0,0.0,0.5505324543610548,0.0,0.0,0.0,0.0
7476,42,1.136428571428572,0.6666666666666752,1.1960350948372032,0.7046353585556315,0.01958555601148993,0.0,0.0,0.015956046721839437,0.0,0.0,0.5476190476190477,0.0,0.0,0.550436149710924,0.0,0.0,0.0,0.0
7477,48,1.052083333333334,0.6250000000000062,1.1961557993093628,0.7043469429209802,0.01644415499837195,0.0,0.0,0.015928575775813688,0.0,0.0,0.515625,0.0,0.0,0.550705870404225,0.0,0.0,0.0,0.0
7478,51,1.4005882352941184,0.7843137254901861,1.19755740703109,0.7050396260922545,0.028311533888228213,0.0,0.0,0.015957768580159418,0.0,0.0,0.6470588235294118,0.0,0.0,0.5509804917699654,0.0,0.0,0.0,0.0
7479,59,1.286610169491526,0.6779661016949429,1.1979418344519006,0.7047996745983294,0.01330354013319374,0.0,0.0,0.0159007881178978,0.0,0.0,0.576271186440678,0.0,0.0,0.5507423225544031,0.0,0.0,0.0,0.0
7480,43,1.3211627906976748,0.8837209302325599,1.197833113121251,0.7058644171155577,0.01625464949928541,0.0,0.0,0.01588500185328707,0.0,0.0,0.5406976744186046,0.0,0.0,0.5498780363858116,0.0,0.0,0.0,0.0
7481,31,1.29741935483871,0.8387096774193606,1.1982839393013534,0.7056726754251931,0.020947916666665675,0.0,0.0,0.015891213739488885,0.0,0.0,0.5645161290322581,0.0,0.0,0.5503360831041858,0.0,0.0,0.0,0.0
7482,44,1.3381818181818186,0.7727272727272321,1.19784020356234,0.705648854961829,0.013789227166276875,0.0,0.0,0.01585907274773107,0.0,0.0,0.6363636363636364,0.0,0.0,0.5501017811704835,0.0,0.0,0.0,0.0
7483,46,1.447173913043479,0.8260869565217541,1.1984805617748817,0.7055770405047803,0.01959670297321234,0.0,0.0,0.015853655909780565,0.0,0.0,0.6739130434782609,0.0,0.0,0.5509617341746387,0.0,0.0,0.0,0.0
7484,51,1.071960784313726,0.5882352941176612,1.1978684853420183,0.7036848534201925,0.018741858073362472,0.0,0.0,0.01587126428100349,0.0,0.0,0.5833333333333334,0.0,0.0,0.5518627850162866,0.0,0.0,0.0,0.0
7485,57,0.8522807017543864,0.5614035087719429,1.195617246288386,0.7031726662599117,0.013907815631262779,0.0,0.0,0.015843629439880134,0.0,0.0,0.42105263157894735,0.0,0.0,0.5504372584909498,0.0,0.0,0.0,0.0
7486,57,1.2061403508771937,0.7017543859649229,1.1962081218274099,0.7038578680203018,0.017728210417740937,0.0,0.0,0.01586961557835646,0.0,0.0,0.5350877192982456,0.0,0.0,0.5503299492385787,0.0,0.0,0.0,0.0
7487,54,1.3472222222222228,0.7037037037037207,1.196102142349476,0.7027109351203145,0.02663859392163997,0.0,0.0,0.015898096478383805,0.0,0.0,0.6851851851851852,0.0,0.0,0.5510204081632653,0.0,0.0,0.0,0.0
7488,48,1.2250000000000003,0.7916666666667144,1.1962934010152273,0.7030456852791859,0.015276695245519183,0.0,0.0,0.015894187930199605,0.0,0.0,0.5364583333333334,0.0,0.0,0.550989847715736,0.0,0.0,0.0,0.0
7489,60,1.1793333333333338,0.6000000000000133,1.1949258280837216,0.7032107295265172,0.017030084235860245,0.0,0.0,0.015852859940877623,0.0,0.0,0.6,0.0,0.0,0.5501676488518594,0.0,0.0,0.0,0.0
7490,51,1.151960784313726,0.549019607843137,1.1952739099501972,0.7032218721414758,0.017621475704859012,0.0,0.0,0.01586083283432327,0.0,0.0,0.6372549019607843,0.0,0.0,0.5505386726293322,0.0,0.0,0.0,0.0
7491,50,0.9564000000000005,0.5999999999999579,1.1943398719382041,0.7026120540705335,0.014338830584706655,0.0,0.0,0.01584373752844862,0.0,0.0,0.495,0.0,0.0,0.5509960361825389,0.0,0.0,0.0,0.0
7492,54,1.0692592592592598,0.5555555555555564,1.1942184959349582,0.7021341463414612,0.015166798003677153,0.0,0.0,0.015851901913649696,0.0,0.0,0.5370370370370371,0.0,0.0,0.5514481707317073,0.0,0.0,0.0,0.0
7493,51,1.3088235294117652,0.8627450980391917,1.194708451848841,0.7032710280373807,0.018855932203389124,0.0,0.0,0.015844632281219854,0.0,0.0,0.5686274509803921,0.0,0.0,0.5511479073547338,0.0,0.0,0.0,0.0
7494,49,1.4265306122448984,0.8775510204081802,1.1972004467912256,0.7056255077173007,0.018871490280777017,0.0,0.0,0.01586246377474551,0.0,0.0,0.5816326530612245,0.0,0.0,0.5516856214459789,0.0,0.0,0.0,0.0
7495,50,1.1648000000000005,0.9199999999999808,1.1970521403935876,0.706532765266786,0.013155635870792468,0.0,0.0,0.01584560640240627,0.0,0.0,0.41,0.0,0.0,0.5512274294988841,0.0,0.0,0.0,0.0
7496,52,1.4261538461538465,0.7307692307692084,1.1984498326062687,0.7070102465253096,0.019582783205703867,0.0,0.0,0.01585468542599723,0.0,0.0,0.6394230769230769,0.0,0.0,0.5515116161103785,0.0,0.0,0.0,0.0
7497,56,1.0091071428571436,0.8571428571428727,1.1974787190920138,0.7072355087150362,0.014445296523517623,0.0,0.0,0.015841721140491524,0.0,0.0,0.29017857142857145,0.0,0.0,0.5504661532225374,0.0,0.0,0.0,0.0
7498,48,1.1470833333333337,0.7916666666666238,1.1974149108589944,0.7085696920583443,0.012428893905191423,0.0,0.0,0.01581695445939346,0.0,0.0,0.34375,0.0,0.0,0.5491794975688817,0.0,0.0,0.0,0.0
7499,36,0.8833333333333336,0.5555555555555611,1.1964660509489486,0.707500253729826,0.012197928653624674,0.0,0.0,0.015835471365591422,0.0,0.0,0.3402777777777778,0.0,0.0,0.5488937379478331,0.0,0.0,0.0,0.0
7500,53,1.2094339622641517,0.6037735849056629,1.1965190963428216,0.7070205652922678,0.020531710442023867,0.0,0.0,0.01585364675056913,0.0,0.0,0.6320754716981132,0.0,0.0,0.5492604599331374,0.0,0.0,0.0,0.0
7501,46,1.0615217391304355,0.5434782608695514,1.1966007905138334,0.7066990980034432,0.014788007268322282,0.0,0.0,0.015859480675436244,0.0,0.0,0.44021739130434784,0.0,0.0,0.5490270598966251,0.0,0.0,0.0,0.0
7502,52,1.0351923076923082,0.5961538461538386,1.1954292366875878,0.7058108928932957,0.01512078651685487,0.0,0.0,0.015835304624891373,0.0,0.0,0.4855769230769231,0.0,0.0,0.5487953026928528,0.0,0.0,0.0,0.0
7503,42,1.517380952380953,0.9047619047619267,1.1962925101214565,0.7064777327935199,0.018738606292267576,0.0,0.0,0.015845634911590852,0.0,0.0,0.5952380952380952,0.0,0.0,0.5487601214574899,0.0,0.0,0.0,0.0
7504,48,1.2689583333333339,0.6250000000000089,1.1966106669365442,0.7057990081975486,0.016812034225779853,0.0,0.0,0.015851920872520565,0.0,0.0,0.6979166666666666,0.0,0.0,0.5495648213743548,0.0,0.0,0.0,0.0
7505,47,1.0221276595744684,0.5319148936170099,1.1976842851356817,0.7054475496152267,0.010814948221522298,0.0,0.0,0.015838642638878853,0.0,0.0,0.43617021276595747,0.0,0.0,0.5505012150668287,0.0,0.0,0.0,0.0
7506,56,1.2546428571428578,0.7857142857142998,1.1987524050632905,0.7069367088607573,0.016377622377622265,0.0,0.0,0.015862526414808648,0.0,0.0,0.6071428571428571,0.0,0.0,0.5507594936708861,0.0,0.0,0.0,0.0
7507,44,1.1493181818181826,0.5454545454545408,1.1990936739659361,0.7065085158150831,0.020759441707717877,0.0,0.0,0.015897319412485757,0.0,0.0,0.6477272727272727,0.0,0.0,0.551272303325223,0.0,0.0,0.0,0.0
7508,59,1.352203389830509,0.91525423728816,1.1986097610368562,0.7074726609963531,0.025088050314464212,0.0,0.0,0.01592142763953393,0.0,0.0,0.5932203389830508,0.0,0.0,0.5506784123126772,0.0,0.0,0.0,0.0
7509,49,1.2432653061224497,0.734693877551011,1.1984048582995943,0.7073886639676096,0.020806010928961567,0.0,0.0,0.01592909543675645,0.0,0.0,0.6530612244897959,0.0,0.0,0.5509362348178137,0.0,0.0,0.0,0.0
7510,41,1.3431707317073176,0.7560975609756191,1.1999352357822297,0.7079538554948375,0.026437830052808024,0.0,0.0,0.01597396264134778,0.0,0.0,0.6341463414634146,0.0,0.0,0.5517860756931795,0.0,0.0,0.0,0.0
7511,53,1.3884905660377365,0.8679245283018693,1.2018135816212927,0.7090375468070014,0.017844325897188467,0.0,0.0,0.016026127384494968,0.0,0.0,0.6037735849056604,0.0,0.0,0.5522467361603076,0.0,0.0,0.0,0.0
7512,40,1.2747500000000005,0.650000000000012,1.2017427848101259,0.7076455696202512,0.026822724881641013,0.0,0.0,0.01605686304754328,0.0,0.0,0.66875,0.0,0.0,0.5530126582278481,0.0,0.0,0.0,0.0
7513,55,1.234545454545455,0.5090909090909251,1.2015652526070664,0.7053761263541541,0.018486251020963688,0.0,0.0,0.01606248037506632,0.0,0.0,0.6909090909090909,0.0,0.0,0.5542168674698795,0.0,0.0,0.0,0.0
7514,53,1.12433962264151,0.7735849056604029,1.2015659479704417,0.7057394473124792,0.018101458080194685,0.0,0.0,0.016063502846572,0.0,0.0,0.5094339622641509,0.0,0.0,0.5544336471302763,0.0,0.0,0.0,0.0
7515,59,1.1769491525423736,0.6779661016949481,1.2004509605662277,0.7035389282103117,0.019299610894941744,0.0,0.0,0.01608091616494762,0.0,0.0,0.5254237288135594,0.0,0.0,0.554726996966633,0.0,0.0,0.0,0.0
7516,37,1.0491891891891898,0.4864864864864951,1.2004555116914661,0.702702702702701,0.018826382153249922,0.0,0.0,0.016109392765015836,0.0,0.0,0.5337837837837838,0.0,0.0,0.555091608462395,0.0,0.0,0.0,0.0
7517,33,0.8603030303030306,0.6666666666666732,1.1989396857577288,0.7026862645717167,0.015798553144129306,0.0,0.0,0.01610968852664441,0.0,0.0,0.3484848484848485,0.0,0.0,0.5539280283831728,0.0,0.0,0.0,0.0
7518,47,1.1770212765957453,0.765957446808535,1.1984950915899193,0.7024592652565517,0.01606738309613756,0.0,0.0,0.016123486508086718,0.0,0.0,0.5053191489361702,0.0,0.0,0.5537141989677158,0.0,0.0,0.0,0.0
7519,61,1.3568852459016403,0.8360655737704982,1.199840468497576,0.7031502423263315,0.022077887436649946,0.0,0.0,0.016169098177523433,0.0,0.0,0.6147540983606558,0.0,0.0,0.5543467285945073,0.0,0.0,0.0,0.0
7520,48,1.1856250000000006,0.6666666666666649,1.1990611750454265,0.7032101756511192,0.0144698703279936,0.0,0.0,0.016166588859142073,0.0,0.0,0.5520833333333334,0.0,0.0,0.5538814859681002,0.0,0.0,0.0,0.0
7521,41,1.3268292682926834,0.8292682926829233,1.2000959983831843,0.7045270816491498,0.01970300615718964,0.0,0.0,0.016204457943440668,0.0,0.0,0.5975609756097561,0.0,0.0,0.5540622473726758,0.0,0.0,0.0,0.0
7522,49,1.1271428571428577,0.7142857142857526,1.198788430420711,0.7039846278317142,0.016287230905337957,0.0,0.0,0.016197275862634402,0.0,0.0,0.5306122448979592,0.0,0.0,0.5533980582524272,0.0,0.0,0.0,0.0
7523,59,1.4594915254237295,0.8305084745762579,1.200444309805109,0.7050388771079459,0.023787292817679224,0.0,0.0,0.016259917961820393,0.0,0.0,0.6779661016949152,0.0,0.0,0.5541755023730183,0.0,0.0,0.0,0.0
7524,45,1.0717777777777784,0.7555555555555518,1.2012871587462077,0.7053589484327594,0.013732915717539929,0.0,0.0,0.016279767328733822,0.0,0.0,0.4777777777777778,0.0,0.0,0.5546764408493428,0.0,0.0,0.0,0.0
7525,59,1.1188135593220347,0.6779661016949213,1.200866404119963,0.7044330001009783,0.015444548432381862,0.0,0.0,0.016299477114329008,0.0,0.0,0.461864406779661,0.0,0.0,0.5544784408765021,0.0,0.0,0.0,0.0
7526,75,1.1636000000000004,0.9066666666666446,1.2015165876777245,0.7060603004940996,0.01385898046688872,0.0,0.0,0.016288738151286255,0.0,0.0,0.42,0.0,0.0,0.5539225572249672,0.0,0.0,0.0,0.0
7527,61,1.2267213114754103,0.6065573770491637,1.2015908175594034,0.7064035440998776,0.013916682164776192,0.0,0.0,0.016260767434319017,0.0,0.0,0.6434426229508197,0.0,0.0,0.5540676600886025,0.0,0.0,0.0,0.0
7528,45,1.3037777777777784,0.4444444444444502,1.2000765743073043,0.7040806045340033,0.017154970760234166,0.0,0.0,0.016209570521422245,0.0,0.0,0.7055555555555556,0.0,0.0,0.5540302267002519,0.0,0.0,0.0,0.0
7529,52,1.293076923076924,0.7307692307692538,1.199944578798871,0.7021362353889546,0.017144314125445898,0.0,0.0,0.01622333178932457,0.0,0.0,0.5865384615384616,0.0,0.0,0.5549425634824667,0.0,0.0,0.0,0.0
7530,54,1.0383333333333338,0.5000000000000132,1.198138340716874,0.701067257349979,0.013517357762777092,0.0,0.0,0.016193856902377547,0.0,0.0,0.5925925925925926,0.0,0.0,0.5545962545308095,0.0,0.0,0.0,0.0
7531,50,1.3114000000000008,0.6799999999999935,1.1984113560857739,0.7020034229336546,0.015762019230769298,0.0,0.0,0.016192963626495183,0.0,0.0,0.58,0.0,0.0,0.5539112050739958,0.0,0.0,0.0,0.0
7532,53,1.2266037735849065,0.9811320754717096,1.1992659349511623,0.7033531366428349,0.019126213592232287,0.0,0.0,0.016216689836783454,0.0,0.0,0.419811320754717,0.0,0.0,0.5533430671634276,0.0,0.0,0.0,0.0
7533,58,1.44948275862069,0.9655172413793557,1.2002251256281402,0.7052261306532659,0.01647785182281527,0.0,0.0,0.016194053530699228,0.0,0.0,0.6120689655172413,0.0,0.0,0.5532412060301507,0.0,0.0,0.0,0.0
7534,62,0.9317741935483876,0.5806451612903367,1.198844801607232,0.7062782521346055,0.012918157423971536,0.0,0.0,0.016172702153695245,0.0,0.0,0.3709677419354839,0.0,0.0,0.5515821195379207,0.0,0.0,0.0,0.0
7535,59,1.1415254237288142,0.7118644067796689,1.1978584337349392,0.7055220883534137,0.01596728307254568,0.0,0.0,0.016163394203452267,0.0,0.0,0.5127118644067796,0.0,0.0,0.5514056224899598,0.0,0.0,0.0,0.0
7536,47,0.8400000000000002,0.5957446808510776,1.1950712851405618,0.7037148594377511,0.009601167315175838,0.0,0.0,0.01611231735941721,0.0,0.0,0.3776595744680851,0.0,0.0,0.550527108433735,0.0,0.0,0.0,0.0
7537,54,1.3470370370370377,0.8518518518518752,1.196215646940822,0.704613841524574,0.015204849498327547,0.0,0.0,0.016133761356687964,0.0,0.0,0.5833333333333334,0.0,0.0,0.5510280842527583,0.0,0.0,0.0,0.0
7538,49,0.9330612244897963,0.3265306122448899,1.194506067596028,0.7023367766522919,0.012434049496872697,0.0,0.0,0.016125713852461043,0.0,0.0,0.5816326530612245,0.0,0.0,0.5512736937117642,0.0,0.0,0.0,0.0
7539,55,1.283454545454546,0.6545454545454457,1.1957374912263106,0.7035997192419534,0.019244820065430546,0.0,0.0,0.016131204887075683,0.0,0.0,0.6,0.0,0.0,0.5514138173067281,0.0,0.0,0.0,0.0
7540,49,1.2312244897959188,0.8163265306122544,1.1955314881668666,0.7032691536301648,0.015358961303462803,0.0,0.0,0.016130714391058072,0.0,0.0,0.5051020408163265,0.0,0.0,0.5515944645006017,0.0,0.0,0.0,0.0
7541,32,1.1425000000000005,0.3750000000000033,1.1948638601426702,0.7022003416055463,0.029844897959183752,0.0,0.0,0.016137869268451586,0.0,0.0,0.640625,0.0,0.0,0.5516427207877022,0.0,0.0,0.0,0.0
7542,54,1.356481481481482,0.7777777777777716,1.1936981207918798,0.7017385187418357,0.017341382575756733,0.0,0.0,0.016144144217609447,0.0,0.0,0.6296296296296297,0.0,0.0,0.5509496533011757,0.0,0.0,0.0,0.0
7543,48,1.2725000000000006,0.729166666666654,1.194432274919614,0.7024718649517692,0.017042410714285555,0.0,0.0,0.016142752187428312,0.0,0.0,0.6041666666666666,0.0,0.0,0.5508942926045016,0.0,0.0,0.0,0.0
7544,50,1.5788000000000009,1.0399999999999827,1.1959362750025124,0.7033872751030261,0.032850603412399995,0.0,0.0,0.0162352634566473,0.0,0.0,0.62,0.0,0.0,0.5512614333098804,0.0,0.0,0.0,0.0
7545,42,1.4297619047619052,0.809523809523825,1.1954734829425377,0.702727181241824,0.016515401540153525,0.0,0.0,0.0162392980125027,0.0,0.0,0.6071428571428571,0.0,0.0,0.5513988125188689,0.0,0.0,0.0,0.0
7546,55,1.0969090909090915,0.6181818181818266,1.1951241830065358,0.7021618903971852,0.014178613396005409,0.0,0.0,0.016223737373737394,0.0,0.0,0.5318181818181819,0.0,0.0,0.5513323278029161,0.0,0.0,0.0,0.0
7547,55,1.371272727272728,0.8181818181818254,1.1957022132796777,0.7025150905432603,0.018686818632308012,0.0,0.0,0.016230823225439953,0.0,0.0,0.5636363636363636,0.0,0.0,0.550930583501006,0.0,0.0,0.0,0.0
7548,46,1.2010869565217397,0.6521739130434873,1.1953342057580028,0.7021340849607419,0.022296206618240645,0.0,0.0,0.016249052379792513,0.0,0.0,0.5543478260869565,0.0,0.0,0.5506593517213609,0.0,0.0,0.0,0.0
7549,51,1.265882352941177,0.7843137254902243,1.1959615578142295,0.7023246452651719,0.01267373380447656,0.0,0.0,0.016218812521665106,0.0,0.0,0.5392156862745098,0.0,0.0,0.5509459595451344,0.0,0.0,0.0,0.0
7550,44,1.2268181818181825,0.6818181818181741,1.1957496478164618,0.7008452404910461,0.017756578947368203,0.0,0.0,0.0162381579001308,0.0,0.0,0.5397727272727273,0.0,0.0,0.5515194204065205,0.0,0.0,0.0,0.0
7551,48,1.2168750000000006,0.6250000000000202,1.196083408884859,0.7006144857459471,0.020003424657534005,0.0,0.0,0.01621855087113015,0.0,0.0,0.59375,0.0,0.0,0.5516268761962325,0.0,0.0,0.0,0.0
7552,55,0.913454545454546,0.41818181818180655,1.1947889594036463,0.6997078674322572,0.011804511278195096,0.0,0.0,0.016178281134270816,0.0,0.0,0.5272727272727272,0.0,0.0,0.5511231993552936,0.0,0.0,0.0,0.0
7553,45,1.5348888888888896,1.0222222222222757,1.1958565094719869,0.7008262797259189,0.017633392902732324,0.0,0.0,0.016182920476828164,0.0,0.0,0.6,0.0,0.0,0.5512394195888755,0.0,0.0,0.0,0.0
7554,50,1.2348000000000006,0.6399999999999844,1.1961215658649489,0.7001106973935813,0.014595744680851274,0.0,0.0,0.016176167975001942,0.0,0.0,0.57,0.0,0.0,0.5515246050115729,0.0,0.0,0.0,0.0
7555,55,1.4365454545454552,0.6909090909090967,1.1985656809495069,0.7013679340173021,0.019144657135933243,0.0,0.0,0.0162257029217088,0.0,0.0,0.7136363636363636,0.0,0.0,0.5521273385636692,0.0,0.0,0.0,0.0
7556,55,1.2101818181818185,0.9818181818182208,1.199009452936444,0.7036403861625121,0.011018043370303607,0.0,0.0,0.01618499267647394,0.0,0.0,0.35454545454545455,0.0,0.0,0.551010659694288,0.0,0.0,0.0,0.0
7557,44,1.344772727272728,1.1818181818182028,1.2007002012072432,0.7057344064386339,0.030785639958377,0.0,0.0,0.016240471363061178,0.0,0.0,0.4147727272727273,0.0,0.0,0.5515342052313883,0.0,0.0,0.0,0.0
7558,45,1.1231111111111114,0.7999999999999997,1.2005465525918468,0.7064921992954224,0.009909803921569107,0.0,0.0,0.01620328156584871,0.0,0.0,0.4444444444444444,0.0,0.0,0.5510065425264218,0.0,0.0,0.0,0.0
7559,53,1.2705660377358496,0.6792452830188743,1.2003378582202109,0.7057817998994492,0.022224422442244568,0.0,0.0,0.01621639685435573,0.0,0.0,0.6273584905660378,0.0,0.0,0.5513323278029161,0.0,0.0,0.0,0.0
7560,48,0.8139583333333337,0.6666666666666649,1.1982774927055033,0.7052017305563963,0.010576610720086988,0.0,0.0,0.0161752350633106,0.0,0.0,0.23958333333333334,0.0,0.0,0.5496025757118422,0.0,0.0,0.0,0.0
7561,65,1.2833846153846158,0.6769230769230508,1.1989400782896718,0.7043059319482103,0.018873303167420478,0.0,0.0,0.016200618456029978,0.0,0.0,0.6692307692307692,0.0,0.0,0.5507879152865602,0.0,0.0,0.0,0.0
7562,57,1.13280701754386,0.7017543859649273,1.1979352835103183,0.7045682228010439,0.013054993934493265,0.0,0.0,0.016151100125612904,0.0,0.0,0.49122807017543857,0.0,0.0,0.5498647565618112,0.0,0.0,0.0,0.0
7563,55,0.9936363636363641,0.5454545454545678,1.1965246950609876,0.7033593281343751,0.011947966768692817,0.0,0.0,0.016129633972446215,0.0,0.0,0.4409090909090909,0.0,0.0,0.5492151569686062,0.0,0.0,0.0,0.0
7564,49,1.0693877551020414,0.8163265306122695,1.1958228354329132,0.7029594081183781,0.01904069767441932,0.0,0.0,0.01613171754772843,0.0,0.0,0.41836734693877553,0.0,0.0,0.5491151769646071,0.0,0.0,0.0,0.0
7565,47,1.1080851063829793,0.7659574468084722,1.1954234234234231,0.7028028028028043,0.017823408624229882,0.0,0.0,0.016152338598747866,0.0,0.0,0.4148936170212766,0.0,0.0,0.5488238238238238,0.0,0.0,0.0,0.0
7566,45,0.8935555555555559,0.5333333333333258,1.194962428614367,0.7036369101292471,0.012207043108682833,0.0,0.0,0.016140492378312873,0.0,0.0,0.4666666666666667,0.0,0.0,0.5479160404769061,0.0,0.0,0.0,0.0
7567,51,1.14843137254902,0.7058823529411907,1.1952990083141337,0.7036962836822616,0.016667615253272886,0.0,0.0,0.01615446057122283,0.0,0.0,0.5098039215686274,0.0,0.0,0.5481318241009716,0.0,0.0,0.0,0.0
7568,53,1.1509433962264157,0.6792452830188561,1.194571943526584,0.703013918093523,0.018192663286608464,0.0,0.0,0.016166620593209342,0.0,0.0,0.4858490566037736,0.0,0.0,0.5477120256333233,0.0,0.0,0.0,0.0
7569,44,1.0581818181818188,0.7272727272727363,1.1931860977564095,0.7028245192307704,0.012175732217573529,0.0,0.0,0.01615382842141522,0.0,0.0,0.3977272727272727,0.0,0.0,0.5468499599358975,0.0,0.0,0.0,0.0
7570,40,0.8827500000000004,0.5250000000000068,1.1918749999999991,0.7019230769230784,0.010914992272025198,0.0,0.0,0.016142229071172902,0.0,0.0,0.40625,0.0,0.0,0.5465244391025641,0.0,0.0,0.0,0.0
7571,49,1.1034693877551025,0.6530612244897955,1.1915645032051276,0.7025240384615399,0.018397414086424303,0.0,0.0,0.01614076076043485,0.0,0.0,0.5306122448979592,0.0,0.0,0.5463491586538461,0.0,0.0,0.0,0.0
7572,38,1.554473684210527,0.9999999999999833,1.1906289497442062,0.7015748821346187,0.032331691297207844,0.0,0.0,0.01614914590093679,0.0,0.0,0.618421052631579,0.0,0.0,0.5462684321396328,0.0,0.0,0.0,0.0
7573,45,1.1104444444444448,0.622222222222207,1.1897410678442386,0.7011240465676449,0.013479902886430556,0.0,0.0,0.0161004005209897,0.0,0.0,0.5166666666666667,0.0,0.0,0.5456142111601766,0.0,0.0,0.0,0.0
7574,29,1.2200000000000006,0.6896551724138,1.1899406737053788,0.7010558069381612,0.028694241686943515,0.0,0.0,0.01610156784682645,0.0,0.0,0.6206896551724138,0.0,0.0,0.5458270487682252,0.0,0.0,0.0,0.0
7575,43,1.2181395348837214,0.8372093023256146,1.1902382867484405,0.7021918359139366,0.011489361702127793,0.0,0.0,0.016087098913403933,0.0,0.0,0.4069767441860465,0.0,0.0,0.5450683691936457,0.0,0.0,0.0,0.0
7576,58,1.2596551724137937,0.8448275862069407,1.190615770969361,0.7024610748367672,0.01558114736617681,0.0,0.0,0.01607186151647385,0.0,0.0,0.5344827586206896,0.0,0.0,0.5452787543947765,0.0,0.0,0.0,0.0
7577,51,1.269411764705883,0.5490196078431213,1.1910294265340955,0.701918248468416,0.019371633752243735,0.0,0.0,0.016081002469289868,0.0,0.0,0.6078431372549019,0.0,0.0,0.5451190117505272,0.0,0.0,0.0,0.0
7578,41,1.1192682926829272,0.731707317073183,1.1905525972068713,0.7007937305335092,0.015317089452603119,0.0,0.0,0.016081234215051272,0.0,0.0,0.524390243902439,0.0,0.0,0.5457399778961117,0.0,0.0,0.0,0.0
7579,50,1.2848000000000004,0.640000000000018,1.1917856067449553,0.7008933052293506,0.01583826429980247,0.0,0.0,0.016092660031958323,0.0,0.0,0.61,0.0,0.0,0.5461959249222121,0.0,0.0,0.0,0.0
7580,60,1.2790000000000004,0.5666666666666598,1.1915772585982138,0.6989872656171685,0.015960898502495553,0.0,0.0,0.016085155111106943,0.0,0.0,0.6416666666666667,0.0,0.0,0.5463501453925599,0.0,0.0,0.0,0.0
7581,47,1.0421276595744684,0.5957446808510745,1.190484745082295,0.6978121236451246,0.011617647058824548,0.0,0.0,0.016060665552808568,0.0,0.0,0.48404255319148937,0.0,0.0,0.5463167402649538,0.0,0.0,0.0,0.0
7582,52,1.179038461538462,0.826923076923051,1.190351914978944,0.6982153599358352,0.013712815924848262,0.0,0.0,0.016047743529577187,0.0,0.0,0.4951923076923077,0.0,0.0,0.5460447162622819,0.0,0.0,0.0,0.0
7583,46,1.167826086956522,0.9130434782608873,1.1910655573376092,0.7005813953488393,0.012222980659840954,0.0,0.0,0.01604908706328564,0.0,0.0,0.3804347826086957,0.0,0.0,0.544782477947073,0.0,0.0,0.0,0.0
7584,51,0.9750980392156866,0.7058823529411836,1.1896725592607462,0.6999799116110907,0.013498914223670307,0.0,0.0,0.016037821179427227,0.0,0.0,0.4215686274509804,0.0,0.0,0.5442195660907995,0.0,0.0,0.0,0.0
7585,41,1.1151219512195127,0.7804878048780153,1.1903534387272168,0.7007350719967796,0.012999715666760827,0.0,0.0,0.016031342852454562,0.0,0.0,0.4878048780487805,0.0,0.0,0.5450105729533783,0.0,0.0,0.0,0.0
7586,45,1.2362222222222226,0.7111111111111573,1.1915791595283671,0.7008969061775693,0.013446942228668433,0.0,0.0,0.016040339472341944,0.0,0.0,0.5166666666666667,0.0,0.0,0.5455507407034164,0.0,0.0,0.0,0.0
7587,51,1.2711764705882358,0.8039215686274644,1.1916673391163997,0.7008271131732925,0.01545411203814065,0.0,0.0,0.016033611141646996,0.0,0.0,0.5147058823529411,0.0,0.0,0.5452894896106516,0.0,0.0,0.0,0.0
7588,47,1.0725531914893622,0.5106382978723165,1.190298959701039,0.6979093020906999,0.01644698205546541,0.0,0.0,0.016014912635924618,0.0,0.0,0.5531914893617021,0.0,0.0,0.5461569538430462,0.0,0.0,0.0,0.0
7589,47,1.3065957446808516,0.6808510638298019,1.190638641875504,0.6988682295877143,0.022905632226780135,0.0,0.0,0.016029210902936904,0.0,0.0,0.6702127659574468,0.0,0.0,0.5459529102667745,0.0,0.0,0.0,0.0
7590,34,1.3097058823529415,0.6470588235294015,1.1900980987055,0.6989279935275103,0.013539069626026329,0.0,0.0,0.01599886069013902,0.0,0.0,0.6323529411764706,0.0,0.0,0.5453832928802589,0.0,0.0,0.0,0.0
7591,45,1.1311111111111116,0.6666666666666841,1.190379170879675,0.6983822042467163,0.014241745942920053,0.0,0.0,0.016007203537320283,0.0,0.0,0.5333333333333333,0.0,0.0,0.5458796764408493,0.0,0.0,0.0,0.0
7592,54,1.2714814814814819,0.7777777777777631,1.1896714848883037,0.6985747498231095,0.016128729151985575,0.0,0.0,0.015978728372668952,0.0,0.0,0.5324074074074074,0.0,0.0,0.5449812999090266,0.0,0.0,0.0,0.0
7593,47,1.29936170212766,0.8297872340425457,1.1910273003033351,0.6996966632962612,0.018653023824068287,0.0,0.0,0.016015091569115344,0.0,0.0,0.5531914893617021,0.0,0.0,0.5451466127401415,0.0,0.0,0.0,0.0
7594,42,1.2392857142857148,0.6904761904761726,1.1912047339672251,0.7002832288084182,0.01788045345242117,0.0,0.0,0.016018142446360257,0.0,0.0,0.5714285714285714,0.0,0.0,0.5448614201901679,0.0,0.0,0.0,0.0
7595,43,1.0518604651162797,0.6279069767441703,1.190270297631098,0.698926908281031,0.012627024008932933,0.0,0.0,0.016001679446245507,0.0,0.0,0.4883720930232558,0.0,0.0,0.5448724438145374,0.0,0.0,0.0,0.0
7596,56,1.2871428571428578,0.6428571428571364,1.1901030719482604,0.6986661277283776,0.01816990168893432,0.0,0.0,0.015993997460464083,0.0,0.0,0.6339285714285714,0.0,0.0,0.5446645109135004,0.0,0.0,0.0,0.0
7597,51,1.2696078431372555,0.8627450980391463,1.1908206318764496,0.6995054002220673,0.016078966972931555,0.0,0.0,0.016015818346947482,0.0,0.0,0.5588235294117647,0.0,0.0,0.5446149187443222,0.0,0.0,0.0,0.0
7598,50,1.0810000000000004,0.5999999999999869,1.1903585134316286,0.6990506968289255,0.011087179487179213,0.0,0.0,0.015993120759837207,0.0,0.0,0.6,0.0,0.0,0.5446879418299333,0.0,0.0,0.0,0.0
7599,50,0.9812000000000005,0.5600000000000326,1.1893338716188924,0.6978199434800183,0.014366032210834613,0.0,0.0,0.015988407511780434,0.0,0.0,0.46,0.0,0.0,0.5446104158255954,0.0,0.0,0.0,0.0
7600,51,1.1417647058823532,0.7058823529411624,1.189083653263284,0.6977167104465569,0.01481302467565545,0.0,0.0,0.015989302923967105,0.0,0.0,0.49019607843137253,0.0,0.0,0.5443523944231158,0.0,0.0,0.0,0.0
7601,58,1.2970689655172416,0.9310344827586001,1.1894248234106948,0.698486377396571,0.016811173184357125,0.0,0.0,0.01598823724096025,0.0,0.0,0.5,0.0,0.0,0.5442482341069627,0.0,0.0,0.0,0.0
7602,51,1.1807843137254905,0.5686274509804164,1.1882734248788351,0.69759693053312,0.01563749675408961,0.0,0.0,0.015946909849726982,0.0,0.0,0.6078431372549019,0.0,0.0,0.5436692245557351,0.0,0.0,0.0,0.0
7603,51,1.1192156862745102,0.6666666666667445,1.1878288543140014,0.6972115578904853,0.012786738351255192,0.0,0.0,0.015922979515828703,0.0,0.0,0.5196078431372549,0.0,0.0,0.5434936350777935,0.0,0.0,0.0,0.0
7604,46,1.1384782608695654,0.45652173913043653,1.18642857142857,0.6950899171549833,0.012407012556266576,0.0,0.0,0.015910500580558037,0.0,0.0,0.6521739130434783,0.0,0.0,0.5437967266114366,0.0,0.0,0.0,0.0
7605,49,1.334897959183674,0.8163265306122426,1.186855237902817,0.6967370441458758,0.016126725838264223,0.0,0.0,0.015891455252749893,0.0,0.0,0.6122448979591837,0.0,0.0,0.5435144964137791,0.0,0.0,0.0,0.0
7606,45,1.3566666666666671,0.7999999999999919,1.1870597754627272,0.697582684332965,0.012173479561316404,0.0,0.0,0.015859288116675266,0.0,0.0,0.6111111111111112,0.0,0.0,0.5434155962374836,0.0,0.0,0.0,0.0
7607,50,1.1764000000000006,0.4799999999999973,1.1866258970989574,0.6961487920752071,0.014252483644293651,0.0,0.0,0.01585996184732447,0.0,0.0,0.635,0.0,0.0,0.5439452137875266,0.0,0.0,0.0,0.0
7608,42,1.08,0.7142857142857282,1.1868396560445102,0.6980273141122938,0.010645388406477524,0.0,0.0,0.01581168958067436,0.0,0.0,0.4642857142857143,0.0,0.0,0.5432220536165908,0.0,0.0,0.0,0.0
7609,42,1.2797619047619055,0.7142857142857334,1.1876682887266812,0.6966747769667504,0.026503944773175317,0.0,0.0,0.015853985636201027,0.0,0.0,0.5476190476190477,0.0,0.0,0.5441504460665044,0.0,0.0,0.0,0.0
7610,53,1.4022641509433968,0.8301886792453113,1.1886968408262437,0.697043337383559,0.014598310744450732,0.0,0.0,0.015834775465719993,0.0,0.0,0.6462264150943396,0.0,0.0,0.5447802754151478,0.0,0.0,0.0,0.0
7611,59,1.1991525423728822,0.6101694915254107,1.1881130549094938,0.6955202750530921,0.01477961144767093,0.0,0.0,0.015829299411112507,0.0,0.0,0.5338983050847458,0.0,0.0,0.5449236525432298,0.0,0.0,0.0,0.0
7612,39,0.8820512820512824,0.6153846153846199,1.1869155186385723,0.6950972447325797,0.01741772151898719,0.0,0.0,0.01582802005716728,0.0,0.0,0.28205128205128205,0.0,0.0,0.544089343598055,0.0,0.0,0.0,0.0
7613,39,1.2915384615384617,0.6153846153845891,1.1873055471047547,0.6936416184971126,0.014065903378943666,0.0,0.0,0.01582188383881385,0.0,0.0,0.7435897435897436,0.0,0.0,0.5453554406246831,0.0,0.0,0.0,0.0
7614,64,1.0482812500000005,0.4687499999999927,1.1873998986315244,0.6933603649265104,0.014509083044982149,0.0,0.0,0.015841119536303412,0.0,0.0,0.5390625,0.0,0.0,0.5453370501773949,0.0,0.0,0.0,0.0
7615,47,1.0863829787234045,0.5106382978723165,1.1869252611297014,0.6928303417503322,0.010469550953454813,0.0,0.0,0.015798583505547085,0.0,0.0,0.5851063829787234,0.0,0.0,0.5453300882263462,0.0,0.0,0.0,0.0
7616,43,1.3425581395348842,0.8372093023256038,1.187935719355164,0.6947176315522688,0.01443250000000049,0.0,0.0,0.01577988237084567,0.0,0.0,0.5465116279069767,0.0,0.0,0.5450674237047551,0.0,0.0,0.0,0.0
7617,53,1.1835849056603778,0.7169811320754719,1.1881327927014682,0.6964014191586443,0.01279159869494318,0.0,0.0,0.015747376765057598,0.0,0.0,0.5283018867924528,0.0,0.0,0.5445514445007603,0.0,0.0,0.0,0.0
7618,52,0.8636538461538467,0.4615384615385087,1.186988037307379,0.6951540957015441,0.01269361221028771,0.0,0.0,0.015760720323925035,0.0,0.0,0.47115384615384615,0.0,0.0,0.5442011354420113,0.0,0.0,0.0,0.0
7619,52,1.1455769230769235,0.8461538461538578,1.1875855436323126,0.6962947965175169,0.016000537201182004,0.0,0.0,0.015759002576578685,0.0,0.0,0.3942307692307692,0.0,0.0,0.5438347843693055,0.0,0.0,0.0,0.0
7620,46,1.1134782608695657,0.43478260869564417,1.187721980358407,0.6959603118355809,0.015673194614443185,0.0,0.0,0.0157636010110308,0.0,0.0,0.6304347826086957,0.0,0.0,0.5441429583881745,0.0,0.0,0.0,0.0
7621,56,1.0012500000000004,0.7500000000000039,1.186443590780427,0.6959158916296031,0.011876721033679287,0.0,0.0,0.015726487251365474,0.0,0.0,0.36607142857142855,0.0,0.0,0.5432672866963203,0.0,0.0,0.0,0.0
7622,49,1.0146938775510208,0.5714285714285848,1.185627149504348,0.6947198057859635,0.010690174156095184,0.0,0.0,0.015718644140531784,0.0,0.0,0.4897959183673469,0.0,0.0,0.5433946995751567,0.0,0.0,0.0,0.0
7623,47,1.1453191489361707,0.5106382978723358,1.1843997975708487,0.6942307692307728,0.01744329228775162,0.0,0.0,0.015727706850136247,0.0,0.0,0.601063829787234,0.0,0.0,0.5424848178137652,0.0,0.0,0.0,0.0
7624,40,1.3287500000000005,0.6999999999999899,1.1854617253948951,0.6945119481571521,0.022723386062420473,0.0,0.0,0.01575799096591493,0.0,0.0,0.68125,0.0,0.0,0.5432867557715675,0.0,0.0,0.0,0.0
7625,57,1.2354385964912287,0.894736842105264,1.186100323624594,0.6957928802589033,0.015108345848530526,0.0,0.0,0.01577181740551229,0.0,0.0,0.47368421052631576,0.0,0.0,0.5428296925566343,0.0,0.0,0.0,0.0
7626,57,1.0714035087719302,0.6491228070175485,1.1859417946645094,0.6949272433306424,0.012057255676209473,0.0,0.0,0.015768091329624256,0.0,0.0,0.45614035087719296,0.0,0.0,0.5430729587712207,0.0,0.0,0.0,0.0
7627,55,1.175636363636364,0.6545454545454483,1.1855399535306579,0.6939084756035997,0.015199811941702071,0.0,0.0,0.01575582066628541,0.0,0.0,0.5863636363636363,0.0,0.0,0.5434892413375089,0.0,0.0,0.0,0.0
7628,46,1.0589130434782612,0.41304347826085575,1.1839773874419526,0.6919038966283095,0.01274130264190412,0.0,0.0,0.015732852925039974,0.0,0.0,0.6521739130434783,0.0,0.0,0.5436099333737129,0.0,0.0,0.0,0.0
7629,51,1.336274509803922,0.7450980392156668,1.1856684491978593,0.6924629199878958,0.014599400171379695,0.0,0.0,0.01575190847369024,0.0,0.0,0.6323529411764706,0.0,0.0,0.544142871556856,0.0,0.0,0.0,0.0
7630,52,0.7273076923076928,0.3461538461538487,1.1832291246470334,0.6902985074626902,0.011189349112425914,0.0,0.0,0.015735573589546574,0.0,0.0,0.3894230769230769,0.0,0.0,0.5435911657926583,0.0,0.0,0.0,0.0
7631,46,1.2297826086956527,0.6521739130434704,1.1843751891074112,0.690267271810392,0.015368106492799958,0.0,0.0,0.015762735070269426,0.0,0.0,0.5543478260869565,0.0,0.0,0.5441502773575391,0.0,0.0,0.0,0.0
7632,60,1.3985000000000005,0.6999999999999957,1.185502416431734,0.6902939991945264,0.014997319034851913,0.0,0.0,0.01574453660604329,0.0,0.0,0.65,0.0,0.0,0.5446788159484495,0.0,0.0,0.0,0.0
7633,51,1.410980392156863,0.980392156862817,1.1868688904565134,0.6922301723269214,0.012271487039563298,0.0,0.0,0.015723759133686618,0.0,0.0,0.5245098039215687,0.0,0.0,0.5444422049783332,0.0,0.0,0.0,0.0
7634,43,1.1741860465116285,0.674418604651176,1.1865156407669004,0.6919273461150396,0.016521596858638608,0.0,0.0,0.015706265478025564,0.0,0.0,0.563953488372093,0.0,0.0,0.5442230070635722,0.0,0.0,0.0,0.0
7635,51,1.2168627450980398,0.6274509803921714,1.1870398788490644,0.6918727915194387,0.014429202511043907,0.0,0.0,0.015734680686202502,0.0,0.0,0.6078431372549019,0.0,0.0,0.5444724886421,0.0,0.0,0.0,0.0
7636,36,1.1630555555555557,0.7222222222222103,1.1877023472278414,0.6929380817482842,0.012472445635984562,0.0,0.0,0.015744955659157622,0.0,0.0,0.5138888888888888,0.0,0.0,0.5445163901254553,0.0,0.0,0.0,0.0
7637,55,1.2987272727272734,0.5818181818181605,1.1888717015468595,0.6926498837326904,0.019037846481876706,0.0,0.0,0.015791761623448766,0.0,0.0,0.6454545454545455,0.0,0.0,0.5453442523506218,0.0,0.0,0.0,0.0
7638,48,1.1539583333333339,0.6249999999999823,1.1882080048514236,0.6917323630483162,0.017175193798449423,0.0,0.0,0.015818407869826568,0.0,0.0,0.6666666666666666,0.0,0.0,0.5456842530826763,0.0,0.0,0.0,0.0
7639,46,0.905434782608696,0.3043478260869716,1.1873088592232997,0.6899271844660235,0.010483262018625868,0.0,0.0,0.015806039897086704,0.0,0.0,0.5271739130434783,0.0,0.0,0.5462682038834952,0.0,0.0,0.0,0.0
7640,49,1.2497959183673475,0.7755102040816463,1.1874065089953496,0.6903173640590299,0.016213926396611938,0.0,0.0,0.015810439449524028,0.0,0.0,0.5510204081632653,0.0,0.0,0.5460127349909035,0.0,0.0,0.0,0.0
7641,53,1.303773584905661,0.7547169811320833,1.188017581085176,0.6907143578862324,0.0179760665972951,0.0,0.0,0.015825097411118698,0.0,0.0,0.5660377358490566,0.0,0.0,0.5461250884106295,0.0,0.0,0.0,0.0
7642,36,1.2327777777777784,0.7777777777777506,1.1872149721800695,0.690743550834602,0.013868749999999859,0.0,0.0,0.015798612326439875,0.0,0.0,0.5555555555555556,0.0,0.0,0.5456246838644411,0.0,0.0,0.0,0.0
7643,53,1.1113207547169814,0.7358490566038084,1.186833636915603,0.6912568306010971,0.018303293971411116,0.0,0.0,0.01583833896016209,0.0,0.0,0.5,0.0,0.0,0.5450313701679822,0.0,0.0,0.0,0.0
7644,45,0.8788888888888895,0.46666666666666096,1.1859224774820352,0.6898087238133835,0.010438110319345143,0.0,0.0,0.01581409220894724,0.0,0.0,0.4222222222222222,0.0,0.0,0.5452889383665621,0.0,0.0,0.0,0.0
7645,46,1.0845652173913047,0.7173913043478501,1.1882551898734166,0.6909367088607639,0.013009126466754374,0.0,0.0,0.01586231415817951,0.0,0.0,0.45652173913043476,0.0,0.0,0.5463544303797468,0.0,0.0,0.0,0.0
7646,54,1.2422222222222228,0.7777777777777773,1.1884367722992801,0.691404272552399,0.014989944134078136,0.0,0.0,0.015842551502980088,0.0,0.0,0.5092592592592593,0.0,0.0,0.5460413080895009,0.0,0.0,0.0,0.0
7647,48,1.0756250000000003,0.6249999999999819,1.1878234937323078,0.6911645774363167,0.00979139010051235,0.0,0.0,0.01580934787171639,0.0,0.0,0.453125,0.0,0.0,0.5453396684189243,0.0,0.0,0.0,0.0
7648,45,1.1311111111111116,0.48888888888889515,1.1874479061298795,0.6899656079304112,0.017491408934708384,0.0,0.0,0.015818898953501886,0.0,0.0,0.6666666666666666,0.0,0.0,0.5462775642322476,0.0,0.0,0.0,0.0
7649,53,1.1807547169811328,0.6415094339622454,1.1869738039850297,0.6888843936482292,0.015156212157906879,0.0,0.0,0.015821431364037172,0.0,0.0,0.5943396226415094,0.0,0.0,0.5466268837867907,0.0,0.0,0.0,0.0
7650,46,1.3565217391304352,0.6086956521738752,1.1868847320525773,0.6882709807886792,0.01796717535272213,0.0,0.0,0.015843948120382992,0.0,0.0,0.717391304347826,0.0,0.0,0.5470677451971688,0.0,0.0,0.0,0.0
7651,48,0.9772916666666673,0.4166666666666603,1.1857944775968434,0.6870638211793303,0.010998827667057114,0.0,0.0,0.015809207243894906,0.0,0.0,0.53125,0.0,0.0,0.5466774552442601,0.0,0.0,0.0,0.0
7652,60,1.2446666666666673,0.6666666666666471,1.1870032342834032,0.6869820092985685,0.01620659722222258,0.0,0.0,0.015826261907553357,0.0,0.0,0.6291666666666667,0.0,0.0,0.5476804123711341,0.0,0.0,0.0,0.0
7653,59,1.1398305084745768,0.8644067796610306,1.187206506364921,0.6882198423924064,0.014125183784919379,0.0,0.0,0.01584207496525146,0.0,0.0,0.3983050847457627,0.0,0.0,0.5473833097595474,0.0,0.0,0.0,0.0
7654,39,1.2069230769230777,0.5641025641025529,1.187910553475664,0.6886572902964726,0.017452725250278307,0.0,0.0,0.015833552492275527,0.0,0.0,0.6410256410256411,0.0,0.0,0.5474046342203784,0.0,0.0,0.0,0.0
7655,40,0.8640000000000004,0.5500000000000017,1.1857511642032788,0.688600931362628,0.010397111913357307,0.0,0.0,0.01578291709449393,0.0,0.0,0.35,0.0,0.0,0.5455810892893298,0.0,0.0,0.0,0.0
7656,40,1.1097500000000005,0.6250000000000192,1.1856269608339225,0.688695476166384,0.01440765985069771,0.0,0.0,0.01577547063100917,0.0,0.0,0.4875,0.0,0.0,0.5453648416152211,0.0,0.0,0.0,0.0
7657,47,1.2512765957446814,0.5744680851063753,1.1845276905943087,0.6880631770780644,0.02141660597232315,0.0,0.0,0.015781176023081843,0.0,0.0,0.6861702127659575,0.0,0.0,0.5451554115622153,0.0,0.0,0.0,0.0
7658,45,1.0342222222222224,0.39999999999999797,1.1846298734177203,0.6880000000000042,0.009855993223210024,0.0,0.0,0.015737247526723785,0.0,0.0,0.6111111111111112,0.0,0.0,0.5452151898734178,0.0,0.0,0.0,0.0
7659,46,1.458478260869566,0.9130434782608521,1.1854373163068803,0.6885578189926054,0.019784724270126522,0.0,0.0,0.01573369221622293,0.0,0.0,0.6521739130434783,0.0,0.0,0.5458092632005676,0.0,0.0,0.0,0.0
7660,50,1.3384000000000007,0.8399999999999744,1.1859359805510523,0.6882090761750443,0.020489895897122242,0.0,0.0,0.01574309868851888,0.0,0.0,0.58,0.0,0.0,0.5465457860615883,0.0,0.0,0.0,0.0
7661,59,1.2852542372881361,0.610169491525422,1.187512155591571,0.6900324149108626,0.017230174960237116,0.0,0.0,0.015745347829882708,0.0,0.0,0.6567796610169492,0.0,0.0,0.5466724068071313,0.0,0.0,0.0,0.0
7662,57,1.137368421052632,0.5263157894736797,1.1882843832286805,0.689082438727976,0.02037397862979311,0.0,0.0,0.015761276794098045,0.0,0.0,0.6271929824561403,0.0,0.0,0.5479289041928297,0.0,0.0,0.0,0.0
7663,53,1.2281132075471703,0.5660377358490335,1.1881864183787056,0.6881894545086564,0.01671545968156148,0.0,0.0,0.015752549959345587,0.0,0.0,0.6509433962264151,0.0,0.0,0.5485021758931282,0.0,0.0,0.0,0.0
7664,44,1.141136363636364,0.4999999999999828,1.1892354430379737,0.6880000000000033,0.014771991762282905,0.0,0.0,0.015761853568317677,0.0,0.0,0.6477272727272727,0.0,0.0,0.5497215189873418,0.0,0.0,0.0,0.0
7665,47,1.2268085106382984,0.7021276595744665,1.1897802086498523,0.687835510989571,0.019252086811352615,0.0,0.0,0.015759555656922098,0.0,0.0,0.526595744680851,0.0,0.0,0.5498835207130558,0.0,0.0,0.0,0.0
7666,45,1.1940000000000006,0.8888888888888727,1.1897891535732377,0.6887987835783104,0.017761983471074754,0.0,0.0,0.015775010012875654,0.0,0.0,0.5333333333333333,0.0,0.0,0.5496958945767866,0.0,0.0,0.0,0.0
7667,63,1.1828571428571437,0.6507936507936295,1.1894103964401286,0.6876011326860871,0.018714213962833043,0.0,0.0,0.015776709383078114,0.0,0.0,0.5119047619047619,0.0,0.0,0.5498078478964401,0.0,0.0,0.0,0.0
7668,54,1.3379629629629637,0.8148148148148022,1.1896652169515516,0.6880752503287173,0.019215425531914458,0.0,0.0,0.015771258016548682,0.0,0.0,0.5648148148148148,0.0,0.0,0.5493577424901386,0.0,0.0,0.0,0.0
7669,43,1.187209302325582,0.5348837209302115,1.190467516697024,0.6889293665249978,0.015032391048291707,0.0,0.0,0.01578153066439869,0.0,0.0,0.6511627906976745,0.0,0.0,0.5493827160493827,0.0,0.0,0.0,0.0
7670,37,1.2583783783783788,0.6756756756756882,1.1898610406734953,0.6890151130946371,0.018865478119934605,0.0,0.0,0.01578735298827946,0.0,0.0,0.5405405405405406,0.0,0.0,0.5486357642762958,0.0,0.0,0.0,0.0
7671,35,1.1848571428571433,0.6857142857142716,1.1894838971858162,0.6895255511531064,0.01712928541924798,0.0,0.0,0.01579804617398229,0.0,0.0,0.4928571428571429,0.0,0.0,0.5475718784923296,0.0,0.0,0.0,0.0
7672,50,1.1346000000000005,0.520000000000012,1.1879579396525437,0.6879000304785154,0.016496074440244153,0.0,0.0,0.015773756608332152,0.0,0.0,0.61,0.0,0.0,0.5473686884080057,0.0,0.0,0.0,0.0
7673,49,1.1816326530612251,0.571428571428581,1.1890582139591575,0.6883064106471632,0.015113547376663405,0.0,0.0,0.01576888098462038,0.0,0.0,0.5816326530612245,0.0,0.0,0.5474194859290866,0.0,0.0,0.0,0.0
7674,60,1.112333333333334,0.5166666666666863,1.1886580789126673,0.6866822192920204,0.014732891832229018,0.0,0.0,0.01574501073494758,0.0,0.0,0.625,0.0,0.0,0.5481793285323056,0.0,0.0,0.0,0.0
7675,43,1.266976744186047,0.7906976744185903,1.1890416243654807,0.6885279187817288,0.018257372654155897,0.0,0.0,0.015755145416879678,0.0,0.0,0.563953488372093,0.0,0.0,0.5477918781725888,0.0,0.0,0.0,0.0
7676,44,1.1150000000000004,0.4999999999999916,1.1889352415753132,0.6877791311408881,0.012913924717030508,0.0,0.0,0.015728117925402373,0.0,0.0,0.6590909090909091,0.0,0.0,0.5482896873731222,0.0,0.0,0.0,0.0
7677,43,0.888837209302326,0.44186046511626703,1.1882918655428034,0.687011272468775,0.009641775983855431,0.0,0.0,0.01569281216681086,0.0,0.0,0.38372093023255816,0.0,0.0,0.5477302731796486,0.0,0.0,0.0,0.0
7678,36,1.1308333333333338,0.5833333333333296,1.186980268510983,0.6861269324654219,0.013031370038412515,0.0,0.0,0.015639006962944724,0.0,0.0,0.625,0.0,0.0,0.5474979658258747,0.0,0.0,0.0,0.0
7679,36,1.0850000000000006,0.7222222222222028,1.1860067285146279,0.6863084922010425,0.01886956521739099,0.0,0.0,0.015665957446808532,0.0,0.0,0.4166666666666667,0.0,0.0,0.5468447344275665,0.0,0.0,0.0,0.0
7680,47,1.0653191489361709,0.7234042553191529,1.1848364414552108,0.6856211148476536,0.010185109845402692,0.0,0.0,0.01562697827077463,0.0,0.0,0.4148936170212766,0.0,0.0,0.5462396820544176,0.0,0.0,0.0,0.0
7681,51,1.3052941176470592,0.9019607843136376,1.1851062747889745,0.6862605512051277,0.01456673960612639,0.0,0.0,0.015606806746210865,0.0,0.0,0.5784313725490197,0.0,0.0,0.5463490287806366,0.0,0.0,0.0,0.0
7682,43,1.2127906976744192,0.604651162790706,1.184542310821805,0.6855166802278299,0.014785937056989181,0.0,0.0,0.015613329972866028,0.0,0.0,0.5755813953488372,0.0,0.0,0.5460740439381611,0.0,0.0,0.0,0.0
7683,50,1.0710000000000004,0.6399999999999869,1.1827368849125646,0.684627897519319,0.013199408429874085,0.0,0.0,0.015582088112854754,0.0,0.0,0.55,0.0,0.0,0.5454961366409109,0.0,0.0,0.0,0.0
7684,39,1.0461538461538464,0.769230769230765,1.1827697475570016,0.6854641693811097,0.010017186349128416,0.0,0.0,0.015539449330252076,0.0,0.0,0.4166666666666667,0.0,0.0,0.5447882736156352,0.0,0.0,0.0,0.0
7685,55,1.134545454545455,0.5454545454545304,1.1844176338831178,0.6854001221747117,0.012118858030686065,0.0,0.0,0.015523552175073407,0.0,0.0,0.5636363636363636,0.0,0.0,0.5456118916717573,0.0,0.0,0.0,0.0
7686,50,1.3396000000000006,0.680000000000012,1.1850820173204262,0.6852776362710157,0.015490286771507877,0.0,0.0,0.01551195845546954,0.0,0.0,0.645,0.0,0.0,0.5461793173713704,0.0,0.0,0.0,0.0
7687,54,1.1168518518518522,0.3888888888888919,1.1838145695364222,0.6835455934793702,0.014756545143136885,0.0,0.0,0.015467397584138506,0.0,0.0,0.7083333333333334,0.0,0.0,0.5463066734589913,0.0,0.0,0.0,0.0
7688,55,0.8496363636363641,0.29090909090909517,1.1817420077377299,0.6808185705558966,0.00959351262574456,0.0,0.0,0.015430337239971089,0.0,0.0,0.5636363636363636,0.0,0.0,0.5464518428018733,0.0,0.0,0.0,0.0
7689,68,0.9400000000000004,0.3235294117647037,1.1800844354018296,0.678840284842321,0.013217535153019457,0.0,0.0,0.015407295741162584,0.0,0.0,0.5661764705882353,0.0,0.0,0.5462614445574772,0.0,0.0,0.0,0.0
7690,60,1.2766666666666673,0.6666666666666763,1.1808191889419641,0.6794389673747349,0.021504772599663387,0.0,0.0,0.015426332400784478,0.0,0.0,0.6416666666666667,0.0,0.0,0.5463715824778941,0.0,0.0,0.0,0.0
7691,46,1.229565217391305,0.7173913043478087,1.1821881037112338,0.6800203355363514,0.013083506823964901,0.0,0.0,0.015417711481314033,0.0,0.0,0.532608695652174,0.0,0.0,0.5465683782409761,0.0,0.0,0.0,0.0
7692,47,0.983829787234043,0.38297872340425837,1.1818599918599901,0.6792836792836809,0.012517596101786623,0.0,0.0,0.015404770241164576,0.0,0.0,0.5531914893617021,0.0,0.0,0.5466524216524217,0.0,0.0,0.0,0.0
7693,62,1.012096774193549,0.580645161290321,1.1801321272487026,0.6777111495070656,0.014254884143571357,0.0,0.0,0.01538188032376439,0.0,0.0,0.4274193548387097,0.0,0.0,0.5457871734932411,0.0,0.0,0.0,0.0
7694,53,0.963962264150944,0.7547169811321107,1.1777415422127384,0.6771309560093487,0.015720000000000532,0.0,0.0,0.015366203792072318,0.0,0.0,0.3018867924528302,0.0,0.0,0.544295438382607,0.0,0.0,0.0,0.0
7695,51,1.1943137254901968,0.5098039215686119,1.1778931328728144,0.6750304754164993,0.017639733565015726,0.0,0.0,0.015389611940932456,0.0,0.0,0.5980392156862745,0.0,0.0,0.5452559934985778,0.0,0.0,0.0,0.0
7696,52,0.791538461538462,0.461538461538442,1.174540837058105,0.6736082893132892,0.010425531914894029,0.0,0.0,0.015342534464432908,0.0,0.0,0.3894230769230769,0.0,0.0,0.5439353921170256,0.0,0.0,0.0,0.0
7697,41,1.04609756097561,0.48780487804877815,1.1749476040288926,0.671787567402586,0.016865906409752014,0.0,0.0,0.015352350465413726,0.0,0.0,0.5975609756097561,0.0,0.0,0.5456048428120867,0.0,0.0,0.0,0.0
7698,44,1.020454545454546,0.5454545454545475,1.1743918575063597,0.6706361323155238,0.015967283072546332,0.0,0.0,0.01537190787300035,0.0,0.0,0.5454545454545454,0.0,0.0,0.546590330788804,0.0,0.0,0.0,0.0
7699,45,1.2646666666666673,0.533333333333342,1.1758704494610521,0.6704291234492598,0.014972375690607657,0.0,0.0,0.015380894108883937,0.0,0.0,0.6555555555555556,0.0,0.0,0.5478442139515965,0.0,0.0,0.0,0.0
7700,57,1.275964912280702,0.7017543859649387,1.176269566985158,0.6709697092905084,0.011696687037633031,0.0,0.0,0.015329246290266647,0.0,0.0,0.5526315789473685,0.0,0.0,0.5474181744256963,0.0,0.0,0.0,0.0
7701,50,1.1712000000000005,0.7399999999999942,1.1767801259906505,0.6719162771794372,0.01314478114478105,0.0,0.0,0.015318738352430212,0.0,0.0,0.57,0.0,0.0,0.5480339361918309,0.0,0.0,0.0,0.0
7702,40,1.1032500000000005,0.5249999999999988,1.1772299084435383,0.6717192268565637,0.01169316375198694,0.0,0.0,0.015301577604912553,0.0,0.0,0.54375,0.0,0.0,0.5483468972533062,0.0,0.0,0.0,0.0
7703,57,1.2792982456140356,0.7719298245613077,1.1763697308278296,0.6713052310817689,0.017133458646617614,0.0,0.0,0.015296436005536752,0.0,0.0,0.5526315789473685,0.0,0.0,0.5481716607414931,0.0,0.0,0.0,0.0
7704,48,1.2829166666666674,0.7916666666666742,1.1764377856780075,0.6721178263077718,0.01841507177033549,0.0,0.0,0.015302960035621415,0.0,0.0,0.5625,0.0,0.0,0.5475114271203657,0.0,0.0,0.0,0.0
7705,48,1.1331250000000004,0.6250000000000085,1.1769632338005265,0.6725573837091219,0.012364173675835435,0.0,0.0,0.015312220040538825,0.0,0.0,0.59375,0.0,0.0,0.5482683323176925,0.0,0.0,0.0,0.0
7706,53,1.1413207547169815,0.6981132075471502,1.1763293711266873,0.6720512039012508,0.013769633507852859,0.0,0.0,0.015297228596832678,0.0,0.0,0.5235849056603774,0.0,0.0,0.5478004673371939,0.0,0.0,0.0,0.0
7707,57,1.2701754385964916,0.8947368421053156,1.1769926948051932,0.6739042207792223,0.01247630535929743,0.0,0.0,0.015258195707874548,0.0,0.0,0.45614035087719296,0.0,0.0,0.5468242694805194,0.0,0.0,0.0,0.0
7708,56,1.1532142857142862,0.7499999999999541,1.1758083832335315,0.6728915051253437,0.014584462511291535,0.0,0.0,0.015213230311848389,0.0,0.0,0.45535714285714285,0.0,0.0,0.5460265908860246,0.0,0.0,0.0,0.0
7709,59,1.3474576271186445,0.6949152542373258,1.1765000506945134,0.6727162121058514,0.017647058823530182,0.0,0.0,0.015206139161133371,0.0,0.0,0.673728813559322,0.0,0.0,0.5462587448038122,0.0,0.0,0.0,0.0
7710,56,1.5314285714285722,0.8214285714285392,1.1778204089896727,0.6732132010528458,0.019177101967798718,0.0,0.0,0.015198774641079615,0.0,0.0,0.75,0.0,0.0,0.5470489977728286,0.0,0.0,0.0,0.0
7711,37,1.3570270270270275,0.7027027027027046,1.1773605759480819,0.6722774285134873,0.013357275871242037,0.0,0.0,0.01517546806077442,0.0,0.0,0.7297297297297297,0.0,0.0,0.5474295274792131,0.0,0.0,0.0,0.0
7712,43,1.0479069767441866,0.581395348837234,1.17640141915864,0.671971616827168,0.015192178017531142,0.0,0.0,0.015146634646758672,0.0,0.0,0.46511627906976744,0.0,0.0,0.5465788139888494,0.0,0.0,0.0,0.0
7713,55,1.2101818181818187,0.945454545454592,1.176265585402938,0.6744044602128751,0.012716851356515882,0.0,0.0,0.015114092980666948,0.0,0.0,0.36363636363636365,0.0,0.0,0.5447541814495692,0.0,0.0,0.0,0.0
7714,46,0.9469565217391308,0.47826086956521485,1.1754747413268394,0.6729559748427685,0.01232946504387241,0.0,0.0,0.0150884774841405,0.0,0.0,0.44565217391304346,0.0,0.0,0.544481639277744,0.0,0.0,0.0,0.0
7715,56,1.433035714285715,0.6071428571428434,1.1769294774226267,0.6725520040588542,0.020640432098765194,0.0,0.0,0.015096852457821514,0.0,0.0,0.7678571428571429,0.0,0.0,0.5458650431253171,0.0,0.0,0.0,0.0
7716,62,1.2754838709677425,0.8225806451612253,1.1780263157894721,0.6741902834008101,0.015062857142857773,0.0,0.0,0.01508665275383363,0.0,0.0,0.532258064516129,0.0,0.0,0.5458248987854251,0.0,0.0,0.0,0.0
7717,41,0.8770731707317075,0.5853658536585363,1.1778387944983801,0.6738470873786412,0.009922737306843541,0.0,0.0,0.015060798115083898,0.0,0.0,0.4573170731707317,0.0,0.0,0.5461165048543689,0.0,0.0,0.0,0.0
7718,48,0.9439583333333337,0.458333333333338,1.1767074527252483,0.6723632318737994,0.011062011718749785,0.0,0.0,0.015035157309903782,0.0,0.0,0.5364583333333334,0.0,0.0,0.5462635251289312,0.0,0.0,0.0,0.0
7719,51,0.9950980392156868,0.5490196078431393,1.1746573539831946,0.6707156594797046,0.01665572694453553,0.0,0.0,0.015007397367985474,0.0,0.0,0.5,0.0,0.0,0.5456017815568377,0.0,0.0,0.0,0.0
7720,41,0.8631707317073174,0.317073170731709,1.173310372771473,0.6692666126418154,0.010501483679525667,0.0,0.0,0.014990481243973978,0.0,0.0,0.5121951219512195,0.0,0.0,0.5454315235008104,0.0,0.0,0.0,0.0
7721,48,1.046666666666667,0.6874999999999999,1.1720579005972247,0.6686911630731858,0.01593908629441725,0.0,0.0,0.01497751838111652,0.0,0.0,0.375,0.0,0.0,0.5443870837129264,0.0,0.0,0.0,0.0
7722,33,1.3803030303030306,0.5757575757575832,1.1729777958024923,0.6681537057690358,0.017312808817940034,0.0,0.0,0.014979723325685389,0.0,0.0,0.7424242424242424,0.0,0.0,0.5451181182196086,0.0,0.0,0.0,0.0
7723,53,1.3664150943396232,0.7735849056603841,1.1723029319265477,0.6677488079537386,0.020077626836706674,0.0,0.0,0.014962249272630094,0.0,0.0,0.6415094339622641,0.0,0.0,0.5448412295830375,0.0,0.0,0.0,0.0
7724,54,1.340740740740741,0.8888888888889169,1.173683356983578,0.6685586863977299,0.016435868331440704,0.0,0.0,0.014976228537136812,0.0,0.0,0.5370370370370371,0.0,0.0,0.5451043989458747,0.0,0.0,0.0,0.0
7725,37,1.33945945945946,0.7567567567567308,1.1746353108492462,0.6688338073953678,0.014820574162678915,0.0,0.0,0.014972962683842135,0.0,0.0,0.5945945945945946,0.0,0.0,0.5457893132872816,0.0,0.0,0.0,0.0
7726,42,1.1880952380952385,0.8571428571428656,1.1747772907960432,0.6678218326368365,0.01947697111631554,0.0,0.0,0.014997104866296913,0.0,0.0,0.4642857142857143,0.0,0.0,0.546401997757619,0.0,0.0,0.0,0.0
7727,50,1.1982000000000006,0.6200000000000044,1.1745734693877532,0.6679591836734697,0.016386761487965383,0.0,0.0,0.015011306581813008,0.0,0.0,0.59,0.0,0.0,0.5460204081632654,0.0,0.0,0.0,0.0
7728,52,1.004807692307693,0.692307692307716,1.1730804527378385,0.6691138982359544,0.016800643086817203,0.0,0.0,0.015009001956947206,0.0,0.0,0.4230769230769231,0.0,0.0,0.5446364841439788,0.0,0.0,0.0,0.0
7729,42,0.8842857142857147,0.3809523809523715,1.1712054710625683,0.6675512912115957,0.013311827956989774,0.0,0.0,0.014991873190413025,0.0,0.0,0.5416666666666666,0.0,0.0,0.5444013473512299,0.0,0.0,0.0,0.0
7730,57,1.1301754385964917,0.5438596491228066,1.171698979591835,0.6677551020408166,0.018223479490806042,0.0,0.0,0.01501480866421277,0.0,0.0,0.6491228070175439,0.0,0.0,0.5447448979591837,0.0,0.0,0.0,0.0
7731,51,1.25921568627451,0.7843137254902005,1.171441689623506,0.6682991531476382,0.011585783871549689,0.0,0.0,0.014985942480336488,0.0,0.0,0.6078431372549019,0.0,0.0,0.5448933782267116,0.0,0.0,0.0,0.0
7732,47,1.035106382978724,0.5531914893617075,1.1704890250127598,0.6660541092394079,0.013220108695652336,0.0,0.0,0.014959102005560977,0.0,0.0,0.526595744680851,0.0,0.0,0.5454823889739663,0.0,0.0,0.0,0.0
7733,49,1.0628571428571434,0.7551020408162971,1.168296546086244,0.6647251175148167,0.01411382113821126,0.0,0.0,0.014944895929056899,0.0,0.0,0.41836734693877553,0.0,0.0,0.5444512568976089,0.0,0.0,0.0,0.0
7734,57,1.2203508771929827,0.6666666666666528,1.1700991718638158,0.6652693998568647,0.012364024173480048,0.0,0.0,0.014937774175401815,0.0,0.0,0.5526315789473685,0.0,0.0,0.5455986095491259,0.0,0.0,0.0,0.0
7735,45,1.1771111111111114,0.48888888888889226,1.1703040851848043,0.6641752841199953,0.011732004429678925,0.0,0.0,0.01491322420798013,0.0,0.0,0.65,0.0,0.0,0.5462782840176104,0.0,0.0,0.0,0.0
7736,47,1.22872340425532,0.5531914893616967,1.1721746698064899,0.6639705129517757,0.01651887871853539,0.0,0.0,0.01494907565790337,0.0,0.0,0.6382978723404256,0.0,0.0,0.5475325074229549,0.0,0.0,0.0,0.0
7737,43,1.0441860465116284,0.5581395348837201,1.170642681426813,0.6624641246412455,0.013548581774290431,0.0,0.0,0.014941402877133162,0.0,0.0,0.5348837209302325,0.0,0.0,0.5472785977859779,0.0,0.0,0.0,0.0
7738,55,1.4129090909090913,0.5818181818181924,1.1732001639008385,0.6636959639418144,0.014734546833523416,0.0,0.0,0.014952015029328905,0.0,0.0,0.8090909090909091,0.0,0.0,0.5485812333538209,0.0,0.0,0.0,0.0
7739,39,0.7748717948717952,0.46153846153846917,1.1709839934332018,0.6629386414939454,0.010739161336176261,0.0,0.0,0.01491594074093441,0.0,0.0,0.358974358974359,0.0,0.0,0.5475323209521855,0.0,0.0,0.0,0.0
7740,50,1.2714000000000005,0.7600000000000422,1.1711962655175936,0.6626654355186203,0.015175459536882518,0.0,0.0,0.01491508748641195,0.0,0.0,0.53,0.0,0.0,0.5476556889299271,0.0,0.0,0.0,0.0
7741,47,1.0419148936170215,0.38297872340424627,1.1706678959229653,0.6622618315918861,0.013181695827724797,0.0,0.0,0.014882883211393694,0.0,0.0,0.6329787234042553,0.0,0.0,0.5477617291538619,0.0,0.0,0.0,0.0
7742,41,1.2229268292682933,0.6829268292682732,1.1698584470202058,0.6617088932198166,0.016455530029536994,0.0,0.0,0.014875588406772541,0.0,0.0,0.5792682926829268,0.0,0.0,0.5474407631551954,0.0,0.0,0.0,0.0
7743,49,1.1475510204081636,0.3877551020408117,1.1692410256410242,0.6599999999999993,0.011368782854832065,0.0,0.0,0.01484289454736734,0.0,0.0,0.7142857142857143,0.0,0.0,0.548,0.0,0.0,0.0,0.0
7744,38,1.1505263157894743,0.6315789473683948,1.167065105771204,0.6579379749435195,0.014071451560991223,0.0,0.0,0.01478348758707265,0.0,0.0,0.5263157894736842,0.0,0.0,0.5475456972684329,0.0,0.0,0.0,0.0
7745,47,1.5619148936170222,0.9787234042553525,1.1678374217386827,0.6588319819357481,0.0234312160868181,0.0,0.0,0.014810556952666622,0.0,0.0,0.6382978723404256,0.0,0.0,0.5477265729241507,0.0,0.0,0.0,0.0
7746,42,1.132380952380953,0.7142857142856872,1.168085303186021,0.6593011305241513,0.015219200000000651,0.0,0.0,0.014815726833541517,0.0,0.0,0.4880952380952381,0.0,0.0,0.5475590955806783,0.0,0.0,0.0,0.0
7747,40,1.2560000000000007,0.6499999999999919,1.1672969634585677,0.6583633556356142,0.02105616093880979,0.0,0.0,0.014814767881777574,0.0,0.0,0.625,0.0,0.0,0.5477869274318065,0.0,0.0,0.0,0.0
7748,47,1.1431914893617026,0.7234042553191657,1.1670203787566886,0.658707286949361,0.012678150070787753,0.0,0.0,0.01477880223973979,0.0,0.0,0.5106382978723404,0.0,0.0,0.5475761630300535,0.0,0.0,0.0,0.0
7749,41,1.1678048780487806,0.6829268292683037,1.1665042241912202,0.6581495981866877,0.010250481695568862,0.0,0.0,0.014765202286358189,0.0,0.0,0.5609756097560976,0.0,0.0,0.5476766948279415,0.0,0.0,0.0,0.0
7750,51,1.365882352941177,0.5686274509804017,1.1672778750128676,0.6575723257489954,0.017259663032705288,0.0,0.0,0.014766470653356043,0.0,0.0,0.7009803921568627,0.0,0.0,0.5485174508390817,0.0,0.0,0.0,0.0
7751,60,1.3486666666666673,0.7666666666666752,1.1681521850899728,0.658406169665809,0.01629480467176787,0.0,0.0,0.014756465861575857,0.0,0.0,0.6666666666666666,0.0,0.0,0.5490231362467867,0.0,0.0,0.0,0.0
7752,55,1.1590909090909098,0.7272727272727008,1.1695413881748056,0.6601542416452434,0.012917933130698816,0.0,0.0,0.014760995678299397,0.0,0.0,0.4818181818181818,0.0,0.0,0.5487660668380463,0.0,0.0,0.0,0.0
7753,66,1.1224242424242428,0.6363636363636286,1.1675353991381066,0.6583213626103005,0.011330682165800656,0.0,0.0,0.014717435533291736,0.0,0.0,0.5606060606060606,0.0,0.0,0.5486096860250359,0.0,0.0,0.0,0.0
7754,50,1.1346000000000005,0.5600000000000089,1.1670213420890607,0.6579109378206432,0.010262301013024435,0.0,0.0,0.014686299549744448,0.0,0.0,0.5,0.0,0.0,0.5482505643340858,0.0,0.0,0.0,0.0
7755,46,1.5808695652173919,1.1304347826086933,1.1674540412858154,0.659956865564341,0.014312143278881575,0.0,0.0,0.014660118673773563,0.0,0.0,0.6521739130434783,0.0,0.0,0.5478073328540618,0.0,0.0,0.0,0.0
7756,40,0.9847500000000003,0.7000000000000097,1.166460604813823,0.6583007611602538,0.013156312625250447,0.0,0.0,0.014682775818405028,0.0,0.0,0.3875,0.0,0.0,0.5482411026537749,0.0,0.0,0.0,0.0
7757,47,1.2814893617021281,0.8510638297872173,1.1662097686375308,0.6568637532133661,0.01627837837837772,0.0,0.0,0.014650422278313615,0.0,0.0,0.5531914893617021,0.0,0.0,0.5488688946015424,0.0,0.0,0.0,0.0
7758,50,1.2498000000000005,0.7199999999999659,1.1668386433710163,0.6565262076053426,0.014182932364957592,0.0,0.0,0.014679018411253665,0.0,0.0,0.535,0.0,0.0,0.5492805755395683,0.0,0.0,0.0,0.0
7759,54,1.21925925925926,0.7962962962962884,1.166564587401088,0.657178090638165,0.017823497563616165,0.0,0.0,0.01466448952595521,0.0,0.0,0.4675925925925926,0.0,0.0,0.5484020141814818,0.0,0.0,0.0,0.0
7760,64,1.0662500000000004,0.8124999999999329,1.1676423514927659,0.6581512260182599,0.011398029062969038,0.0,0.0,0.01465875061341044,0.0,0.0,0.375,0.0,0.0,0.5487842413050169,0.0,0.0,0.0,0.0
7761,43,1.191162790697675,0.8372093023255234,1.1669727506426724,0.6588174807197921,0.013099744245523664,0.0,0.0,0.01462688510053658,0.0,0.0,0.4883720930232558,0.0,0.0,0.5477120822622108,0.0,0.0,0.0,0.0
7762,46,1.208260869565218,0.5652173913043219,1.167368746139591,0.6581222977146363,0.017825529185374545,0.0,0.0,0.014649813515507242,0.0,0.0,0.6847826086956522,0.0,0.0,0.5486926086061354,0.0,0.0,0.0,0.0
7763,53,1.0766037735849059,0.5094339622641508,1.1678572899505755,0.6579489291597996,0.013627895868162626,0.0,0.0,0.014660256542824372,0.0,0.0,0.5094339622641509,0.0,0.0,0.5490887561779242,0.0,0.0,0.0,0.0
7764,47,1.008297872340426,0.6808510638297824,1.1675818743563322,0.6572605561277007,0.012107818088911055,0.0,0.0,0.014631805005975492,0.0,0.0,0.425531914893617,0.0,0.0,0.5491503604531411,0.0,0.0,0.0,0.0
7765,57,1.4505263157894743,0.7017543859649888,1.1695288065843605,0.6569958847736606,0.018739800543969863,0.0,0.0,0.014643138689516244,0.0,0.0,0.7149122807017544,0.0,0.0,0.5507716049382716,0.0,0.0,0.0,0.0
7766,51,1.3874509803921575,0.7843137254901774,1.1719483857700992,0.6582356570018486,0.02107206670637323,0.0,0.0,0.014681280493773742,0.0,0.0,0.5980392156862745,0.0,0.0,0.5514085955171705,0.0,0.0,0.0,0.0
7767,56,1.305178571428572,0.7142857142857209,1.172838351659643,0.6583084986126789,0.016088487783403303,0.0,0.0,0.014680525380844528,0.0,0.0,0.6339285714285714,0.0,0.0,0.5521015311889836,0.0,0.0,0.0,0.0
7768,48,0.9666666666666672,0.5833333333333321,1.1719401603948167,0.6578243882377113,0.011350293542074284,0.0,0.0,0.014647896554914736,0.0,0.0,0.4479166666666667,0.0,0.0,0.5519483857701007,0.0,0.0,0.0,0.0
7769,46,1.305869565217392,0.695652173913064,1.1730879934210514,0.65768914473684,0.01631893507199179,0.0,0.0,0.014667953712617737,0.0,0.0,0.6413043478260869,0.0,0.0,0.5530684621710527,0.0,0.0,0.0,0.0
7770,48,1.031041666666667,0.45833333333333187,1.1735805258833185,0.6572514379622001,0.018404611379696095,0.0,0.0,0.014696493595193613,0.0,0.0,0.5364583333333334,0.0,0.0,0.5535897699260477,0.0,0.0,0.0,0.0
7771,52,1.2326923076923084,0.8846153846153618,1.174248896190573,0.6584864975870192,0.019174394256655243,0.0,0.0,0.014701754927256219,0.0,0.0,0.47115384615384615,0.0,0.0,0.5532652223020844,0.0,0.0,0.0,0.0
7772,55,0.9827272727272729,0.5454545454545409,1.1716881918819178,0.6565190651906498,0.01086432160804012,0.0,0.0,0.014636069729774735,0.0,0.0,0.5636363636363636,0.0,0.0,0.553069905699057,0.0,0.0,0.0,0.0
7773,46,1.3710869565217396,0.8260869565217294,1.1729107307574038,0.6574766834067828,0.02021474358974336,0.0,0.0,0.014663863931073738,0.0,0.0,0.6521739130434783,0.0,0.0,0.5537050322845137,0.0,0.0,0.0,0.0
7774,43,1.1816279069767446,0.6976744186046642,1.1728093337427068,0.6575580800327481,0.016507472384665045,0.0,0.0,0.014649003608714621,0.0,0.0,0.5523255813953488,0.0,0.0,0.5535001535155051,0.0,0.0,0.0,0.0
7775,42,1.2457142857142862,0.8571428571428805,1.1729232343909917,0.6576253838280431,0.01900472212132256,0.0,0.0,0.01468282451404097,0.0,0.0,0.48214285714285715,0.0,0.0,0.5538382804503582,0.0,0.0,0.0,0.0
7776,54,1.2712962962962966,0.8148148148148573,1.172952078640179,0.6573827565021485,0.014750752041255139,0.0,0.0,0.014677832277507857,0.0,0.0,0.5231481481481481,0.0,0.0,0.553783534712267,0.0,0.0,0.0,0.0
7777,64,1.3998437500000007,0.9062499999999422,1.1739339400756714,0.6595766438286101,0.014715834428385062,0.0,0.0,0.014658098159039224,0.0,0.0,0.609375,0.0,0.0,0.55386542591267,0.0,0.0,0.0,0.0
7778,51,1.0943137254901965,0.5098039215686186,1.1737480845847368,0.6584942282153416,0.01163435480508707,0.0,0.0,0.014637104941660891,0.0,0.0,0.5441176470588235,0.0,0.0,0.5539380937787313,0.0,0.0,0.0,0.0
7779,50,1.2198000000000004,0.4999999999999822,1.173416079272652,0.6577791398508507,0.016182011143539444,0.0,0.0,0.014638316689860513,0.0,0.0,0.645,0.0,0.0,0.5541168658698539,0.0,0.0,0.0,0.0
7780,51,1.1733333333333338,0.6666666666666723,1.1727678936605308,0.6583844580777074,0.02161849710982673,0.0,0.0,0.0146548785411652,0.0,0.0,0.6029411764705882,0.0,0.0,0.5538343558282208,0.0,0.0,0.0,0.0
7781,51,0.9429411764705888,0.39215686274508865,1.1721974652493858,0.657297628781682,0.014652650822669162,0.0,0.0,0.014671249734559041,0.0,0.0,0.47058823529411764,0.0,0.0,0.5537356909239575,0.0,0.0,0.0,0.0
7782,41,1.184634146341464,0.6341463414634101,1.1722132405607277,0.6562979637777528,0.022269601100412574,0.0,0.0,0.014698009309391025,0.0,0.0,0.573170731707317,0.0,0.0,0.5541287219891537,0.0,0.0,0.0,0.0
7783,42,1.4226190476190483,1.071428571428564,1.17331047190091,0.6568737844201021,0.01873628096581991,0.0,0.0,0.014728535045269893,0.0,0.0,0.5,0.0,0.0,0.5547138908793121,0.0,0.0,0.0,0.0
7784,50,1.3078000000000003,0.6400000000000086,1.1750337837837828,0.6565315315315292,0.015956564177647126,0.0,0.0,0.014740815991040773,0.0,0.0,0.66,0.0,0.0,0.5559479934479934,0.0,0.0,0.0,0.0
7785,41,1.1375609756097567,0.46341463414632705,1.1751279688779677,0.6552006552006528,0.015645756457565208,0.0,0.0,0.014752152679604199,0.0,0.0,0.6402439024390244,0.0,0.0,0.5565878378378378,0.0,0.0,0.0,0.0
7786,50,1.1346000000000003,0.6800000000000024,1.174639312391281,0.6550700910672235,0.01317464003715689,0.0,0.0,0.014750362663809071,0.0,0.0,0.5,0.0,0.0,0.5564821446843344,0.0,0.0,0.0,0.0
7787,49,1.4710204081632658,0.9795918367346799,1.1756217377955165,0.6559205813120431,0.023154513331191652,0.0,0.0,0.01478022663786196,0.0,0.0,0.6530612244897959,0.0,0.0,0.5571845256370893,0.0,0.0,0.0,0.0
7788,49,1.361632653061225,0.6530612244898164,1.177050035812953,0.6566049319553847,0.013021077283372345,0.0,0.0,0.01476210336658773,0.0,0.0,0.7142857142857143,0.0,0.0,0.5579914048910263,0.0,0.0,0.0,0.0
7789,46,1.2260869565217398,0.5652173913043776,1.176657797789602,0.6560581252558306,0.013098002786808907,0.0,0.0,0.014724967376173558,0.0,0.0,0.6086956521739131,0.0,0.0,0.5576903397462136,0.0,0.0,0.0,0.0
7790,39,1.3215384615384618,1.0256410256410762,1.1767730387644462,0.6575636698373712,0.015766289385133903,0.0,0.0,0.014734321912887382,0.0,0.0,0.47435897435897434,0.0,0.0,0.5570982919095837,0.0,0.0,0.0,0.0
7791,53,0.9937735849056609,0.4905660377358579,1.1759918242207452,0.6566172713336719,0.016995805098418734,0.0,0.0,0.014745558551262503,0.0,0.0,0.47641509433962265,0.0,0.0,0.5567705671946858,0.0,0.0,0.0,0.0
7792,48,1.0606250000000006,0.562499999999997,1.1748982513549435,0.6554862460374251,0.012937738246506467,0.0,0.0,0.014728890563986631,0.0,0.0,0.5,0.0,0.0,0.55662644442172,0.0,0.0,0.0,0.0
7793,47,1.0812765957446813,0.5531914893617177,1.1738500869209523,0.65415686675529,0.013189722294316421,0.0,0.0,0.01470483569103539,0.0,0.0,0.5053191489361702,0.0,0.0,0.5563963595459659,0.0,0.0,0.0,0.0
7794,51,1.3349019607843142,0.7450980392156983,1.174408459337964,0.6544748671843056,0.017327564265716737,0.0,0.0,0.014706192405562115,0.0,0.0,0.6176470588235294,0.0,0.0,0.556651001225991,0.0,0.0,0.0,0.0
7795,45,1.2015555555555562,0.6222222222222199,1.1750715015321749,0.6544433094994876,0.015874926600118196,0.0,0.0,0.014720816404875445,0.0,0.0,0.6333333333333333,0.0,0.0,0.5573033707865168,0.0,0.0,0.0,0.0
7796,65,1.2012307692307698,0.6769230769230985,1.1746045514848444,0.6546586386365941,0.014545454545454492,0.0,0.0,0.014702136736852372,0.0,0.0,0.5230769230769231,0.0,0.0,0.5566384324931115,0.0,0.0,0.0,0.0
7797,43,1.1837209302325586,0.8372093023256447,1.1741497293432737,0.6543764681850672,0.013794037940379953,0.0,0.0,0.014690769405742132,0.0,0.0,0.45348837209302323,0.0,0.0,0.5561740373812685,0.0,0.0,0.0,0.0
7798,46,1.260652173913044,0.8260869565217199,1.1750321855522625,0.6554613262491052,0.015228466386555199,0.0,0.0,0.014715869538511993,0.0,0.0,0.5163043478260869,0.0,0.0,0.5557627465004598,0.0,0.0,0.0,0.0
7799,58,1.1422413793103454,0.4482758620689591,1.1758274629913212,0.6547217968351189,0.014302677029360973,0.0,0.0,0.014714950638120693,0.0,0.0,0.6120689655172413,0.0,0.0,0.5565849923430322,0.0,0.0,0.0,0.0
7800,54,1.2700000000000005,0.7407407407407296,1.1765237803633388,0.6549295774647877,0.016895787139690015,0.0,0.0,0.01472576604749264,0.0,0.0,0.5925925925925926,0.0,0.0,0.5571290059195754,0.0,0.0,0.0,0.0
7801,41,1.5770731707317078,0.7804878048780113,1.1774879869134027,0.6538186279521512,0.021524633821571288,0.0,0.0,0.014739961553524361,0.0,0.0,0.7134146341463414,0.0,0.0,0.5581228913199059,0.0,0.0,0.0,0.0
7802,47,1.2782978723404261,0.7234042553191654,1.1779554055436223,0.6545975248031085,0.01828919330289239,0.0,0.0,0.014750467481236776,0.0,0.0,0.5638297872340425,0.0,0.0,0.5578909685997749,0.0,0.0,0.0,0.0
7803,48,1.0187500000000005,0.4999999999999862,1.177480049109883,0.6537753222836081,0.012088998763906632,0.0,0.0,0.014747905136212663,0.0,0.0,0.625,0.0,0.0,0.5584202987517904,0.0,0.0,0.0,0.0
7804,54,1.1618518518518524,0.9629629629629675,1.177577182580249,0.6564097321611109,0.012404112297350773,0.0,0.0,0.01474537825237654,0.0,0.0,0.37037037037037035,0.0,0.0,0.5569413207932938,0.0,0.0,0.0,0.0
7805,45,1.2680000000000005,0.7555555555555459,1.1772049498875017,0.65606463489466,0.013550225599620264,0.0,0.0,0.01473176656389628,0.0,0.0,0.6111111111111112,0.0,0.0,0.5569134792391082,0.0,0.0,0.0,0.0
7806,50,1.4484000000000006,0.8399999999999899,1.1777655116017574,0.65634263518348,0.018404066073697944,0.0,0.0,0.014766729080719247,0.0,0.0,0.63,0.0,0.0,0.5570377184912604,0.0,0.0,0.0,0.0
7807,50,1.2648000000000004,0.5999999999999942,1.1782173157518139,0.6569559439844613,0.01643024162120118,0.0,0.0,0.014777658831146422,0.0,0.0,0.67,0.0,0.0,0.5572166002248798,0.0,0.0,0.0,0.0
7808,46,1.4439130434782619,1.0000000000000315,1.179887606007969,0.6583222642280563,0.020231495583308806,0.0,0.0,0.014823245192338621,0.0,0.0,0.5217391304347826,0.0,0.0,0.5574486563809135,0.0,0.0,0.0,0.0
7809,53,1.292264150943397,0.9433962264150264,1.1800673606858536,0.6596244131455381,0.01495088408644383,0.0,0.0,0.014793684506826076,0.0,0.0,0.3915094339622642,0.0,0.0,0.5565931822820984,0.0,0.0,0.0,0.0
7810,47,1.3093617021276598,0.5531914893617175,1.1794852941176466,0.6581903594771222,0.011982087227414083,0.0,0.0,0.014776482027596778,0.0,0.0,0.7127659574468085,0.0,0.0,0.5568576388888888,0.0,0.0,0.0,0.0
7811,51,1.1417647058823535,0.7843137254902319,1.1791700735895336,0.6591373671300065,0.012329028160067918,0.0,0.0,0.014761672622771973,0.0,0.0,0.46078431372549017,0.0,0.0,0.5564952984464432,0.0,0.0,0.0,0.0
7812,42,1.1502380952380957,0.38095238095238365,1.1802298968018796,0.6581179115152737,0.02120719929763031,0.0,0.0,0.014773742923870771,0.0,0.0,0.6488095238095238,0.0,0.0,0.5579850822519669,0.0,0.0,0.0,0.0
7813,54,1.226666666666667,0.6296296296296198,1.1800428483982859,0.6581309936747585,0.013954076258690464,0.0,0.0,0.014772010932032467,0.0,0.0,0.5555555555555556,0.0,0.0,0.5572332177106712,0.0,0.0,0.0,0.0
7814,50,1.2616000000000005,0.719999999999969,1.1813210053126273,0.6596853289742524,0.017839366515836664,0.0,0.0,0.014787436759206764,0.0,0.0,0.6,0.0,0.0,0.5575704944830404,0.0,0.0,0.0,0.0
7815,51,1.2994117647058832,0.7450980392157004,1.1823917483660127,0.6608455882352925,0.022875388332756683,0.0,0.0,0.014844477608878574,0.0,0.0,0.6568627450980392,0.0,0.0,0.5579554738562091,0.0,0.0,0.0,0.0
7816,41,1.0051219512195124,0.4878048780487979,1.1809458631256382,0.6593462717058206,0.011931094383323253,0.0,0.0,0.01483368103401829,0.0,0.0,0.5487804878048781,0.0,0.0,0.5579673135852911,0.0,0.0,0.0,0.0
7817,46,1.378260869565218,0.7608695652173677,1.181859347848308,0.6595113973218831,0.016231438812083568,0.0,0.0,0.014853560086741213,0.0,0.0,0.6739130434782609,0.0,0.0,0.5586732086272105,0.0,0.0,0.0,0.0
7818,43,1.318604651162791,0.8837209302325725,1.1841538776345402,0.6615510538162451,0.012099871959026835,0.0,0.0,0.014846810235570062,0.0,0.0,0.5348837209302325,0.0,0.0,0.5590341722938408,0.0,0.0,0.0,0.0
7819,44,1.2934090909090914,0.7727272727272569,1.1848515257014127,0.6610690149498237,0.014859007832897715,0.0,0.0,0.014841360946973312,0.0,0.0,0.6022727272727273,0.0,0.0,0.5601064919107106,0.0,0.0,0.0,0.0
7820,50,1.3230000000000004,0.7600000000000532,1.1858945752302967,0.6626407369498446,0.016935483870968274,0.0,0.0,0.014848359799615858,0.0,0.0,0.655,0.0,0.0,0.5602610030706243,0.0,0.0,0.0,0.0
7821,44,1.386363636363637,1.022727272727271,1.1878581676573066,0.6637630662020888,0.018879603837820964,0.0,0.0,0.014883097439558575,0.0,0.0,0.48295454545454547,0.0,0.0,0.561026849764296,0.0,0.0,0.0,0.0
7822,49,1.351632653061225,0.7755102040816424,1.1895501127280177,0.6647878663660568,0.015334568187081173,0.0,0.0,0.014910652695833873,0.0,0.0,0.6122448979591837,0.0,0.0,0.5616417298626768,0.0,0.0,0.0,0.0
7823,57,1.3114035087719302,0.7368421052631527,1.1904739967239966,0.6659500409500392,0.01686978108779082,0.0,0.0,0.014911762141201166,0.0,0.0,0.5877192982456141,0.0,0.0,0.5616042178542179,0.0,0.0,0.0,0.0
7824,63,1.3534920634920644,0.9523809523809481,1.1909580226738838,0.6676539679297298,0.015110756689705117,0.0,0.0,0.014889864747525386,0.0,0.0,0.5317460317460317,0.0,0.0,0.5609232969053212,0.0,0.0,0.0,0.0
7825,54,1.4596296296296303,0.7962962962963268,1.192181242337556,0.6670412750306484,0.01540355677154588,0.0,0.0,0.014891919692081586,0.0,0.0,0.6990740740740741,0.0,0.0,0.5621935022476502,0.0,0.0,0.0,0.0
7826,56,1.0458928571428576,0.41071428571430746,1.192047614182078,0.6656789618882177,0.010999061032863685,0.0,0.0,0.014883790652221687,0.0,0.0,0.5982142857142857,0.0,0.0,0.5630172678042301,0.0,0.0,0.0,0.0
7827,55,1.2227272727272733,0.690909090909106,1.192312250945131,0.6658833146010001,0.015017865118356295,0.0,0.0,0.014882841794334235,0.0,0.0,0.5909090909090909,0.0,0.0,0.5630428118933278,0.0,0.0,0.0,0.0
7828,52,1.280192307692308,0.7307692307691998,1.1934054937200038,0.6674155008679656,0.017188226181253825,0.0,0.0,0.014904669960388682,0.0,0.0,0.5673076923076923,0.0,0.0,0.562646788522414,0.0,0.0,0.0,0.0
7829,44,1.3650000000000004,0.8636363636363872,1.1934324545268749,0.6678929082362548,0.015266903914590674,0.0,0.0,0.01490830805837246,0.0,0.0,0.5795454545454546,0.0,0.0,0.5623594931534845,0.0,0.0,0.0,0.0
7830,38,1.1765789473684214,0.6315789473684004,1.1958473188702412,0.6694637740483,0.01652865064694998,0.0,0.0,0.014929967586932118,0.0,0.0,0.618421052631579,0.0,0.0,0.5634977486696684,0.0,0.0,0.0,0.0
7831,47,1.3527659574468092,0.9361702127659319,1.196442238821242,0.670827790852347,0.02292823656689446,0.0,0.0,0.014956274039045809,0.0,0.0,0.5106382978723404,0.0,0.0,0.5632866059551827,0.0,0.0,0.0,0.0
7832,37,1.177297297297298,0.6216216216216225,1.1951261538461535,0.6704615384615372,0.022558259968927744,0.0,0.0,0.014974843761445674,0.0,0.0,0.5675675675675675,0.0,0.0,0.5627692307692308,0.0,0.0,0.0,0.0
7833,43,1.1139534883720934,0.7441860465116512,1.1936378567029353,0.6691644426195839,0.017336228736879726,0.0,0.0,0.015003715956420154,0.0,0.0,0.5,0.0,0.0,0.5626924656128105,0.0,0.0,0.0,0.0
7834,47,1.2529787234042558,0.8510638297872467,1.1940098501949514,0.6700184691155331,0.011412790697674728,0.0,0.0,0.014973904315824758,0.0,0.0,0.44680851063829785,0.0,0.0,0.562128052534373,0.0,0.0,0.0,0.0
7835,50,1.3416000000000008,0.6800000000000354,1.1946475115443813,0.6702924576705989,0.018287895310796217,0.0,0.0,0.014992575726941357,0.0,0.0,0.65,0.0,0.0,0.5623396613648025,0.0,0.0,0.0,0.0
7836,55,1.33509090909091,0.6909090909090957,1.195555100368701,0.6702171241294539,0.022244774310814303,0.0,0.0,0.015034303516899394,0.0,0.0,0.6727272727272727,0.0,0.0,0.5631401065137239,0.0,0.0,0.0,0.0
7837,50,1.3114000000000003,0.7599999999999969,1.1955671687672913,0.6711753253407099,0.013439229350276569,0.0,0.0,0.015004976992661893,0.0,0.0,0.55,0.0,0.0,0.5626088738600267,0.0,0.0,0.0,0.0
7838,50,1.2614000000000005,0.7600000000000037,1.196109005224874,0.6718573916606894,0.019228658536586087,0.0,0.0,0.01501379185296927,0.0,0.0,0.6,0.0,0.0,0.562288699928286,0.0,0.0,0.0,0.0
7839,45,1.112444444444445,0.7111111111110959,1.1970932377049177,0.6737704918032774,0.010851940169088302,0.0,0.0,0.015012251485018824,0.0,0.0,0.4111111111111111,0.0,0.0,0.5617571721311475,0.0,0.0,0.0,0.0
7840,44,1.4900000000000007,0.9090909090908778,1.1981496668375187,0.6743208610968718,0.018130530973451745,0.0,0.0,0.015020909586280707,0.0,0.0,0.6363636363636364,0.0,0.0,0.5621476166068683,0.0,0.0,0.0,0.0
7841,53,1.2909433962264159,0.6415094339622618,1.1980799589953866,0.6737057919015873,0.01945408018197263,0.0,0.0,0.015026350469602845,0.0,0.0,0.6037735849056604,0.0,0.0,0.5623526396719631,0.0,0.0,0.0,0.0
7842,49,1.1028571428571432,0.6326530612245003,1.1974744062244058,0.6731162981162967,0.01158662092624341,0.0,0.0,0.015010516535792856,0.0,0.0,0.5510204081632653,0.0,0.0,0.5623208435708436,0.0,0.0,0.0,0.0
7843,45,1.1160000000000005,0.9111111111111627,1.1975665983606554,0.6738729508196707,0.012443012884044063,0.0,0.0,0.01498364884042018,0.0,0.0,0.4,0.0,0.0,0.5619108606557377,0.0,0.0,0.0,0.0
7844,48,1.3758333333333337,0.8333333333333429,1.1999119123220319,0.6756120045068101,0.012314003356329711,0.0,0.0,0.01498736632290277,0.0,0.0,0.625,0.0,0.0,0.5628648980846052,0.0,0.0,0.0,0.0
7845,50,1.2642000000000004,0.8000000000000099,1.2007842735742804,0.6760520118767265,0.010768313458261928,0.0,0.0,0.014965444903250885,0.0,0.0,0.53,0.0,0.0,0.5631975017917478,0.0,0.0,0.0,0.0
7846,52,1.022115384615385,0.5961538461538551,1.1996036866359443,0.6750640040962609,0.01055191582291084,0.0,0.0,0.014936957913286582,0.0,0.0,0.4182692307692308,0.0,0.0,0.5627240143369175,0.0,0.0,0.0,0.0
7847,50,1.2762000000000007,0.7999999999999662,1.2006050988020882,0.6759496262926166,0.013493338972298267,0.0,0.0,0.014962868160276891,0.0,0.0,0.605,0.0,0.0,0.5634790621480495,0.0,0.0,0.0,0.0
7848,53,1.2103773584905664,0.8113207547170529,1.2009780051150887,0.677544757033247,0.014649463347797194,0.0,0.0,0.014951748872527154,0.0,0.0,0.5047169811320755,0.0,0.0,0.5626854219948849,0.0,0.0,0.0,0.0
7849,58,1.1477586206896555,0.6206896551724408,1.2007719836400812,0.6774028629856843,0.013725773195875998,0.0,0.0,0.014943108652167546,0.0,0.0,0.5603448275862069,0.0,0.0,0.5625,0.0,0.0,0.0,0.0
7850,47,1.3563829787234052,0.6595744680850923,1.2007872405684485,0.6776403230753495,0.022282418734709274,0.0,0.0,0.014956473680457265,0.0,0.0,0.6808510638297872,0.0,0.0,0.5623402515080258,0.0,0.0,0.0,0.0
7851,41,1.0648780487804883,0.7317073170731785,1.2013147125025572,0.6791487620216896,0.02264522821576706,0.0,0.0,0.014996966542561052,0.0,0.0,0.39634146341463417,0.0,0.0,0.5617966032330673,0.0,0.0,0.0,0.0
7852,50,1.0876000000000006,0.7599999999999347,1.2004659975419902,0.6796394920114699,0.010200712811854475,0.0,0.0,0.01495722623899715,0.0,0.0,0.44,0.0,0.0,0.560758910282671,0.0,0.0,0.0,0.0
7853,47,1.0368085106382985,0.8085106382979009,1.2000440935192773,0.6791427399507785,0.01096287964004546,0.0,0.0,0.01493961768933624,0.0,0.0,0.3404255319148936,0.0,0.0,0.5606798605414274,0.0,0.0,0.0,0.0
7854,53,1.023773584905661,0.7924528301886687,1.1990600040958421,0.6802170796641399,0.023337634408602082,0.0,0.0,0.014955898693436567,0.0,0.0,0.3584905660377358,0.0,0.0,0.5592617243497849,0.0,0.0,0.0,0.0
7855,51,1.4394117647058828,0.9803921568627117,1.2016845658177349,0.6823156387439899,0.017040389972145218,0.0,0.0,0.014986682892108506,0.0,0.0,0.6078431372549019,0.0,0.0,0.5603712795335992,0.0,0.0,0.0,0.0
7856,57,1.2459649122807024,0.9473684210525796,1.2023177455585046,0.6840923014090244,0.019543203082003312,0.0,0.0,0.015010063645066306,0.0,0.0,0.4342105263157895,0.0,0.0,0.5599346538697162,0.0,0.0,0.0,0.0
7857,46,1.1082608695652179,0.7826086956521701,1.201640968038394,0.6850811804350032,0.011724931002759717,0.0,0.0,0.014969514405763112,0.0,0.0,0.45108695652173914,0.0,0.0,0.5588175227203104,0.0,0.0,0.0,0.0
7858,51,1.3709803921568633,0.7843137254901956,1.2032911521583827,0.6869068272272667,0.016237807710170943,0.0,0.0,0.015007197467713259,0.0,0.0,0.6568627450980392,0.0,0.0,0.5590876620063272,0.0,0.0,0.0,0.0
7859,48,1.0275000000000003,0.9583333333333915,1.2012325272931326,0.687174778083868,0.011309332721853423,0.0,0.0,0.014966103655567933,0.0,0.0,0.15104166666666666,0.0,0.0,0.5566523824099582,0.0,0.0,0.0,0.0
7860,48,0.8187500000000002,0.5833333333333431,1.1986590468415137,0.6858863149300941,0.00824763903462761,0.0,0.0,0.014902596166777943,0.0,0.0,0.3489583333333333,0.0,0.0,0.5555158689662211,0.0,0.0,0.0,0.0
7861,52,1.325384615384616,0.884615384615416,1.1988102532679732,0.6873978758169929,0.01576395242452015,0.0,0.0,0.014894376964294142,0.0,0.0,0.5096153846153846,0.0,0.0,0.5546619689542484,0.0,0.0,0.0,0.0
7862,47,1.0297872340425538,0.4255319148936294,1.198356164383561,0.6870783070946632,0.015698994485890384,0.0,0.0,0.014875398777210164,0.0,0.0,0.6063829787234043,0.0,0.0,0.5544878347986097,0.0,0.0,0.0,0.0
7863,55,0.9618181818181823,0.690909090909077,1.1968652902698276,0.6877555192150444,0.012155330882353167,0.0,0.0,0.01485129842788517,0.0,0.0,0.41818181818181815,0.0,0.0,0.553199100572363,0.0,0.0,0.0,0.0
7864,37,1.3618918918918925,0.8108108108108301,1.1977406157307957,0.6890661757185227,0.016155819172810636,0.0,0.0,0.014856802484610776,0.0,0.0,0.6081081081081081,0.0,0.0,0.5529814871637516,0.0,0.0,0.0,0.0
7865,52,1.3830769230769238,0.6923076923077129,1.1985861786955623,0.6890206501737883,0.01859358841778746,0.0,0.0,0.014858437303966023,0.0,0.0,0.6346153846153846,0.0,0.0,0.5535422204048251,0.0,0.0,0.0,0.0
7866,46,1.1173913043478265,0.5217391304348106,1.1982254932024932,0.6873147296330369,0.0162247474747467,0.0,0.0,0.014852792855803426,0.0,0.0,0.6086956521739131,0.0,0.0,0.5538945108862312,0.0,0.0,0.0,0.0
7867,42,1.3307142857142862,0.6904761904761957,1.1988946937103042,0.6875640237656218,0.01674355901737546,0.0,0.0,0.014841297819889855,0.0,0.0,0.7261904761904762,0.0,0.0,0.5549067813972547,0.0,0.0,0.0,0.0
7868,49,0.965510204081633,0.510204081632672,1.19695295685149,0.6859690478630728,0.014088743299583005,0.0,0.0,0.01481722495565748,0.0,0.0,0.5255102040816326,0.0,0.0,0.5547043148508763,0.0,0.0,0.0,0.0
7869,53,1.306415094339623,0.8113207547169912,1.1975898433500551,0.6873144261288013,0.016624249699878996,0.0,0.0,0.01482583836005027,0.0,0.0,0.6132075471698113,0.0,0.0,0.5545971127265281,0.0,0.0,0.0,0.0
7870,59,1.085762711864407,0.7457627118643639,1.1966860762079874,0.6877106956788231,0.0112543921293043,0.0,0.0,0.014787591125698264,0.0,0.0,0.5169491525423728,0.0,0.0,0.5544233323117785,0.0,0.0,0.0,0.0
7871,53,1.3003773584905667,0.4339622641509446,1.1972886713571929,0.6863464872030183,0.018820316766793636,0.0,0.0,0.014799058753541674,0.0,0.0,0.8207547169811321,0.0,0.0,0.5560823901294993,0.0,0.0,0.0,0.0
7872,56,1.569821428571429,0.946428571428602,1.199734026291653,0.6886782839091004,0.019587789661319417,0.0,0.0,0.014818764829161793,0.0,0.0,0.6875,0.0,0.0,0.5565576276368083,0.0,0.0,0.0,0.0
7873,39,1.4328205128205131,0.8205128205128264,1.2007518106702018,0.6897888401509743,0.01586598523566189,0.0,0.0,0.014821987115881551,0.0,0.0,0.6666666666666666,0.0,0.0,0.5568703458125064,0.0,0.0,0.0,0.0
7874,60,1.034666666666667,0.6166666666666619,1.2002764459859214,0.6904008976843823,0.011813510941960068,0.0,0.0,0.01480260567305047,0.0,0.0,0.49166666666666664,0.0,0.0,0.5560542691012955,0.0,0.0,0.0,0.0
7875,56,1.443214285714286,0.8750000000000002,1.2013702118989393,0.6910146699266504,0.021950027159154162,0.0,0.0,0.01482272659283369,0.0,0.0,0.6919642857142857,0.0,0.0,0.5567950285248574,0.0,0.0,0.0,0.0
7876,43,1.1058139534883724,1.0697674418605188,1.2013387671930706,0.6935303107488543,0.01246069182389985,0.0,0.0,0.014820511918109236,0.0,0.0,0.313953488372093,0.0,0.0,0.5552725420275089,0.0,0.0,0.0,0.0
7877,48,0.9733333333333336,0.5416666666666884,1.2015926680244386,0.6938900203665994,0.01087776484284104,0.0,0.0,0.014825027923415134,0.0,0.0,0.5104166666666666,0.0,0.0,0.5558044806517312,0.0,0.0,0.0,0.0
7878,40,1.2722500000000005,0.7500000000000305,1.2021396579804544,0.69452361563518,0.021692242114237207,0.0,0.0,0.0148523358515197,0.0,0.0,0.6,0.0,0.0,0.5557308631921825,0.0,0.0,0.0,0.0
7879,56,1.2916071428571436,0.7500000000000304,1.2030770012190153,0.6947379114181237,0.017819660014782482,0.0,0.0,0.014857013465673497,0.0,0.0,0.6026785714285714,0.0,0.0,0.556506501422186,0.0,0.0,0.0,0.0
7880,49,1.4457142857142864,0.9387755102040785,1.2049421084704435,0.69581555961812,0.02717299578059001,0.0,0.0,0.014926304903318876,0.0,0.0,0.5663265306122449,0.0,0.0,0.5572313629900467,0.0,0.0,0.0,0.0
7881,46,1.1426086956521744,0.8260869565216931,1.2041306777766472,0.6953561629915672,0.014236186348862048,0.0,0.0,0.014925165406933224,0.0,0.0,0.4782608695652174,0.0,0.0,0.55675236256478,0.0,0.0,0.0,0.0
7882,47,0.8644680851063832,0.510638297872323,1.20247130523108,0.6948704926358569,0.009982800982801044,0.0,0.0,0.014900464950018556,0.0,0.0,0.4308510638297872,0.0,0.0,0.5560690705942103,0.0,0.0,0.0,0.0
7883,51,1.1307843137254907,0.5882352941176499,1.2027676213690823,0.6945967905748539,0.01563720173535803,0.0,0.0,0.014912576735400652,0.0,0.0,0.5245098039215687,0.0,0.0,0.5559364208815762,0.0,0.0,0.0,0.0
7884,45,1.260444444444445,0.8444444444444292,1.2036510353227756,0.6949857896873742,0.013393152302243578,0.0,0.0,0.014929578351402004,0.0,0.0,0.5,0.0,0.0,0.5562322371092164,0.0,0.0,0.0,0.0
7885,50,1.3686000000000007,0.8399999999999914,1.2048745810906856,0.6965573271047031,0.02662645914396879,0.0,0.0,0.014985828108343027,0.0,0.0,0.66,0.0,0.0,0.5567177820656037,0.0,0.0,0.0,0.0
7886,46,1.2660869565217396,1.000000000000048,1.2044762775576534,0.6980595346947082,0.018811369509044395,0.0,0.0,0.014998051816617805,0.0,0.0,0.4673913043478261,0.0,0.0,0.5558518744285279,0.0,0.0,0.0,0.0
7887,46,1.3782608695652179,0.8260869565217183,1.2057702084392456,0.7003558718861222,0.018914081145584957,0.0,0.0,0.015015922861176765,0.0,0.0,0.6195652173913043,0.0,0.0,0.5553126588713777,0.0,0.0,0.0,0.0
7888,53,1.1875471698113214,0.6037735849056508,1.2076639886097815,0.7021254957795191,0.0239224629418466,0.0,0.0,0.015079218544644208,0.0,0.0,0.6132075471698113,0.0,0.0,0.5555781551917014,0.0,0.0,0.0,0.0
7889,40,1.0972500000000003,0.5999999999999936,1.2090698623151437,0.7043345232024488,0.017928921568627895,0.0,0.0,0.015099571146720853,0.0,0.0,0.525,0.0,0.0,0.5553799082100969,0.0,0.0,0.0,0.0
7890,54,1.1250000000000004,0.5925925925925862,1.2081926727217047,0.7039493825900613,0.013593645110763353,0.0,0.0,0.015061982840218667,0.0,0.0,0.5277777777777778,0.0,0.0,0.5546994591284825,0.0,0.0,0.0,0.0
7891,50,1.2780000000000005,0.719999999999965,1.2084484341528086,0.7039681730082638,0.018468208092485172,0.0,0.0,0.015087886433483116,0.0,0.0,0.63,0.0,0.0,0.555187187595634,0.0,0.0,0.0,0.0
7892,44,1.054545454545455,0.5454545454545382,1.2088346938775494,0.704795918367348,0.017021276595745132,0.0,0.0,0.015106714801075807,0.0,0.0,0.5454545454545454,0.0,0.0,0.5551530612244898,0.0,0.0,0.0,0.0
7893,55,1.3223636363636369,0.7636363636363566,1.2107178596956991,0.7059123863984489,0.014854983660131181,0.0,0.0,0.015109922809986706,0.0,0.0,0.6363636363636364,0.0,0.0,0.5564178494843255,0.0,0.0,0.0,0.0
7894,38,1.1063157894736846,0.5789473684210523,1.2116496215995074,0.7051544283084483,0.013810775295663817,0.0,0.0,0.015102354295387702,0.0,0.0,0.6052631578947368,0.0,0.0,0.5579873184700348,0.0,0.0,0.0,0.0
7895,39,1.3135897435897441,0.7692307692307556,1.2121472455457694,0.706430473069835,0.016703619171829623,0.0,0.0,0.01509744354956994,0.0,0.0,0.5256410256410257,0.0,0.0,0.5576489862789269,0.0,0.0,0.0,0.0
7896,43,1.4548837209302332,0.8372093023256031,1.215458645075329,0.7083119811417454,0.015991820040900103,0.0,0.0,0.015125430611726977,0.0,0.0,0.686046511627907,0.0,0.0,0.5591114071948344,0.0,0.0,0.0,0.0
7897,48,1.376458333333334,0.8333333333333658,1.2169612863580483,0.7098525194592392,0.01845530726257011,0.0,0.0,0.01513497712381676,0.0,0.0,0.6666666666666666,0.0,0.0,0.5594786972552233,0.0,0.0,0.0,0.0
7898,54,1.2435185185185191,0.7777777777778222,1.2179926335174938,0.7109678739513009,0.013726492232216364,0.0,0.0,0.015123250708863134,0.0,0.0,0.5694444444444444,0.0,0.0,0.559596889707387,0.0,0.0,0.0,0.0
7899,51,1.1352941176470592,0.7450980392156791,1.2173466257668697,0.7119631901840505,0.014435302916978294,0.0,0.0,0.015120474582987311,0.0,0.0,0.49019607843137253,0.0,0.0,0.5587934560327198,0.0,0.0,0.0,0.0
7900,47,1.4019148936170216,0.7234042553191847,1.2178925281473885,0.7120777891504619,0.01607073170731647,0.0,0.0,0.015152546646495265,0.0,0.0,0.7127659574468085,0.0,0.0,0.5595701125895599,0.0,0.0,0.0,0.0
7901,59,1.137288135593221,0.8813559322033657,1.2176449534717235,0.7129563350035804,0.016588380716934206,0.0,0.0,0.015171343096458267,0.0,0.0,0.3813559322033898,0.0,0.0,0.5584415584415584,0.0,0.0,0.0,0.0
7902,36,1.2838888888888893,1.0555555555555693,1.2183570332480802,0.7149872122762161,0.014525455688246987,0.0,0.0,0.0151854600352432,0.0,0.0,0.4027777777777778,0.0,0.0,0.5579283887468031,0.0,0.0,0.0,0.0
7903,56,1.0880357142857149,0.7857142857142655,1.2172549621444633,0.7150603642316367,0.015074220682829986,0.0,0.0,0.015174312418053955,0.0,0.0,0.36607142857142855,0.0,0.0,0.5568600368324125,0.0,0.0,0.0,0.0
7904,53,1.174528301886793,0.7547169811320555,1.2167010941814076,0.7148992739543936,0.015268579838116194,0.0,0.0,0.015160993138248103,0.0,0.0,0.4811320754716981,0.0,0.0,0.5564219245321608,0.0,0.0,0.0,0.0
7905,46,1.2421739130434786,0.9347826086956432,1.2172312570318078,0.7163751662064043,0.01292175486205317,0.0,0.0,0.015164052863885226,0.0,0.0,0.44021739130434784,0.0,0.0,0.5556919300398895,0.0,0.0,0.0,0.0
7906,52,1.3700000000000006,0.7692307692307356,1.2184554009819952,0.7167553191489375,0.015218970305491011,0.0,0.0,0.015172182764910332,0.0,0.0,0.6346153846153846,0.0,0.0,0.5562858019639935,0.0,0.0,0.0,0.0
7907,55,1.2043636363636367,0.6181818181817799,1.2180744833231005,0.7151626764886443,0.016778115501519687,0.0,0.0,0.01520025126365964,0.0,0.0,0.5545454545454546,0.0,0.0,0.5568600368324125,0.0,0.0,0.0,0.0
7908,44,1.3172727272727276,0.6136363636363374,1.2188936693300538,0.714505224339276,0.014414324794826497,0.0,0.0,0.015199697509305983,0.0,0.0,0.6647727272727273,0.0,0.0,0.5579287031346035,0.0,0.0,0.0,0.0
7909,48,1.1818750000000005,0.5833333333333278,1.2179335452774058,0.713978053532972,0.014609837754313909,0.0,0.0,0.015182674262220522,0.0,0.0,0.6041666666666666,0.0,0.0,0.5574556455748129,0.0,0.0,0.0,0.0
7910,56,1.3319642857142864,0.6785714285714544,1.2167880217413582,0.7131576248589901,0.0161800433839485,0.0,0.0,0.015165718668115351,0.0,0.0,0.625,0.0,0.0,0.5567377704850784,0.0,0.0,0.0,0.0
7911,42,1.1466666666666672,0.9999999999999757,1.215954284542844,0.7144321443214444,0.014850447116866762,0.0,0.0,0.015173105799952478,0.0,0.0,0.3273809523809524,0.0,0.0,0.5550943009430094,0.0,0.0,0.0,0.0
7912,51,1.2629411764705887,0.8235294117647014,1.2169397787791874,0.715587873822205,0.017319171820381816,0.0,0.0,0.015183232024043395,0.0,0.0,0.49019607843137253,0.0,0.0,0.5551515772224498,0.0,0.0,0.0,0.0
7913,51,1.1125490196078438,0.6666666666666643,1.2164323770491787,0.7140368852459024,0.013805352798054147,0.0,0.0,0.01519250431562345,0.0,0.0,0.5392156862745098,0.0,0.0,0.5561475409836065,0.0,0.0,0.0,0.0
7914,49,1.2326530612244901,0.7959183673469625,1.2177834681962496,0.7155587421899015,0.016206063858331364,0.0,0.0,0.015210277653753563,0.0,0.0,0.5102040816326531,0.0,0.0,0.5564375704189286,0.0,0.0,0.0,0.0
7915,48,1.237291666666667,0.5000000000000037,1.2166437724243964,0.7151204510507442,0.015995152168057577,0.0,0.0,0.015186990871190952,0.0,0.0,0.7604166666666666,0.0,0.0,0.5562275756022552,0.0,0.0,0.0,0.0
7916,42,1.386428571428572,0.6666666666666508,1.2170015408320478,0.7142270159219325,0.019416472157385324,0.0,0.0,0.015204105072821847,0.0,0.0,0.7738095238095238,0.0,0.0,0.5573189522342065,0.0,0.0,0.0,0.0
7917,38,1.2163157894736847,0.6842105263157979,1.2184309494451278,0.7146526921496108,0.016578192252510268,0.0,0.0,0.015233615323839489,0.0,0.0,0.618421052631579,0.0,0.0,0.5579788327168105,0.0,0.0,0.0,0.0
7918,53,0.866037735849057,0.49056603773588947,1.21786587244531,0.7146965184348377,0.012220447284344144,0.0,0.0,0.01524103051840813,0.0,0.0,0.41509433962264153,0.0,0.0,0.5573071788025059,0.0,0.0,0.0,0.0
7919,45,1.2268888888888894,0.7777777777777563,1.219075120748123,0.7158565409515993,0.011834941050375598,0.0,0.0,0.015215122237143058,0.0,0.0,0.5777777777777777,0.0,0.0,0.5577021888808961,0.0,0.0,0.0,0.0
7920,50,1.2928000000000004,0.6399999999999832,1.220951745379875,0.717145790554416,0.0135655823714594,0.0,0.0,0.015225396508370646,0.0,0.0,0.675,0.0,0.0,0.5584958932238193,0.0,0.0,0.0,0.0
7921,49,1.161224489795919,0.9387755102040402,1.2215101118981606,0.7184067344215184,0.013183503243743903,0.0,0.0,0.015211254461592006,0.0,0.0,0.42857142857142855,0.0,0.0,0.55874653526332,0.0,0.0,0.0,0.0
7922,41,0.9948780487804881,0.4390243902439092,1.2200194891783758,0.7177146373987086,0.01574903474903479,0.0,0.0,0.015205966317689718,0.0,0.0,0.5792682926829268,0.0,0.0,0.5582110985742127,0.0,0.0,0.0,0.0
7923,43,1.3497674418604655,0.8372093023255879,1.2197956669062517,0.7179381866721438,0.012716914986853782,0.0,0.0,0.015169022968838633,0.0,0.0,0.6511627906976745,0.0,0.0,0.5581681897525413,0.0,0.0,0.0,0.0
7924,58,1.090517241379311,0.6379310344827749,1.218355742584418,0.7165144206096693,0.015710382513660977,0.0,0.0,0.015164678212857231,0.0,0.0,0.5172413793103449,0.0,0.0,0.5580416709432413,0.0,0.0,0.0,0.0
7925,41,1.277804878048781,0.7804878048780579,1.2181460962347377,0.7166307581820056,0.012737661074640977,0.0,0.0,0.015153406726923313,0.0,0.0,0.5365853658536586,0.0,0.0,0.5578126603057351,0.0,0.0,0.0,0.0
7926,54,1.2437037037037042,0.6296296296296379,1.2184168459883171,0.7155446254739224,0.0152048901969668,0.0,0.0,0.015139592535202171,0.0,0.0,0.6064814814814815,0.0,0.0,0.5584844758684292,0.0,0.0,0.0,0.0
7927,59,1.3145762711864413,0.7627118644067705,1.2191011466011452,0.716318591318592,0.014832663989290876,0.0,0.0,0.015131759186546865,0.0,0.0,0.6101694915254238,0.0,0.0,0.5586353398853399,0.0,0.0,0.0,0.0
7928,51,1.3121568627450986,0.7058823529412277,1.2207279615030189,0.716391932015973,0.020053940665267545,0.0,0.0,0.015146031532292633,0.0,0.0,0.6470588235294118,0.0,0.0,0.5598187775161257,0.0,0.0,0.0,0.0
7929,54,1.1001851851851856,0.48148148148146963,1.2215073115860504,0.716535433070867,0.014178997613364872,0.0,0.0,0.015147382743696728,0.0,0.0,0.6203703703703703,0.0,0.0,0.560231107475202,0.0,0.0,0.0,0.0
7930,45,1.1940000000000006,0.5333333333333298,1.2219135865670103,0.7166990887683021,0.017405247813410876,0.0,0.0,0.01514242937530535,0.0,0.0,0.6666666666666666,0.0,0.0,0.5602027234565373,0.0,0.0,0.0,0.0
7931,50,1.1296000000000006,0.7999999999999838,1.2212461601474491,0.7167724759369247,0.01253161748391434,0.0,0.0,0.015152526524280672,0.0,0.0,0.475,0.0,0.0,0.5595177145197624,0.0,0.0,0.0,0.0
7932,71,1.0726760563380284,0.6056338028169292,1.2210623084780377,0.7167517875383053,0.01248524590163886,0.0,0.0,0.015140925792466184,0.0,0.0,0.5387323943661971,0.0,0.0,0.5595250255362615,0.0,0.0,0.0,0.0
7933,40,1.1015000000000004,0.6000000000000207,1.2213659135057753,0.7160822001840315,0.013581997533909151,0.0,0.0,0.015139319944796724,0.0,0.0,0.6125,0.0,0.0,0.5604488293630508,0.0,0.0,0.0,0.0
7934,45,1.3182222222222229,0.6222222222222206,1.2218179957006847,0.7159381717678384,0.017986658580957694,0.0,0.0,0.015171101550037857,0.0,0.0,0.7055555555555556,0.0,0.0,0.5611628621148531,0.0,0.0,0.0,0.0
7935,49,1.1610204081632658,0.4489795918367264,1.2217190217947393,0.7156451447866584,0.01449057564951651,0.0,0.0,0.015187454049144879,0.0,0.0,0.6224489795918368,0.0,0.0,0.5610610866673488,0.0,0.0,0.0,0.0
7936,44,1.277954545454546,0.5909090909090896,1.221938587512793,0.7158648925281488,0.015533149171271453,0.0,0.0,0.015183125818718331,0.0,0.0,0.6931818181818182,0.0,0.0,0.5612845445240532,0.0,0.0,0.0,0.0
7937,59,1.4225423728813564,0.7796610169491783,1.2239290823625575,0.7169425710198257,0.020525800929322217,0.0,0.0,0.015217764733535397,0.0,0.0,0.6016949152542372,0.0,0.0,0.5616441855712242,0.0,0.0,0.0,0.0
7938,50,1.3750000000000007,0.8400000000000487,1.223638687250791,0.7183314589510291,0.019738730979041216,0.0,0.0,0.015241062355305326,0.0,0.0,0.58,0.0,0.0,0.5603465903281873,0.0,0.0,0.0,0.0
7939,51,1.1845098039215691,0.6666666666666983,1.2252220974165207,0.719085060757686,0.015711313394018565,0.0,0.0,0.01525947310522003,0.0,0.0,0.5196078431372549,0.0,0.0,0.5609363831308077,0.0,0.0,0.0,0.0
7940,49,1.1442857142857148,0.7346938775510354,1.224581290849672,0.7189542483660146,0.014635865309319063,0.0,0.0,0.015256881189189648,0.0,0.0,0.5816326530612245,0.0,0.0,0.5611979166666666,0.0,0.0,0.0,0.0
7941,52,1.2500000000000004,0.846153846153858,1.2255925283249962,0.7212411962845787,0.017011253598534476,0.0,0.0,0.015275216811080218,0.0,0.0,0.42788461538461536,0.0,0.0,0.5601459630499133,0.0,0.0,0.0,0.0
7942,49,1.45061224489796,0.8571428571428736,1.2267281998980102,0.7220805711371767,0.020716992130574388,0.0,0.0,0.015294384674169756,0.0,0.0,0.6530612244897959,0.0,0.0,0.5605303416624171,0.0,0.0,0.0,0.0
7943,37,1.2802702702702706,0.5945945945946042,1.2273266619013572,0.7232717247013192,0.012310291060291356,0.0,0.0,0.015304486342840533,0.0,0.0,0.7027027027027027,0.0,0.0,0.5602981721637904,0.0,0.0,0.0,0.0
7944,50,1.1448000000000005,0.7400000000000282,1.2272034676185608,0.7237123916369222,0.017574455019957375,0.0,0.0,0.015318775947212553,0.0,0.0,0.49,0.0,0.0,0.5600713921468639,0.0,0.0,0.0,0.0
7945,53,1.1518867924528304,0.5660377358490738,1.2251931505453055,0.7216389766588545,0.01218319696667279,0.0,0.0,0.015266540253782592,0.0,0.0,0.6320754716981132,0.0,0.0,0.5600856181836714,0.0,0.0,0.0,0.0
7946,57,1.2878947368421059,0.8771929824561772,1.2259535925096672,0.7225727661306761,0.016360597281033503,0.0,0.0,0.015272951799667612,0.0,0.0,0.49122807017543857,0.0,0.0,0.5599938937512722,0.0,0.0,0.0,0.0
7947,55,0.9729090909090916,0.3272727272727187,1.2244172340209316,0.720658469667719,0.02046271510516255,0.0,0.0,0.015272663437090484,0.0,0.0,0.5590909090909091,0.0,0.0,0.5597246214815568,0.0,0.0,0.0,0.0
7948,50,1.1878000000000002,0.6799999999999868,1.224619057293782,0.7204388459975641,0.0156454162276082,0.0,0.0,0.01528840251814806,0.0,0.0,0.59,0.0,0.0,0.5601127590410402,0.0,0.0,0.0,0.0
7949,38,1.436052631578948,0.9999999999999926,1.2256721877857932,0.7216746265623434,0.01747918001281243,0.0,0.0,0.015326995922319528,0.0,0.0,0.5789473684210527,0.0,0.0,0.5601818920841378,0.0,0.0,0.0,0.0
7950,63,1.3426984126984134,0.793650793650787,1.2256947122703736,0.7229270273013316,0.018413147583805863,0.0,0.0,0.015335094123996112,0.0,0.0,0.6111111111111112,0.0,0.0,0.5597787475895666,0.0,0.0,0.0,0.0
7951,42,1.359285714285715,0.8095238095238217,1.225514997458057,0.7230299949161181,0.026152084287677083,0.0,0.0,0.015359111657079696,0.0,0.0,0.5833333333333334,0.0,0.0,0.5592272496187087,0.0,0.0,0.0,0.0
7952,52,1.163461538461539,0.5769230769230695,1.2255583807973953,0.7222335231895873,0.02010634762379574,0.0,0.0,0.015392748742999679,0.0,0.0,0.5913461538461539,0.0,0.0,0.559830146460537,0.0,0.0,0.0,0.0
7953,53,1.213962264150944,0.6792452830188677,1.2261890212852624,0.7225786739993912,0.016329949238576946,0.0,0.0,0.015431520421215645,0.0,0.0,0.5235849056603774,0.0,0.0,0.5596292901517466,0.0,0.0,0.0,0.0
7954,43,0.8462790697674422,0.44186046511628263,1.2249908275580912,0.7221769262128029,0.01095754290876217,0.0,0.0,0.015449151747211835,0.0,0.0,0.38372093023255816,0.0,0.0,0.5591622503057481,0.0,0.0,0.0,0.0
7955,42,0.8069047619047622,0.7142857142857162,1.2215314029363775,0.7202283849918457,0.009741304972693205,0.0,0.0,0.015431016384405685,0.0,0.0,0.25,0.0,0.0,0.5574021207177814,0.0,0.0,0.0,0.0
7956,41,1.2087804878048785,0.6829268292683072,1.2224436741767755,0.7201549597308616,0.014067556060174713,0.0,0.0,0.015433599592245495,0.0,0.0,0.573170731707317,0.0,0.0,0.558160872667958,0.0,0.0,0.0,0.0
7957,45,1.0402222222222226,0.7111111111111003,1.2213245640868757,0.7194860813704518,0.016581650726178426,0.0,0.0,0.015433748120315326,0.0,0.0,0.40555555555555556,0.0,0.0,0.5574844498827368,0.0,0.0,0.0,0.0
7958,43,1.069302325581396,0.6046511627906815,1.2205122448979582,0.718979591836737,0.015560067681895294,0.0,0.0,0.015441344676676046,0.0,0.0,0.48255813953488375,0.0,0.0,0.5572704081632653,0.0,0.0,0.0,0.0
7959,50,0.8832000000000005,0.4600000000000054,1.2187974683544294,0.7172315230706435,0.015112936344969125,0.0,0.0,0.0154287331456972,0.0,0.0,0.415,0.0,0.0,0.5570385871784401,0.0,0.0,0.0,0.0
7960,52,1.1740384615384618,0.6153846153845957,1.219557440719541,0.7160670482420305,0.012904248573239656,0.0,0.0,0.01544450945012961,0.0,0.0,0.6153846153846154,0.0,0.0,0.5585394521668029,0.0,0.0,0.0,0.0
7961,46,1.1830434782608703,0.3695652173912915,1.2195105752528856,0.7139062021048358,0.018707459608111543,0.0,0.0,0.01546869350074721,0.0,0.0,0.6739130434782609,0.0,0.0,0.559390007152345,0.0,0.0,0.0,0.0
7962,52,1.2855769230769238,0.6923076923077043,1.219914224446032,0.7144899417951629,0.02020247809005704,0.0,0.0,0.015479468029418058,0.0,0.0,0.6586538461538461,0.0,0.0,0.5593280914939243,0.0,0.0,0.0,0.0
7963,62,1.2222580645161298,0.7419354838709656,1.2207039379718416,0.7157722913691114,0.019054563741513295,0.0,0.0,0.015507943626046947,0.0,0.0,0.5725806451612904,0.0,0.0,0.5596816976127321,0.0,0.0,0.0,0.0
7964,48,1.4025000000000005,0.9166666666666708,1.222612465571763,0.7169233907987382,0.01693158953722358,0.0,0.0,0.015532526204472692,0.0,0.0,0.578125,0.0,0.0,0.5604151790268285,0.0,0.0,0.0,0.0
7965,41,0.9141463414634149,0.6341463414634135,1.2199928476550517,0.7166649637273962,0.010889018012783665,0.0,0.0,0.015493425064944898,0.0,0.0,0.31097560975609756,0.0,0.0,0.5584704199448247,0.0,0.0,0.0,0.0
7966,42,1.3721428571428578,0.619047619047616,1.21977295970546,0.715892820617716,0.013085831062670611,0.0,0.0,0.015455410133471613,0.0,0.0,0.7440476190476191,0.0,0.0,0.5590611577009613,0.0,0.0,0.0,0.0
7967,49,1.2091836734693884,0.5306122448979644,1.2192303756012681,0.714972878927441,0.018020072992700874,0.0,0.0,0.015462622250777205,0.0,0.0,0.6326530612244898,0.0,0.0,0.5590011257803705,0.0,0.0,0.0,0.0
7968,58,1.2634482758620698,0.6896551724138019,1.2207320314896217,0.715468765974852,0.021376896149358667,0.0,0.0,0.015510798469702635,0.0,0.0,0.6293103448275862,0.0,0.0,0.5599631939474491,0.0,0.0,0.0,0.0
7969,50,1.0942000000000005,0.5199999999999756,1.2196852324987215,0.7145631067961191,0.010365668813944929,0.0,0.0,0.015471737738241292,0.0,0.0,0.62,0.0,0.0,0.5598875830352581,0.0,0.0,0.0,0.0
7970,52,1.3411538461538468,0.6923076923076759,1.2212554908570834,0.7157012973746067,0.01624505008152775,0.0,0.0,0.015465829911537908,0.0,0.0,0.6346153846153846,0.0,0.0,0.5603994279293084,0.0,0.0,0.0,0.0
7971,57,1.1154385964912286,0.5263157894736752,1.2205789258729824,0.7137022666938968,0.01873305833824365,0.0,0.0,0.015464136904184453,0.0,0.0,0.5614035087719298,0.0,0.0,0.5608791096589749,0.0,0.0,0.0,0.0
7972,42,0.9773809523809527,0.7142857142856798,1.220872098967385,0.7146508536959436,0.01347226780439735,0.0,0.0,0.015485942973042774,0.0,0.0,0.42857142857142855,0.0,0.0,0.5602954708107556,0.0,0.0,0.0,0.0
7973,53,1.2845283018867932,0.6415094339622548,1.2205108295872487,0.7137310993052742,0.018636736928551688,0.0,0.0,0.015481738941115233,0.0,0.0,0.6226415094339622,0.0,0.0,0.5602012668573764,0.0,0.0,0.0,0.0
7974,60,1.351833333333334,0.6333333333332999,1.221484956654767,0.7133095359510476,0.019270610596341907,0.0,0.0,0.01549828992472569,0.0,0.0,0.6583333333333333,0.0,0.0,0.5608363080061193,0.0,0.0,0.0,0.0
7975,45,1.170444444444445,0.755555555555585,1.2211470228384982,0.7128874388254508,0.02313131313131278,0.0,0.0,0.015508295383770805,0.0,0.0,0.5166666666666667,0.0,0.0,0.5609706362153344,0.0,0.0,0.0,0.0
7976,44,1.0809090909090915,0.7045454545454363,1.2202408654827506,0.7122882220861418,0.013073117097306719,0.0,0.0,0.015501380171429144,0.0,0.0,0.38636363636363635,0.0,0.0,0.5603949785670544,0.0,0.0,0.0,0.0
7977,53,1.322264150943397,0.5849056603773317,1.2196188821906602,0.7103300296311453,0.015549145773240744,0.0,0.0,0.015507873197349656,0.0,0.0,0.6415094339622641,0.0,0.0,0.5605139470726473,0.0,0.0,0.0,0.0
7978,53,1.3820754716981138,0.5660377358490511,1.221151292266829,0.7105935233425292,0.024457429048415066,0.0,0.0,0.015566976343212288,0.0,0.0,0.7830188679245284,0.0,0.0,0.5618040657881296,0.0,0.0,0.0,0.0
7979,55,1.2574545454545458,0.600000000000018,1.221362058403103,0.7110475801511151,0.017651863195508252,0.0,0.0,0.015574593742310084,0.0,0.0,0.6409090909090909,0.0,0.0,0.5618235654482336,0.0,0.0,0.0,0.0
7980,43,1.1137209302325586,1.0232558139535526,1.2211393827917423,0.7126507255262645,0.014185426540285059,0.0,0.0,0.015546727725702736,0.0,0.0,0.2558139534883721,0.0,0.0,0.5602646638054364,0.0,0.0,0.0,0.0
7981,46,1.1863043478260875,0.49999999999999206,1.2224261322973105,0.7133217462427179,0.020324022346368924,0.0,0.0,0.015567248827562543,0.0,0.0,0.6630434782608695,0.0,0.0,0.5612156221245271,0.0,0.0,0.0,0.0
7982,52,1.2482692307692314,0.461538461538476,1.2227216094771234,0.7123161764705909,0.02061944091486664,0.0,0.0,0.015568921686551194,0.0,0.0,0.6826923076923077,0.0,0.0,0.5618106617647058,0.0,0.0,0.0,0.0
7983,51,1.1478431372549023,0.45098039215688496,1.2214753596571772,0.7094174063871059,0.01171971971971961,0.0,0.0,0.01553087512048689,0.0,0.0,0.6372549019607843,0.0,0.0,0.5624681154984186,0.0,0.0,0.0,0.0
7984,49,0.9740816326530617,0.42857142857142627,1.219797959183673,0.7083673469387781,0.01512836767036468,0.0,0.0,0.015526959765576335,0.0,0.0,0.5102040816326531,0.0,0.0,0.5617091836734693,0.0,0.0,0.0,0.0
7985,48,1.5050000000000006,0.7708333333333045,1.2215376771693682,0.7096971550933031,0.028418568056647966,0.0,0.0,0.015569089049436718,0.0,0.0,0.7395833333333334,0.0,0.0,0.5622514530437442,0.0,0.0,0.0,0.0
7986,41,0.9851219512195125,0.4634146341463478,1.2209920391916709,0.7088181261481958,0.019427609427609946,0.0,0.0,0.01559298351715675,0.0,0.0,0.5487804878048781,0.0,0.0,0.5625127577056542,0.0,0.0,0.0,0.0
7987,53,1.1996226415094344,0.6981132075472098,1.219626606814935,0.7074066517037366,0.018477186864283807,0.0,0.0,0.01557524591231846,0.0,0.0,0.5471698113207547,0.0,0.0,0.5619771475209141,0.0,0.0,0.0,0.0
7988,46,1.0523913043478266,0.43478260869567603,1.2181314419838751,0.7063986121032786,0.016733494642239156,0.0,0.0,0.015596725025773611,0.0,0.0,0.5869565217391305,0.0,0.0,0.5613327890601082,0.0,0.0,0.0,0.0
7989,66,1.2286363636363642,0.6060606060606275,1.218164782564415,0.706385578979532,0.015570276497695809,0.0,0.0,0.015610587545890854,0.0,0.0,0.6666666666666666,0.0,0.0,0.5618189224971993,0.0,0.0,0.0,0.0
7990,47,1.0863829787234045,0.7234042553191371,1.217124249516637,0.7051999592958199,0.01784067085953835,0.0,0.0,0.015618257174718708,0.0,0.0,0.44680851063829785,0.0,0.0,0.5616159560394831,0.0,0.0,0.0,0.0
7991,69,1.1663768115942033,0.6956521739130315,1.217971147008025,0.7062887331098264,0.012899503125501265,0.0,0.0,0.015590646514616006,0.0,0.0,0.5543478260869565,0.0,0.0,0.5620237732398659,0.0,0.0,0.0,0.0
7992,46,1.1734782608695657,0.6739130434782794,1.2185306371303724,0.7068387359008254,0.016932245922208298,0.0,0.0,0.015609803086928437,0.0,0.0,0.5271739130434783,0.0,0.0,0.5621633980286557,0.0,0.0,0.0,0.0
7993,52,0.9088461538461545,0.5384615384615319,1.217550274223034,0.706682916920579,0.01630779848171175,0.0,0.0,0.015624592702267355,0.0,0.0,0.40384615384615385,0.0,0.0,0.5615986187284177,0.0,0.0,0.0,0.0
7994,56,1.3571428571428577,0.857142857142877,1.2177362704293972,0.7073393564105189,0.01903807615230378,0.0,0.0,0.01563363155939872,0.0,0.0,0.5580357142857143,0.0,0.0,0.5612881940919704,0.0,0.0,0.0,0.0
7995,46,1.273260869565218,0.869565217391285,1.2180694275274053,0.7084855866829092,0.017221405468979982,0.0,0.0,0.015639598076396803,0.0,0.0,0.45652173913043476,0.0,0.0,0.5604699553390174,0.0,0.0,0.0,0.0
7996,39,1.3284615384615388,0.7179487179486994,1.2186189700793806,0.7087319356808486,0.022457737321196047,0.0,0.0,0.015667864792757374,0.0,0.0,0.6217948717948718,0.0,0.0,0.5609607164665174,0.0,0.0,0.0,0.0
7997,50,1.2150000000000005,0.7199999999999872,1.2187531780738325,0.708227397538901,0.017088607594936925,0.0,0.0,0.015683523662699584,0.0,0.0,0.49,0.0,0.0,0.5610698667751449,0.0,0.0,0.0,0.0
7998,51,0.9560784313725497,0.4313725490195967,1.2171955682049191,0.7062411059158379,0.02071367884451941,0.0,0.0,0.015701321689874946,0.0,0.0,0.5294117647058824,0.0,0.0,0.561115064037406,0.0,0.0,0.0,0.0
7999,43,1.2960465116279074,0.6046511627907087,1.2179833044894632,0.7073195561437459,0.016695626123427707,0.0,0.0,0.015714190021619074,0.0,0.0,0.6162790697674418,0.0,0.0,0.5610556856357528,0.0,0.0,0.0,0.0
8000,47,0.951702127659575,0.5531914893617109,1.2164221678891602,0.7063977180114115,0.018731155778894316,0.0,0.0,0.015717360256418726,0.0,0.0,0.44680851063829785,0.0,0.0,0.5603351670741646,0.0,0.0,0.0,0.0
8001,54,1.2127777777777784,0.5925925925925972,1.2148977515515307,0.7054634245599773,0.015198421907635092,0.0,0.0,0.015691498028909363,0.0,0.0,0.6157407407407407,0.0,0.0,0.5600010173974972,0.0,0.0,0.0,0.0
8002,43,1.2265116279069772,0.5581395348837193,1.2146452926208646,0.7047328244274825,0.020995222929936136,0.0,0.0,0.01569779815765557,0.0,0.0,0.6395348837209303,0.0,0.0,0.5603307888040713,0.0,0.0,0.0,0.0
8003,51,1.2286274509803927,0.3529411764705881,1.2156746031746026,0.7039072039072057,0.018068050749711444,0.0,0.0,0.015727835187257316,0.0,0.0,0.7205882352941176,0.0,0.0,0.5608465608465608,0.0,0.0,0.0,0.0
8004,45,1.0197777777777783,0.4444444444444371,1.2150728180059063,0.7012934107342925,0.01656080837242875,0.0,0.0,0.015753080095013913,0.0,0.0,0.6111111111111112,0.0,0.0,0.5621244525919137,0.0,0.0,0.0,0.0
8005,48,1.2377083333333339,0.7916666666666479,1.2149409488902458,0.7014864589696618,0.017076746191434174,0.0,0.0,0.015771426230223214,0.0,0.0,0.4479166666666667,0.0,0.0,0.5613418855630218,0.0,0.0,0.0,0.0
8006,44,1.1568181818181824,0.4545454545454589,1.2134912387938055,0.6996740016299937,0.01746739876458417,0.0,0.0,0.01576425669326771,0.0,0.0,0.6363636363636364,0.0,0.0,0.5613284433577832,0.0,0.0,0.0,0.0
8007,59,1.2218644067796616,0.5084745762711713,1.2132804071246814,0.699033078880409,0.016595303867403426,0.0,0.0,0.015765641015467447,0.0,0.0,0.711864406779661,0.0,0.0,0.5616793893129771,0.0,0.0,0.0,0.0
8008,57,1.1652631578947374,0.5614035087719428,1.2119235461569737,0.6968279788531941,0.017242990654205387,0.0,0.0,0.015753785646130312,0.0,0.0,0.6403508771929824,0.0,0.0,0.5623220821472144,0.0,0.0,0.0,0.0
8009,44,1.0165909090909093,0.7727272727272566,1.2106156507581147,0.6958379973542302,0.015297537619699018,0.0,0.0,0.01575689024220648,0.0,0.0,0.3068181818181818,0.0,0.0,0.5620993182049455,0.0,0.0,0.0,0.0
8010,44,1.1034090909090912,0.6818181818181572,1.2096630700325726,0.696457654723129,0.016452050152490325,0.0,0.0,0.015785367784578775,0.0,0.0,0.4772727272727273,0.0,0.0,0.5609985749185668,0.0,0.0,0.0,0.0
8011,44,0.9863636363636368,0.2727272727272911,1.2090149740246503,0.6941020678415015,0.01857081728712126,0.0,0.0,0.01581579487398162,0.0,0.0,0.6363636363636364,0.0,0.0,0.5618569827849649,0.0,0.0,0.0,0.0
8012,51,1.1388235294117652,0.5882352941176408,1.208901892937105,0.6948911052310218,0.01824120603014961,0.0,0.0,0.015809726998796843,0.0,0.0,0.5392156862745098,0.0,0.0,0.5613677997150417,0.0,0.0,0.0,0.0
8013,56,1.0328571428571434,0.7321428571428644,1.2078011803011794,0.6954619454619476,0.01386053199137336,0.0,0.0,0.015810625777526788,0.0,0.0,0.4330357142857143,0.0,0.0,0.5606684981684982,0.0,0.0,0.0,0.0
8014,54,1.1775925925925932,0.5555555555555564,1.2073616761594783,0.6945687550854376,0.023023171614771094,0.0,0.0,0.015827622252681327,0.0,0.0,0.6574074074074074,0.0,0.0,0.5609997965825875,0.0,0.0,0.0,0.0
8015,66,1.2656060606060613,0.6363636363636263,1.2072753122778506,0.6939169290139151,0.020563761693747035,0.0,0.0,0.015826052459566368,0.0,0.0,0.6098484848484849,0.0,0.0,0.5608307098608714,0.0,0.0,0.0,0.0
8016,48,1.1641666666666668,0.583333333333321,1.207906433935457,0.6942358433123625,0.013876334740502046,0.0,0.0,0.015833504047931355,0.0,0.0,0.6145833333333334,0.0,0.0,0.5611426831743455,0.0,0.0,0.0,0.0
8017,44,1.035454545454546,0.568181818181814,1.206340844498578,0.6933617539585892,0.01176956858692805,0.0,0.0,0.015810508615723962,0.0,0.0,0.4431818181818182,0.0,0.0,0.5600893219650832,0.0,0.0,0.0,0.0
8018,43,1.1179069767441865,0.3255813953488332,1.205464880227364,0.6909257003654101,0.024893837389952485,0.0,0.0,0.015857144383084644,0.0,0.0,0.6976744186046512,0.0,0.0,0.5607998375964272,0.0,0.0,0.0,0.0
8019,44,1.2745454545454553,0.818181818181802,1.2053806333739336,0.6911287048315085,0.018990856755841494,0.0,0.0,0.01587462487050097,0.0,0.0,0.5227272727272727,0.0,0.0,0.5604445797807551,0.0,0.0,0.0,0.0
8020,53,1.1681132075471703,0.75471698113205,1.204583460172501,0.6911212582445476,0.0164261077208804,0.0,0.0,0.015871863710628435,0.0,0.0,0.4811320754716981,0.0,0.0,0.5595383054287164,0.0,0.0,0.0,0.0
8021,44,1.118636363636364,0.3863636363636278,1.203388127853881,0.6882800608828022,0.019846774193548997,0.0,0.0,0.015872050771761296,0.0,0.0,0.7159090909090909,0.0,0.0,0.5605783866057839,0.0,0.0,0.0,0.0
8022,46,1.5560869565217397,0.7391304347826062,1.2042976045472997,0.688083637840034,0.028416038110361315,0.0,0.0,0.015917556920096543,0.0,0.0,0.782608695652174,0.0,0.0,0.5613580998781973,0.0,0.0,0.0,0.0
8023,47,0.9974468085106386,0.6382978723404129,1.202689494005283,0.6875635033529786,0.012382461701003421,0.0,0.0,0.015893920310657922,0.0,0.0,0.3829787234042553,0.0,0.0,0.5603535866693762,0.0,0.0,0.0,0.0
8024,46,1.237173913043479,0.5652173913043426,1.2018839694656482,0.6852926208651414,0.019692041522490395,0.0,0.0,0.01591466989402807,0.0,0.0,0.6630434782608695,0.0,0.0,0.5610178117048346,0.0,0.0,0.0,0.0
8025,50,1.1748000000000005,0.5599999999999837,1.2003288870787083,0.6840443946644956,0.01897286821705412,0.0,0.0,0.015930999718906755,0.0,0.0,0.66,0.0,0.0,0.5607626514611547,0.0,0.0,0.0,0.0
8026,52,0.9211538461538465,0.40384615384614897,1.1997310787409587,0.6841193847407568,0.011798029556650252,0.0,0.0,0.01594383669756315,0.0,0.0,0.46153846153846156,0.0,0.0,0.5600234287460528,0.0,0.0,0.0,0.0
8027,39,1.2156410256410264,0.5641025641025517,1.1996653402714001,0.683603713906745,0.021336633663365905,0.0,0.0,0.015965738199761822,0.0,0.0,0.5512820512820513,0.0,0.0,0.5598153249668402,0.0,0.0,0.0,0.0
8028,50,1.1582000000000006,0.5799999999999861,1.1990264312684962,0.6828247780385763,0.019845784784098996,0.0,0.0,0.015974694490218794,0.0,0.0,0.63,0.0,0.0,0.5601336871109297,0.0,0.0,0.0,0.0
8029,48,1.0916666666666672,0.41666666666664937,1.1977557890441695,0.6807099867387542,0.015135759676487441,0.0,0.0,0.015974531305270604,0.0,0.0,0.625,0.0,0.0,0.5603641742323778,0.0,0.0,0.0,0.0
8030,45,1.3531111111111116,0.6888888888888626,1.1985504587155957,0.6809378185524982,0.01749712643678213,0.0,0.0,0.015979695431472086,0.0,0.0,0.6777777777777778,0.0,0.0,0.5606778797145769,0.0,0.0,0.0,0.0
8031,43,1.0051162790697676,0.5116279069767354,1.1969630838262282,0.678972057923721,0.01706277141729129,0.0,0.0,0.015957229574946816,0.0,0.0,0.47674418604651164,0.0,0.0,0.560549663471344,0.0,0.0,0.0,0.0
8032,45,1.0460000000000007,0.35555555555554413,1.1963450173221921,0.6777053189321386,0.01368711834835697,0.0,0.0,0.015929343895976337,0.0,0.0,0.6111111111111112,0.0,0.0,0.5607550438149582,0.0,0.0,0.0,0.0
8033,59,0.9394915254237294,0.4406779661016874,1.1951637843336718,0.6759918616480171,0.020090612540775498,0.0,0.0,0.015939646622590602,0.0,0.0,0.5169491525423728,0.0,0.0,0.5607578840284843,0.0,0.0,0.0,0.0
8034,39,1.0866666666666671,0.6153846153845878,1.194456322541233,0.6749134595805342,0.016010578012845077,0.0,0.0,0.015971702248735963,0.0,0.0,0.5641025641025641,0.0,0.0,0.5613164324984729,0.0,0.0,0.0,0.0
8035,55,1.2496363636363639,0.6181818181817983,1.1940164851938528,0.6745700620738785,0.016099789177793374,0.0,0.0,0.015960889454762116,0.0,0.0,0.6272727272727273,0.0,0.0,0.5612343543299074,0.0,0.0,0.0,0.0
8036,59,1.2655932203389835,0.7457627118643899,1.1936567999186236,0.6749059098769201,0.013251109139307401,0.0,0.0,0.01591205739537697,0.0,0.0,0.5635593220338984,0.0,0.0,0.5606245549791476,0.0,0.0,0.0,0.0
8037,46,1.2586956521739134,0.6086956521739169,1.1933621654625004,0.6741630202503309,0.017755289788407756,0.0,0.0,0.01593662135479023,0.0,0.0,0.6413043478260869,0.0,0.0,0.5610562735321054,0.0,0.0,0.0,0.0
8038,54,0.9737037037037043,0.48148148148147574,1.1918095819346954,0.6726680907333944,0.01385872430152884,0.0,0.0,0.015911251980982564,0.0,0.0,0.5740740740740741,0.0,0.0,0.5609297121350829,0.0,0.0,0.0,0.0
8039,55,0.9721818181818186,0.6181818181817944,1.1909450259119998,0.6721877857941267,0.013079745596869422,0.0,0.0,0.01592723808591945,0.0,0.0,0.4318181818181818,0.0,0.0,0.560893201910375,0.0,0.0,0.0,0.0
8040,42,1.2790476190476194,0.7619047619047561,1.1899837381847738,0.6715113324524852,0.015888790298727605,0.0,0.0,0.01591623086470268,0.0,0.0,0.5952380952380952,0.0,0.0,0.5607023071450351,0.0,0.0,0.0,0.0
8041,55,1.2607272727272734,0.7272727272727155,1.1898353825830696,0.6719845544152018,0.01696183953033268,0.0,0.0,0.015905135644699444,0.0,0.0,0.5681818181818182,0.0,0.0,0.5605121430748907,0.0,0.0,0.0,0.0
8042,52,1.28673076923077,0.8076923076922686,1.1907801706623315,0.6728971962616822,0.01511748757342961,0.0,0.0,0.01592776683198586,0.0,0.0,0.5865384615384616,0.0,0.0,0.560696871190573,0.0,0.0,0.0,0.0
8043,53,1.3973584905660381,0.9056603773584512,1.1922330491270798,0.6730613073487612,0.016893248175182226,0.0,0.0,0.015952617011047148,0.0,0.0,0.6415094339622641,0.0,0.0,0.5618656110434429,0.0,0.0,0.0,0.0
8044,50,0.7646000000000004,0.3399999999999956,1.1891688654353552,0.6705906230972188,0.010385764737842813,0.0,0.0,0.01595128611410587,0.0,0.0,0.43,0.0,0.0,0.5608889790947839,0.0,0.0,0.0,0.0
8045,50,1.0278000000000005,0.5999999999999978,1.187969352547188,0.6695758067789724,0.01394951140065195,0.0,0.0,0.015982756031293094,0.0,0.0,0.55,0.0,0.0,0.5609904607266085,0.0,0.0,0.0,0.0
8046,43,1.2918604651162795,0.8139534883720916,1.1892991366175711,0.6705942102590142,0.01767982176957381,0.0,0.0,0.016027500393547195,0.0,0.0,0.5697674418604651,0.0,0.0,0.5617826307770442,0.0,0.0,0.0,0.0
8047,59,1.2261016949152548,0.6440677966101537,1.1890785467830312,0.6697787700426218,0.016300135196034855,0.0,0.0,0.016045568330585396,0.0,0.0,0.614406779661017,0.0,0.0,0.5618784250050741,0.0,0.0,0.0,0.0
8048,45,1.1088888888888893,0.6666666666666695,1.1885973999593733,0.6690026406662595,0.022050375607600647,0.0,0.0,0.016072627340247867,0.0,0.0,0.5222222222222223,0.0,0.0,0.562004875076173,0.0,0.0,0.0,0.0
8049,48,1.1006250000000006,0.5000000000000008,1.1884089060593728,0.6684627897519305,0.013435910478127849,0.0,0.0,0.01607402263445222,0.0,0.0,0.5572916666666666,0.0,0.0,0.5619916632777552,0.0,0.0,0.0,0.0
8050,44,1.039772727272728,0.6136363636363534,1.1869409132512954,0.6682599410149487,0.02147887323943639,0.0,0.0,0.01606541964736764,0.0,0.0,0.48863636363636365,0.0,0.0,0.561095291365809,0.0,0.0,0.0,0.0
8051,40,1.1927500000000004,0.5749999999999817,1.1874735557363698,0.6676159479251412,0.016167400881057562,0.0,0.0,0.016048395743241937,0.0,0.0,0.625,0.0,0.0,0.5620423108218063,0.0,0.0,0.0,0.0
8052,53,1.3192452830188688,0.6415094339622529,1.1886914082358913,0.6670055922724953,0.022642487046631715,0.0,0.0,0.01611945525667382,0.0,0.0,0.6509433962264151,0.0,0.0,0.5631418403660396,0.0,0.0,0.0,0.0
8053,60,1.2058333333333342,0.8499999999999905,1.1895207148659617,0.6674451665312743,0.015321897501058999,0.0,0.0,0.016145856304855988,0.0,0.0,0.4375,0.0,0.0,0.5634392770105605,0.0,0.0,0.0,0.0
8054,45,1.3311111111111116,0.599999999999989,1.191060975609755,0.6664634146341454,0.019600785340313585,0.0,0.0,0.016137370966875807,0.0,0.0,0.7111111111111111,0.0,0.0,0.5652184959349593,0.0,0.0,0.0,0.0
8055,49,1.2020408163265313,0.6122448979591637,1.1898282171172994,0.6645659686928228,0.012765496315560709,0.0,0.0,0.01611060416503227,0.0,0.0,0.6428571428571429,0.0,0.0,0.5653842244358609,0.0,0.0,0.0,0.0
8056,54,1.0070370370370372,0.7777777777777627,1.188499237417386,0.6635485510930343,0.010954875100725769,0.0,0.0,0.016058307219505887,0.0,0.0,0.3333333333333333,0.0,0.0,0.5648703609557703,0.0,0.0,0.0,0.0
8057,55,1.0558181818181822,0.672727272727253,1.1881328728159273,0.6630434782608687,0.011426603699331272,0.0,0.0,0.0160518612148436,0.0,0.0,0.509090909090909,0.0,0.0,0.5650904104022755,0.0,0.0,0.0,0.0
8058,55,1.0767272727272732,0.6545454545453693,1.1865637692932562,0.6623679935012172,0.009842114010303556,0.0,0.0,0.015999605667435243,0.0,0.0,0.5272727272727272,0.0,0.0,0.5644039398862714,0.0,0.0,0.0,0.0
8059,38,1.5368421052631585,1.0000000000000138,1.1886928237446623,0.6622280951412874,0.022937941869598535,0.0,0.0,0.0160519290135107,0.0,0.0,0.5789473684210527,0.0,0.0,0.5664769262045131,0.0,0.0,0.0,0.0
8060,46,1.2660869565217396,0.9565217391304326,1.190860105734037,0.6639894265961758,0.016004396812310598,0.0,0.0,0.01610281451786962,0.0,0.0,0.5,0.0,0.0,0.5672275315168768,0.0,0.0,0.0,0.0
8061,43,1.075116279069768,0.6976744186046536,1.189641803195277,0.6629693701027763,0.015272547076312535,0.0,0.0,0.016101393544903853,0.0,0.0,0.5,0.0,0.0,0.5672382212272311,0.0,0.0,0.0,0.0
8062,61,1.1834426229508204,0.49180327868852336,1.1903668326389583,0.6630423737425041,0.01790426587301567,0.0,0.0,0.016113098701395136,0.0,0.0,0.6516393442622951,0.0,0.0,0.5675744334925312,0.0,0.0,0.0,0.0
8063,45,1.2460000000000007,0.6666666666666418,1.191900111890956,0.6629030617434627,0.018702468312208263,0.0,0.0,0.016147532511916758,0.0,0.0,0.6,0.0,0.0,0.5685586410334655,0.0,0.0,0.0,0.0
8064,45,1.1677777777777782,0.5333333333333244,1.1911505234271762,0.6617542433174084,0.013327415673345071,0.0,0.0,0.01613219065605292,0.0,0.0,0.6333333333333333,0.0,0.0,0.568706169326151,0.0,0.0,0.0,0.0
8065,45,1.2108888888888893,0.5555555555555327,1.1902257933279075,0.6611065907241639,0.019261223047013273,0.0,0.0,0.016131268936730957,0.0,0.0,0.5611111111111111,0.0,0.0,0.5683228234336859,0.0,0.0,0.0,0.0
8066,50,0.8346000000000003,0.5199999999999908,1.1887586417242768,0.661041073607155,0.013623898139079283,0.0,0.0,0.01612027236994663,0.0,0.0,0.4,0.0,0.0,0.5672783651891012,0.0,0.0,0.0,0.0
8067,48,0.933541666666667,0.33333333333334125,1.1869081487502524,0.6593172119487886,0.01446884081369105,0.0,0.0,0.01611034952613169,0.0,0.0,0.5677083333333334,0.0,0.0,0.5666023166023166,0.0,0.0,0.0,0.0
8068,58,1.2253448275862073,0.7241379310344761,1.188235712110444,0.6604405644097022,0.016865211200757936,0.0,0.0,0.016124082583972462,0.0,0.0,0.6120689655172413,0.0,0.0,0.5670744086894731,0.0,0.0,0.0,0.0
8069,34,1.045882352941177,0.647058823529413,1.187106387306752,0.6595809601301847,0.02218340611353704,0.0,0.0,0.016134630005944207,0.0,0.0,0.4852941176470588,0.0,0.0,0.5665429210740439,0.0,0.0,0.0,0.0
8070,49,1.062448979591837,0.530612244897966,1.1870932600285058,0.6584198737527976,0.013008495752123489,0.0,0.0,0.016155784952196175,0.0,0.0,0.5816326530612245,0.0,0.0,0.5669161066992466,0.0,0.0,0.0,0.0
8071,46,1.3150000000000006,0.8695652173913032,1.1870809984717254,0.6606214977075882,0.01777549221275377,0.0,0.0,0.016149899991821898,0.0,0.0,0.5815217391304348,0.0,0.0,0.5656138563423332,0.0,0.0,0.0,0.0
8072,45,1.514444444444445,0.7555555555555715,1.186397388820888,0.6594247246022009,0.019218838127467715,0.0,0.0,0.016143589373475854,0.0,0.0,0.7722222222222223,0.0,0.0,0.5658659730722154,0.0,0.0,0.0,0.0
8073,39,1.0143589743589747,0.35897435897435226,1.1847327621379011,0.6575887392900832,0.015064737242955277,0.0,0.0,0.01614101108527894,0.0,0.0,0.6025641025641025,0.0,0.0,0.5656109751121992,0.0,0.0,0.0,0.0
8074,49,1.467551020408164,1.0612244897959502,1.1870672929643604,0.6598590830184805,0.015731787355063885,0.0,0.0,0.016170041409393793,0.0,0.0,0.5102040816326531,0.0,0.0,0.5657867864801389,0.0,0.0,0.0,0.0
8075,53,1.0669811320754718,0.43396226415095274,1.1849519918283944,0.6574055158324801,0.012619950903816533,0.0,0.0,0.01611836858325062,0.0,0.0,0.6415094339622641,0.0,0.0,0.5654749744637385,0.0,0.0,0.0,0.0
8076,55,1.1770909090909094,0.7272727272727134,1.185255049989796,0.6559885737604547,0.014316674038036822,0.0,0.0,0.016126433877827466,0.0,0.0,0.5818181818181818,0.0,0.0,0.5666700673331974,0.0,0.0,0.0,0.0
8077,46,1.3530434782608702,0.6086956521739141,1.1870806122448962,0.6563265306122424,0.017864523536165543,0.0,0.0,0.016166175430404918,0.0,0.0,0.7391304347826086,0.0,0.0,0.5677551020408164,0.0,0.0,0.0,0.0
8078,44,1.3690909090909098,0.6818181818182064,1.1875499796001614,0.6560587515299854,0.02215520411916182,0.0,0.0,0.016170786654184904,0.0,0.0,0.7045454545454546,0.0,0.0,0.5682374541003672,0.0,0.0,0.0,0.0
8079,56,1.2901785714285718,0.7678571428572042,1.187541819665441,0.656160750713992,0.018309680689306433,0.0,0.0,0.016173213886338255,0.0,0.0,0.5803571428571429,0.0,0.0,0.568109955120359,0.0,0.0,0.0,0.0
8080,58,1.2800000000000005,0.6896551724137585,1.186799143992661,0.654947518597776,0.013574693728287629,0.0,0.0,0.016113872996326432,0.0,0.0,0.6379310344827587,0.0,0.0,0.5685315397941506,0.0,0.0,0.0,0.0
8081,55,1.349636363636364,0.7636363636363918,1.1879179393198924,0.654754632457746,0.013170688431512097,0.0,0.0,0.016100549346676235,0.0,0.0,0.6363636363636364,0.0,0.0,0.5693341478313989,0.0,0.0,0.0,0.0
8082,38,1.198947368421053,0.9999999999999923,1.1895098338938126,0.656781820034646,0.01494750656167971,0.0,0.0,0.016130100309953457,0.0,0.0,0.42105263157894735,0.0,0.0,0.56942321410374,0.0,0.0,0.0,0.0
8083,40,1.1557500000000005,0.5999999999999851,1.1896776168128937,0.6569067537237278,0.016215363030515934,0.0,0.0,0.01613295149553137,0.0,0.0,0.5,0.0,0.0,0.5693735972250561,0.0,0.0,0.0,0.0
8084,49,1.3142857142857147,0.9387755102040798,1.1899755251886583,0.6574546196206384,0.015170789163721837,0.0,0.0,0.016143353208914937,0.0,0.0,0.5510204081632653,0.0,0.0,0.5696002447481134,0.0,0.0,0.0,0.0
8085,45,1.3980000000000008,0.7111111111111033,1.1900193857769599,0.656769717375776,0.024806782334384027,0.0,0.0,0.01613647557540438,0.0,0.0,0.6666666666666666,0.0,0.0,0.5695847362514029,0.0,0.0,0.0,0.0
8086,45,1.1755555555555561,0.6666666666666538,1.1895959183673452,0.6552040816326509,0.01705901322154235,0.0,0.0,0.016128976025213005,0.0,0.0,0.5555555555555556,0.0,0.0,0.57,0.0,0.0,0.0,0.0
8087,51,1.0898039215686282,0.7058823529411583,1.1881917389087182,0.6546659867414562,0.02029207740051103,0.0,0.0,0.01613183824710461,0.0,0.0,0.46078431372549017,0.0,0.0,0.5691993880673126,0.0,0.0,0.0,0.0
8088,55,1.1198181818181825,0.5818181818181903,1.187811767105127,0.654532476802282,0.01313779863481202,0.0,0.0,0.016084156604463933,0.0,0.0,0.5181818181818182,0.0,0.0,0.5686754359131233,0.0,0.0,0.0,0.0
8089,41,1.0419512195121956,0.6341463414634025,1.187571370309949,0.6546696574225102,0.014043392504930455,0.0,0.0,0.016069361609957495,0.0,0.0,0.4878048780487805,0.0,0.0,0.5685154975530179,0.0,0.0,0.0,0.0
8090,50,1.2382000000000004,0.6800000000000211,1.1881742146062813,0.6551407588739271,0.021209318259677118,0.0,0.0,0.016105401851818534,0.0,0.0,0.6,0.0,0.0,0.5689004487964097,0.0,0.0,0.0,0.0
8091,55,1.0136363636363641,0.8545454545454377,1.1867376898766422,0.6559282291772844,0.01355458302941885,0.0,0.0,0.016079616875385012,0.0,0.0,0.3,0.0,0.0,0.5670812519115098,0.0,0.0,0.0,0.0
8092,42,1.09452380952381,0.7142857142856893,1.1869358621392863,0.6566738044254086,0.011429636996519365,0.0,0.0,0.016050289698002554,0.0,0.0,0.43452380952380953,0.0,0.0,0.5666105842765372,0.0,0.0,0.0,0.0
8093,50,1.3880000000000003,0.7800000000000208,1.1872015915119343,0.6567027137318897,0.016218742696891122,0.0,0.0,0.016059360686482962,0.0,0.0,0.69,0.0,0.0,0.5668486023260559,0.0,0.0,0.0,0.0
8094,65,1.1732307692307697,0.6615384615384893,1.1874219147420881,0.6570353036931513,0.018890265048302886,0.0,0.0,0.016084543572753515,0.0,0.0,0.5923076923076923,0.0,0.0,0.5668684505036118,0.0,0.0,0.0,0.0
8095,48,1.3212500000000007,0.9583333333333424,1.1875747103069714,0.658060581418986,0.019305936073059707,0.0,0.0,0.016096507180724976,0.0,0.0,0.46875,0.0,0.0,0.5665531612116284,0.0,0.0,0.0,0.0
8096,59,1.2289830508474582,0.7118644067796672,1.1866561802313766,0.6576009742236638,0.01731788870312842,0.0,0.0,0.016104114131939188,0.0,0.0,0.6228813559322034,0.0,0.0,0.5663689872133144,0.0,0.0,0.0,0.0
8097,47,1.4695744680851068,0.8936170212765882,1.1870810920531802,0.6578706992794054,0.02107077486272157,0.0,0.0,0.01611494822989642,0.0,0.0,0.6063829787234043,0.0,0.0,0.5660712473358368,0.0,0.0,0.0,0.0
8098,57,1.2017543859649127,0.701754385964855,1.1868567370129854,0.6574675324675301,0.0157979704797053,0.0,0.0,0.016129163914738204,0.0,0.0,0.4692982456140351,0.0,0.0,0.5654931006493507,0.0,0.0,0.0,0.0
8099,53,0.8881132075471703,0.6603773584905562,1.18551734631771,0.6570298234936067,0.013811619718309846,0.0,0.0,0.016127640254689834,0.0,0.0,0.32075471698113206,0.0,0.0,0.5645668492594846,0.0,0.0,0.0,0.0
8100,42,1.0847619047619053,0.4761904761904849,1.184055617578401,0.655942352582967,0.017652072839983685,0.0,0.0,0.01613340395255601,0.0,0.0,0.5714285714285714,0.0,0.0,0.5638891708109205,0.0,0.0,0.0,0.0
8101,46,1.4726086956521744,0.8260869565217169,1.1856849593495922,0.655386178861786,0.019260733579755974,0.0,0.0,0.01614607825363718,0.0,0.0,0.7282608695652174,0.0,0.0,0.5657520325203252,0.0,0.0,0.0,0.0
8102,45,1.235111111111112,0.6222222222222195,1.1855518326733663,0.6537719565438088,0.025126582278480674,0.0,0.0,0.016180752159350536,0.0,0.0,0.6444444444444445,0.0,0.0,0.5667072799268962,0.0,0.0,0.0,0.0
8103,44,1.2686363636363642,0.7272727272727699,1.1864786011995516,0.653349598454811,0.01820019563090855,0.0,0.0,0.016195552928312294,0.0,0.0,0.5965909090909091,0.0,0.0,0.5679831249364644,0.0,0.0,0.0,0.0
8104,51,1.112352941176471,0.5490196078431399,1.1861586171835268,0.6522623284189096,0.0141119402985064,0.0,0.0,0.01618917369903006,0.0,0.0,0.5490196078431373,0.0,0.0,0.5683528215556686,0.0,0.0,0.0,0.0
8105,48,1.0883333333333338,0.8749999999999378,1.1854193351631583,0.6520280573345505,0.011171941830623365,0.0,0.0,0.016176671739374655,0.0,0.0,0.3020833333333333,0.0,0.0,0.5676527396563993,0.0,0.0,0.0,0.0
8106,35,0.8777142857142863,0.6285714285714061,1.183345213849286,0.6513238289205677,0.009999999999999983,0.0,0.0,0.016156523117392973,0.0,0.0,0.35714285714285715,0.0,0.0,0.5665478615071283,0.0,0.0,0.0,0.0
8107,36,1.1194444444444447,0.7777777777777587,1.1829925517804294,0.6519742883379221,0.011783625730994047,0.0,0.0,0.01613230019173128,0.0,0.0,0.3819444444444444,0.0,0.0,0.5659371492704826,0.0,0.0,0.0,0.0
8108,57,0.9135087719298249,0.5438596491227902,1.180825351538617,0.6515182392500484,0.010553303607620652,0.0,0.0,0.016103648139939107,0.0,0.0,0.4298245614035088,0.0,0.0,0.5647034848176075,0.0,0.0,0.0,0.0
8109,44,1.2475000000000005,0.5454545454545416,1.1811192660550445,0.6513761467889884,0.0170043370508047,0.0,0.0,0.016115759723605304,0.0,0.0,0.6477272727272727,0.0,0.0,0.5648827726809378,0.0,0.0,0.0,0.0
8110,46,1.111739130434783,0.4347826086956152,1.1799316326530598,0.6502040816326502,0.013197419354838086,0.0,0.0,0.01609960222043692,0.0,0.0,0.6467391304347826,0.0,0.0,0.5649234693877551,0.0,0.0,0.0,0.0
8111,44,1.0034090909090914,0.5454545454545336,1.1792817792287273,0.648235054070595,0.012199502625034555,0.0,0.0,0.016085598228810154,0.0,0.0,0.44886363636363635,0.0,0.0,0.5654203223831871,0.0,0.0,0.0,0.0
8112,48,1.0706250000000004,0.45833333333331533,1.1783141136850686,0.6463924890294898,0.012046413502109913,0.0,0.0,0.016055258913176416,0.0,0.0,0.6041666666666666,0.0,0.0,0.5660016328196755,0.0,0.0,0.0,0.0
8113,54,1.3037037037037043,0.7037037037036998,1.1793470720261157,0.6466027341358876,0.014551467548573695,0.0,0.0,0.01605799791078605,0.0,0.0,0.6203703703703703,0.0,0.0,0.5664405223423791,0.0,0.0,0.0,0.0
8114,53,0.9101886792452835,0.490566037735837,1.1776259433000191,0.6450132571894726,0.01179750550256754,0.0,0.0,0.01603304408191593,0.0,0.0,0.36792452830188677,0.0,0.0,0.5656485825005099,0.0,0.0,0.0,0.0
8115,44,1.0434090909090914,0.5000000000000056,1.1767312793307474,0.6450724341970994,0.02269401878398368,0.0,0.0,0.016051992874638096,0.0,0.0,0.5795454545454546,0.0,0.0,0.5647571924097123,0.0,0.0,0.0,0.0
8116,50,1.0550000000000006,0.7199999999999804,1.1752130479102942,0.6453618756371018,0.017121064589418075,0.0,0.0,0.016042535782767983,0.0,0.0,0.38,0.0,0.0,0.5629204892966361,0.0,0.0,0.0,0.0
8117,45,1.390444444444445,0.9333333333333079,1.176040541917081,0.6465315269430547,0.019781852671513528,0.0,0.0,0.016056908251126118,0.0,0.0,0.5888888888888889,0.0,0.0,0.5628246918610573,0.0,0.0,0.0,0.0
8118,48,0.9160416666666671,0.4166666666666428,1.1764431308601697,0.6462494904198903,0.0109459795867563,0.0,0.0,0.01604839853297327,0.0,0.0,0.546875,0.0,0.0,0.5635446392172849,0.0,0.0,0.0,0.0
8119,56,1.3557142857142863,0.9107142857143008,1.17723404255319,0.6471546370762461,0.020822819528248385,0.0,0.0,0.01610000013922546,0.0,0.0,0.5535714285714286,0.0,0.0,0.5634225796599817,0.0,0.0,0.0,0.0
8120,49,1.1218367346938778,0.5714285714285613,1.176369374872733,0.6468132763184652,0.01280754892823886,0.0,0.0,0.01609713758696873,0.0,0.0,0.6071428571428571,0.0,0.0,0.5630726939523518,0.0,0.0,0.0,0.0
8121,57,1.2133333333333338,0.6842105263157691,1.17665920651068,0.6455747711088471,0.01401134521880089,0.0,0.0,0.016100310966222362,0.0,0.0,0.5657894736842105,0.0,0.0,0.5637589013224822,0.0,0.0,0.0,0.0
8122,49,1.3108163265306125,0.7346938775509981,1.1780849766212629,0.6468794470420783,0.012481539059463552,0.0,0.0,0.01607574324305572,0.0,0.0,0.6326530612244898,0.0,0.0,0.5640374059768246,0.0,0.0,0.0,0.0
8123,57,1.1491228070175443,0.8771929824560899,1.1771680876979278,0.6473812423873289,0.012049300956585202,0.0,0.0,0.016066657985076817,0.0,0.0,0.37280701754385964,0.0,0.0,0.5625507511165245,0.0,0.0,0.0,0.0
8124,46,1.2302173913043486,0.5652173913043534,1.1779268292682912,0.6470528455284515,0.018074097732354154,0.0,0.0,0.01607736576880976,0.0,0.0,0.6847826086956522,0.0,0.0,0.5633892276422764,0.0,0.0,0.0,0.0
8125,52,1.1938461538461544,0.788461538461508,1.1775951680032468,0.6472439346259223,0.01283705541770104,0.0,0.0,0.01607468593330388,0.0,0.0,0.5288461538461539,0.0,0.0,0.5633184448279362,0.0,0.0,0.0,0.0
8126,45,1.2311111111111117,0.6666666666666636,1.177477138792927,0.6474293842714854,0.012691867124857424,0.0,0.0,0.016059547400950575,0.0,0.0,0.6222222222222222,0.0,0.0,0.5633509449298923,0.0,0.0,0.0,0.0
8127,59,1.1835593220338987,0.4745762711864396,1.1766917293233068,0.6457020930705102,0.01310869157124115,0.0,0.0,0.01604665598829436,0.0,0.0,0.6398305084745762,0.0,0.0,0.563528754318228,0.0,0.0,0.0,0.0
8128,60,1.2000000000000004,0.5999999999999699,1.1761323723479837,0.6451121713531576,0.013468013468013122,0.0,0.0,0.016009130640844343,0.0,0.0,0.5791666666666667,0.0,0.0,0.5631915541569383,0.0,0.0,0.0,0.0
8129,42,1.2092857142857145,0.571428571428595,1.176690720601686,0.6456957007825955,0.009939334637965293,0.0,0.0,0.01597690981829516,0.0,0.0,0.6488095238095238,0.0,0.0,0.5632432157739607,0.0,0.0,0.0,0.0
8130,43,1.2844186046511634,0.7441860465116485,1.1770824438345011,0.6466402358442573,0.019170426935093042,0.0,0.0,0.01598352362060701,0.0,0.0,0.5581395348837209,0.0,0.0,0.5627477889600488,0.0,0.0,0.0,0.0
8131,45,0.9937777777777782,0.7111111111111199,1.1764849471114713,0.6461554109031692,0.010170570843757592,0.0,0.0,0.015969715084886336,0.0,0.0,0.4,0.0,0.0,0.5624491456468673,0.0,0.0,0.0,0.0
8132,41,1.4936585365853665,0.9756097560976107,1.1785635584574563,0.6478269740869169,0.017617951668585013,0.0,0.0,0.01600710547501231,0.0,0.0,0.5853658536585366,0.0,0.0,0.5627167924913283,0.0,0.0,0.0,0.0
8133,49,1.038775510204082,0.775510204081595,1.1781795943328903,0.6486596677199018,0.01106521739130393,0.0,0.0,0.015986545937849587,0.0,0.0,0.46938775510204084,0.0,0.0,0.562047701559474,0.0,0.0,0.0,0.0
8134,44,1.3459090909090914,0.863636363636319,1.1782895005096827,0.6497451580020341,0.012549268912904954,0.0,0.0,0.01595505152703887,0.0,0.0,0.5909090909090909,0.0,0.0,0.5615188583078491,0.0,0.0,0.0,0.0
8135,52,1.252884615384616,0.7499999999999963,1.1787710180372961,0.6512789157240351,0.014016781411360053,0.0,0.0,0.015950556814985133,0.0,0.0,0.5336538461538461,0.0,0.0,0.5610669520024457,0.0,0.0,0.0,0.0
8136,51,0.9800000000000003,0.5686274509804026,1.1772942973523408,0.6511201629327859,0.0123896876549325,0.0,0.0,0.015932842711649443,0.0,0.0,0.4362745098039216,0.0,0.0,0.5598268839103869,0.0,0.0,0.0,0.0
8137,47,1.1606382978723409,0.8510638297872712,1.1757391924959202,0.6513050570962436,0.011822713480711141,0.0,0.0,0.015880862374076384,0.0,0.0,0.39361702127659576,0.0,0.0,0.5587785481239804,0.0,0.0,0.0,0.0
8138,47,0.8948936170212769,0.5106382978723162,1.1733768485466582,0.6496685364609845,0.01185122569737883,0.0,0.0,0.01584266614890361,0.0,0.0,0.3829787234042553,0.0,0.0,0.5578276389597144,0.0,0.0,0.0,0.0
8139,44,1.3275000000000006,0.6363636363636401,1.1740110226576836,0.6495203102673966,0.021577391946804397,0.0,0.0,0.015864773130058973,0.0,0.0,0.6590909090909091,0.0,0.0,0.5584813227189223,0.0,0.0,0.0,0.0
8140,63,1.1360317460317464,0.6507936507936557,1.173915613534446,0.649103139013448,0.013382572924457766,0.0,0.0,0.015852982465798606,0.0,0.0,0.5476190476190477,0.0,0.0,0.5582959641255605,0.0,0.0,0.0,0.0
8141,55,1.4680000000000006,0.9454545454544716,1.1751604686704011,0.6497198166072284,0.018115324209110596,0.0,0.0,0.01586076213944681,0.0,0.0,0.6363636363636364,0.0,0.0,0.5594243504839531,0.0,0.0,0.0,0.0
8142,49,1.0965306122448983,0.46938775510201064,1.1733927661742216,0.647784004075389,0.011710985178726301,0.0,0.0,0.015811747552421557,0.0,0.0,0.6428571428571429,0.0,0.0,0.5593734080489048,0.0,0.0,0.0,0.0
8143,47,1.2085106382978725,0.7446808510638396,1.1731582697201004,0.6484478371501216,0.011456232351754978,0.0,0.0,0.015800614956071556,0.0,0.0,0.5053191489361702,0.0,0.0,0.5585750636132315,0.0,0.0,0.0,0.0
8144,46,1.3310869565217396,0.7173913043477819,1.1740423582119932,0.6483046532939559,0.018370837083707764,0.0,0.0,0.01580443802351824,0.0,0.0,0.6630434782608695,0.0,0.0,0.5594135016800733,0.0,0.0,0.0,0.0
8145,49,1.351836734693878,0.8775510204081722,1.1750494040949357,0.6498930426810573,0.01694117647058833,0.0,0.0,0.015835449675890644,0.0,0.0,0.4897959183673469,0.0,0.0,0.5586737292451869,0.0,0.0,0.0,0.0
8146,51,1.3282352941176476,0.5882352941176633,1.1751900927530308,0.6482519620833695,0.016291486291485927,0.0,0.0,0.015834817731473334,0.0,0.0,0.6372549019607843,0.0,0.0,0.5594740597288758,0.0,0.0,0.0,0.0
8147,47,1.2389361702127666,0.5531914893617349,1.1766306232785868,0.6495970621238336,0.014869765066394926,0.0,0.0,0.015813045802887116,0.0,0.0,0.5957446808510638,0.0,0.0,0.5596501071100684,0.0,0.0,0.0,0.0
8148,52,1.0975000000000006,0.6923076923076775,1.176154003059662,0.6496685364609832,0.011550293462861268,0.0,0.0,0.015785087088936726,0.0,0.0,0.4519230769230769,0.0,0.0,0.5589240183579807,0.0,0.0,0.0,0.0
8149,44,1.255454545454546,0.636363636363639,1.175503006829068,0.6482519620833698,0.019193884642113076,0.0,0.0,0.01579127820125388,0.0,0.0,0.6704545454545454,0.0,0.0,0.55934665171746,0.0,0.0,0.0,0.0
8150,51,1.3100000000000003,0.5882352941176651,1.1751280742932937,0.6470047964077907,0.01244597615499258,0.0,0.0,0.015750241073443545,0.0,0.0,0.6421568627450981,0.0,0.0,0.5594448413103378,0.0,0.0,0.0,0.0
8151,49,1.0322448979591843,0.6530612244897791,1.1736253314297354,0.6463389761370528,0.014418472063853719,0.0,0.0,0.015712859932007075,0.0,0.0,0.41836734693877553,0.0,0.0,0.5586375688354069,0.0,0.0,0.0,0.0
8152,53,1.1224528301886796,0.6603773584905547,1.1734026715611283,0.6467829101662017,0.013663298116674376,0.0,0.0,0.015682682021055418,0.0,0.0,0.4858490566037736,0.0,0.0,0.5580707657795452,0.0,0.0,0.0,0.0
8153,52,1.6475000000000006,0.8846153846153745,1.1756975321231884,0.6478686518458023,0.02151971866365281,0.0,0.0,0.01571087302539049,0.0,0.0,0.7740384615384616,0.0,0.0,0.5594024066897818,0.0,0.0,0.0,0.0
8154,62,1.0658064516129035,0.4838709677419351,1.176445801526716,0.6477353689567367,0.013695336787564696,0.0,0.0,0.015719115487134783,0.0,0.0,0.6048387096774194,0.0,0.0,0.5604580152671755,0.0,0.0,0.0,0.0
8155,53,1.3411320754716987,0.7169811320754458,1.1789111427409502,0.6478243188287858,0.016377880184332807,0.0,0.0,0.015751248673899425,0.0,0.0,0.660377358490566,0.0,0.0,0.5623220821472144,0.0,0.0,0.0,0.0
8156,48,1.437083333333334,0.8750000000000172,1.1800457177689714,0.6487859392461585,0.016083003031009565,0.0,0.0,0.01576122841941138,0.0,0.0,0.6197916666666666,0.0,0.0,0.5625571472112161,0.0,0.0,0.0,0.0
8157,44,1.303863636363637,0.7272727272727348,1.1812385693964629,0.6488518593781689,0.013569063386943192,0.0,0.0,0.0157455387132424,0.0,0.0,0.7045454545454546,0.0,0.0,0.5639097744360902,0.0,0.0,0.0,0.0
8158,50,1.2650000000000006,0.7600000000000122,1.1821525027921602,0.6496090973702852,0.017276700355094078,0.0,0.0,0.015753865055245935,0.0,0.0,0.57,0.0,0.0,0.5642958676007717,0.0,0.0,0.0,0.0
8159,35,1.2202857142857144,0.7428571428571351,1.1838082163921075,0.6509050233882386,0.014409581646424256,0.0,0.0,0.015751007982681572,0.0,0.0,0.5,0.0,0.0,0.5648261134838316,0.0,0.0,0.0,0.0
8160,48,1.1125000000000005,0.4166666666666501,1.1835116988809753,0.6499491353000956,0.013862928348909516,0.0,0.0,0.01575939996288368,0.0,0.0,0.6041666666666666,0.0,0.0,0.5647507629704984,0.0,0.0,0.0,0.0
8161,54,1.0587037037037044,0.5185185185185094,1.1828288269973557,0.6505387273836084,0.017035160905840722,0.0,0.0,0.015753586184862424,0.0,0.0,0.5694444444444444,0.0,0.0,0.5642661109981704,0.0,0.0,0.0,0.0
8162,54,1.087592592592593,0.48148148148147274,1.1817632113821124,0.6493902439024327,0.01581739833019018,0.0,0.0,0.015733988028229937,0.0,0.0,0.5925925925925926,0.0,0.0,0.5639227642276423,0.0,0.0,0.0,0.0
8163,45,1.0053333333333339,0.5777777777777857,1.1806993790084481,0.6484780616919412,0.013228070175438358,0.0,0.0,0.015704501601186107,0.0,0.0,0.5444444444444444,0.0,0.0,0.5637788862872849,0.0,0.0,0.0,0.0
8164,58,1.2515517241379315,0.6551724137931222,1.1800345774433016,0.6472083799450767,0.01674123616236201,0.0,0.0,0.015703982405684262,0.0,0.0,0.5948275862068966,0.0,0.0,0.5638919963388589,0.0,0.0,0.0,0.0
8165,48,1.3868750000000007,0.875000000000015,1.1821514227642262,0.6483739837398313,0.015771144278607294,0.0,0.0,0.015726772247564347,0.0,0.0,0.6041666666666666,0.0,0.0,0.5651422764227643,0.0,0.0,0.0,0.0
8166,38,0.9310526315789478,0.6315789473684269,1.1803700691337928,0.6484343228954799,0.012800289435600914,0.0,0.0,0.0157315714878037,0.0,0.0,0.40789473684210525,0.0,0.0,0.563770841805612,0.0,0.0,0.0,0.0
8167,55,1.0756363636363644,0.7636363636363371,1.1796413330623843,0.6496647022962749,0.012225666460012153,0.0,0.0,0.01569845787726563,0.0,0.0,0.45,0.0,0.0,0.5627921154236943,0.0,0.0,0.0,0.0
8168,43,1.075116279069768,0.7674418604651188,1.178689325328176,0.6499440317492559,0.013841317365269468,0.0,0.0,0.015663746134092008,0.0,0.0,0.46511627906976744,0.0,0.0,0.561972117635087,0.0,0.0,0.0,0.0
8169,63,1.276349206349207,0.8571428571428447,1.179743902439023,0.6519308943089369,0.01720736143804799,0.0,0.0,0.01571135460539843,0.0,0.0,0.5317460317460317,0.0,0.0,0.5614837398373984,0.0,0.0,0.0,0.0
8170,46,0.7476086956521744,0.6304347826086957,1.176869025828756,0.6516168395362966,0.00960882928192231,0.0,0.0,0.015678662291812796,0.0,0.0,0.2391304347826087,0.0,0.0,0.5595891803945495,0.0,0.0,0.0,0.0
8171,50,1.1200000000000006,0.6799999999999923,1.176935992673246,0.6524880431464272,0.016336056009334757,0.0,0.0,0.015667671825216143,0.0,0.0,0.575,0.0,0.0,0.5596570672636614,0.0,0.0,0.0,0.0
8172,48,1.1920833333333336,0.5416666666666422,1.177862300416962,0.6516831079019567,0.010643601190476382,0.0,0.0,0.015640231674726248,0.0,0.0,0.625,0.0,0.0,0.5605359503711991,0.0,0.0,0.0,0.0
8173,55,1.2981818181818185,0.763636363636355,1.1779603457041163,0.6523640061006549,0.014091178211959769,0.0,0.0,0.015614898879281818,0.0,0.0,0.5818181818181818,0.0,0.0,0.5603202846975089,0.0,0.0,0.0,0.0
8174,39,1.1341025641025646,0.7692307692307833,1.1767230487059286,0.6529447727735829,0.016243114212266447,0.0,0.0,0.01559642865342509,0.0,0.0,0.44871794871794873,0.0,0.0,0.5592775626655798,0.0,0.0,0.0,0.0
8175,58,1.2241379310344833,0.6379310344827708,1.1770316475017792,0.6523862826905407,0.018098394086158934,0.0,0.0,0.0155865354166245,0.0,0.0,0.6336206896551724,0.0,0.0,0.5599114684033785,0.0,0.0,0.0,0.0
8176,49,1.0795918367346944,0.6530612244898153,1.1769762001627324,0.6521562245728177,0.012414926073690997,0.0,0.0,0.01558065106810385,0.0,0.0,0.45918367346938777,0.0,0.0,0.5601861269324654,0.0,0.0,0.0,0.0
8177,37,1.3167567567567573,0.5945945945945972,1.1767186226568853,0.6523023634881769,0.022369146005509266,0.0,0.0,0.015600812545837332,0.0,0.0,0.7027027027027027,0.0,0.0,0.5602842298288508,0.0,0.0,0.0,0.0
8178,44,1.2513636363636371,0.47727272727273123,1.1759437136739048,0.6519832772509376,0.014573848597141295,0.0,0.0,0.015559789090791276,0.0,0.0,0.7045454545454546,0.0,0.0,0.5597277454879168,0.0,0.0,0.0,0.0
8179,56,1.2083928571428577,0.6607142857142787,1.175671900489395,0.6523246329526861,0.01641678796700621,0.0,0.0,0.01555349782026927,0.0,0.0,0.5223214285714286,0.0,0.0,0.5590589314845025,0.0,0.0,0.0,0.0
8180,52,1.1680769230769237,0.5769230769230579,1.1759030253641625,0.6503004991341491,0.015586348473184257,0.0,0.0,0.015559895780681078,0.0,0.0,0.5961538461538461,0.0,0.0,0.5605836813690537,0.0,0.0,0.0,0.0
8181,44,1.130454545454546,0.7954545454545456,1.1756505348955664,0.6516556291390669,0.018120218579234633,0.0,0.0,0.015552127683949271,0.0,0.0,0.4659090909090909,0.0,0.0,0.5596790626591951,0.0,0.0,0.0,0.0
8182,49,1.2106122448979597,0.5918367346938914,1.175440277211576,0.6523644516918001,0.017524372230428208,0.0,0.0,0.015539629800294733,0.0,0.0,0.6275510204081632,0.0,0.0,0.5593660823481451,0.0,0.0,0.0,0.0
8183,55,1.1632727272727277,0.7272727272727194,1.1755154849225737,0.6538304808475899,0.012488776107748662,0.0,0.0,0.015544278628411857,0.0,0.0,0.4772727272727273,0.0,0.0,0.5585014262428688,0.0,0.0,0.0,0.0
8184,51,1.3447058823529416,0.8235294117647266,1.1773996740680366,0.6558362191892384,0.016004667444574332,0.0,0.0,0.0155486971586598,0.0,0.0,0.5588235294117647,0.0,0.0,0.5587441434100632,0.0,0.0,0.0,0.0
8185,56,1.0858928571428574,0.5892857142857529,1.1752778343171162,0.6548951760634995,0.011062397671457577,0.0,0.0,0.01547182703270461,0.0,0.0,0.5401785714285714,0.0,0.0,0.5577549358843884,0.0,0.0,0.0,0.0
8186,51,1.0827450980392161,0.7058823529411935,1.1755906872712467,0.6559577063847037,0.013965604451189297,0.0,0.0,0.015452877391143916,0.0,0.0,0.5098039215686274,0.0,0.0,0.557543716958113,0.0,0.0,0.0,0.0
8187,53,1.4324528301886799,0.5849056603773581,1.176845262301747,0.6553477023180098,0.024998353638460234,0.0,0.0,0.015477724976533548,0.0,0.0,0.7735849056603774,0.0,0.0,0.5587637250915006,0.0,0.0,0.0,0.0
8188,50,0.7948000000000005,0.6400000000000111,1.175485772357722,0.6563008130081244,0.010161084121708559,0.0,0.0,0.015445108533093995,0.0,0.0,0.18,0.0,0.0,0.5567073170731708,0.0,0.0,0.0,0.0
8189,58,1.2729310344827591,0.6896551724138077,1.175703824247354,0.6568348250610195,0.015051987767584393,0.0,0.0,0.015441661891040875,0.0,0.0,0.5732758620689655,0.0,0.0,0.5560669243287225,0.0,0.0,0.0,0.0
8190,38,1.4663157894736845,0.8421052631578934,1.1772554209508281,0.6572330245342506,0.021114058355437136,0.0,0.0,0.015452490078437084,0.0,0.0,0.6973684210526315,0.0,0.0,0.5571363127354169,0.0,0.0,0.0,0.0
8191,56,1.4523214285714292,0.7857142857142912,1.1789021406727815,0.6576962283384244,0.02061596958174876,0.0,0.0,0.01550114197481216,0.0,0.0,0.7098214285714286,0.0,0.0,0.5580275229357798,0.0,0.0,0.0,0.0
8192,49,1.1202040816326535,0.755102040816297,1.1786344644858846,0.6581065932946032,0.017626846499678356,0.0,0.0,0.015503899453352609,0.0,0.0,0.5,0.0,0.0,0.5578824008967695,0.0,0.0,0.0,0.0
8193,45,1.079333333333334,0.6666666666666546,1.1796094228023644,0.6587803385682175,0.014268507638072551,0.0,0.0,0.01549514539696822,0.0,0.0,0.4777777777777778,0.0,0.0,0.5583316336936569,0.0,0.0,0.0,0.0
8194,44,1.2586363636363642,0.7954545454545445,1.1789493567490286,0.6582601592811865,0.015430482028419788,0.0,0.0,0.01547587806005851,0.0,0.0,0.5681818181818182,0.0,0.0,0.5583775781090463,0.0,0.0,0.0,0.0
8195,64,1.3007812500000004,0.6406250000000336,1.1793018752547888,0.6571545046881312,0.016948289902279944,0.0,0.0,0.015477611501091408,0.0,0.0,0.7109375,0.0,0.0,0.5598501834488382,0.0,0.0,0.0,0.0
8196,59,0.8713559322033902,0.423728813559322,1.1768622864117153,0.6555126118795711,0.010887335874629242,0.0,0.0,0.01542724234064986,0.0,0.0,0.5254237288135594,0.0,0.0,0.5593978844589097,0.0,0.0,0.0,0.0
8197,57,1.0687719298245622,0.6491228070175237,1.1760422807195838,0.6551478808821978,0.019345824071132816,0.0,0.0,0.015435824578956077,0.0,0.0,0.4649122807017544,0.0,0.0,0.5592031710539689,0.0,0.0,0.0,0.0
8198,50,1.1548000000000005,0.519999999999962,1.1770746086602955,0.6556210611912933,0.017438840229537105,0.0,0.0,0.01542810778835617,0.0,0.0,0.69,0.0,0.0,0.5600223622687538,0.0,0.0,0.0,0.0
8199,54,1.1466666666666674,0.7777777777777796,1.1763884658340933,0.6565133516092946,0.016703533854869217,0.0,0.0,0.015428769653412737,0.0,0.0,0.4537037037037037,0.0,0.0,0.5591938267844451,0.0,0.0,0.0,0.0
8200,52,1.2353846153846157,0.6153846153846004,1.1777714633651297,0.6567891211690624,0.01510108133521464,0.0,0.0,0.015416442508604286,0.0,0.0,0.6538461538461539,0.0,0.0,0.5602293484879237,0.0,0.0,0.0,0.0
8201,47,1.0380851063829792,0.510638297872314,1.1769127653092302,0.6564435868792464,0.012026127680552098,0.0,0.0,0.015399414004105895,0.0,0.0,0.5904255319148937,0.0,0.0,0.5600690565654514,0.0,0.0,0.0,0.0
8202,33,1.1933333333333336,0.6060606060606071,1.1767510419843437,0.6567042797600834,0.01502479969477258,0.0,0.0,0.015379433858483157,0.0,0.0,0.6363636363636364,0.0,0.0,0.5599776354579649,0.0,0.0,0.0,0.0
8203,47,1.2070212765957453,0.8936170212766854,1.1766266653106872,0.6594121834638405,0.014062964799207753,0.0,0.0,0.015360004779353138,0.0,0.0,0.4574468085106383,0.0,0.0,0.5586545306620564,0.0,0.0,0.0,0.0
8204,60,1.1361666666666674,0.5999999999999902,1.1770968724614124,0.6600324939073865,0.019828388598022748,0.0,0.0,0.015375968123389167,0.0,0.0,0.5208333333333334,0.0,0.0,0.5581844029244517,0.0,0.0,0.0,0.0
8205,54,1.0835185185185192,0.40740740740741926,1.176288816724172,0.6580069007509586,0.020696851786347413,0.0,0.0,0.01538808238909793,0.0,0.0,0.6435185185185185,0.0,0.0,0.5591891617617212,0.0,0.0,0.0,0.0
8206,57,1.3285964912280708,0.8771929824560583,1.1772554981250625,0.6601803993108281,0.013368049426302486,0.0,0.0,0.01536493096615631,0.0,0.0,0.6403508771929824,0.0,0.0,0.5593138745312658,0.0,0.0,0.0,0.0
8207,52,1.2755769230769236,0.7307692307692211,1.17750709939148,0.6614604462474585,0.0160838991270604,0.0,0.0,0.015361782303456221,0.0,0.0,0.5913461538461539,0.0,0.0,0.5585699797160243,0.0,0.0,0.0,0.0
8208,50,1.0416000000000005,0.6000000000000086,1.176888257383537,0.6617273926722764,0.01892441860465224,0.0,0.0,0.015365171740299896,0.0,0.0,0.49,0.0,0.0,0.5577489089617376,0.0,0.0,0.0,0.0
8209,59,0.9786440677966106,0.6779661016948897,1.1764177138224554,0.6613295500607964,0.010704486466443706,0.0,0.0,0.015332230082043815,0.0,0.0,0.4152542372881356,0.0,0.0,0.5580158086745034,0.0,0.0,0.0,0.0
8210,44,1.1413636363636368,0.6818181818182063,1.1765869477097677,0.6613295500607966,0.013460198338247324,0.0,0.0,0.01531865487323464,0.0,0.0,0.5,0.0,0.0,0.5581171463315768,0.0,0.0,0.0,0.0
8211,52,1.3475000000000004,0.8846153846153774,1.1783343458890227,0.6642365330093094,0.014564539596757329,0.0,0.0,0.015303888691626842,0.0,0.0,0.5384615384615384,0.0,0.0,0.5576650465775618,0.0,0.0,0.0,0.0
8212,50,1.0984000000000007,0.7999999999999892,1.1781336708860748,0.6653164556961964,0.02164761529365337,0.0,0.0,0.015312762006046579,0.0,0.0,0.43,0.0,0.0,0.5571139240506329,0.0,0.0,0.0,0.0
8213,57,1.071754385964913,0.8421052631579221,1.1783434588902377,0.6659578776832665,0.015110066782092976,0.0,0.0,0.015319660941533569,0.0,0.0,0.3333333333333333,0.0,0.0,0.5565259214256784,0.0,0.0,0.0,0.0
8214,45,1.1793333333333338,0.7111111111110804,1.1783520826999077,0.6667680145940953,0.022884864165588152,0.0,0.0,0.01531474334488069,0.0,0.0,0.5666666666666667,0.0,0.0,0.5560200668896321,0.0,0.0,0.0,0.0
8215,52,0.9051923076923081,0.6153846153846133,1.1763259920836282,0.6667004973104577,0.01216593434996116,0.0,0.0,0.015270600542558101,0.0,0.0,0.375,0.0,0.0,0.5547041510199939,0.0,0.0,0.0,0.0
8216,44,0.933636363636364,0.8636363636363711,1.1753010457914497,0.667986597624118,0.017985989492119263,0.0,0.0,0.015286205157054264,0.0,0.0,0.20454545454545456,0.0,0.0,0.5528480048735912,0.0,0.0,0.0,0.0
8217,47,1.302978723404256,0.6595744680851023,1.1765347137637017,0.6683922046284957,0.0203117744610273,0.0,0.0,0.01532423406725027,0.0,0.0,0.6382978723404256,0.0,0.0,0.5537454323995128,0.0,0.0,0.0,0.0
8218,30,1.3513333333333337,0.9333333333333363,1.1773239150320145,0.6706982416912227,0.015414448669201518,0.0,0.0,0.015300139876396252,0.0,0.0,0.5333333333333333,0.0,0.0,0.5530541721719687,0.0,0.0,0.0,0.0
8219,48,1.2945833333333339,0.8958333333333491,1.1774611398963717,0.6711368485217862,0.016668454935622665,0.0,0.0,0.015292490024700707,0.0,0.0,0.5052083333333334,0.0,0.0,0.5529564157269126,0.0,0.0,0.0,0.0
8220,53,1.1905660377358498,0.7169811320754329,1.1775820379965447,0.6709336584374622,0.02169876203576261,0.0,0.0,0.015311455183610245,0.0,0.0,0.5188679245283019,0.0,0.0,0.5531596058112365,0.0,0.0,0.0,0.0
8221,49,1.2106122448979597,0.7346938775510348,1.1780097481722167,0.6725223395613263,0.01527684779809469,0.0,0.0,0.015296447586674262,0.0,0.0,0.5867346938775511,0.0,0.0,0.5525995125913891,0.0,0.0,0.0,0.0
8222,51,0.9674509803921575,0.6666666666666627,1.175154775195371,0.6721810616055965,0.014359720605355503,0.0,0.0,0.015248686014399486,0.0,0.0,0.3872549019607843,0.0,0.0,0.5506698467471836,0.0,0.0,0.0,0.0
8223,45,1.1846666666666672,0.755555555555559,1.1760460866917053,0.6727235813622925,0.017961590296495567,0.0,0.0,0.015273607703493515,0.0,0.0,0.5166666666666667,0.0,0.0,0.5513145873515379,0.0,0.0,0.0,0.0
8224,34,1.1120588235294122,0.41176470588235314,1.175539180811057,0.6723244232137355,0.018292210933720028,0.0,0.0,0.015264989639562325,0.0,0.0,0.625,0.0,0.0,0.5510468543551174,0.0,0.0,0.0,0.0
8225,41,1.204634146341464,0.7317073170731706,1.1756642929806704,0.6731434384537075,0.019875251509054368,0.0,0.0,0.015264959139006601,0.0,0.0,0.5975609756097561,0.0,0.0,0.5506866734486267,0.0,0.0,0.0,0.0
8226,47,1.2334042553191493,0.7234042553191212,1.1772875318066147,0.6748091603053378,0.014576313804375345,0.0,0.0,0.015279935428985068,0.0,0.0,0.5691489361702128,0.0,0.0,0.5512468193384223,0.0,0.0,0.0,0.0
8227,58,1.1868965517241385,0.6551724137930832,1.1771921982933757,0.6751320601381495,0.01651631477927118,0.0,0.0,0.015268992887467006,0.0,0.0,0.5818965517241379,0.0,0.0,0.551427265339293,0.0,0.0,0.0,0.0
8228,41,1.6482926829268298,0.878048780487811,1.179252669039145,0.6764616166751342,0.025320344698388,0.0,0.0,0.015286749712993243,0.0,0.0,0.7073170731707317,0.0,0.0,0.5516776817488561,0.0,0.0,0.0,0.0
8229,52,1.1296153846153854,0.7307692307692548,1.1794176237422493,0.6780160585425293,0.019864727764626257,0.0,0.0,0.015305293673864507,0.0,0.0,0.5288461538461539,0.0,0.0,0.551199308872853,0.0,0.0,0.0,0.0
8230,49,1.2261224489795925,0.6938775510204324,1.1788560398252557,0.6780453113887991,0.018617911372791535,0.0,0.0,0.015309333913858022,0.0,0.0,0.6224489795918368,0.0,0.0,0.5509753124047546,0.0,0.0,0.0,0.0
8231,43,1.2304651162790703,0.5581395348837195,1.179840495783805,0.678248501473123,0.026012782694198412,0.0,0.0,0.0153322128866333,0.0,0.0,0.6511627906976745,0.0,0.0,0.5517372752209693,0.0,0.0,0.0,0.0
8232,52,1.2759615384615393,0.6153846153846343,1.1809593908629432,0.6793908629441574,0.024180029154518803,0.0,0.0,0.01537177184796381,0.0,0.0,0.6298076923076923,0.0,0.0,0.5518781725888325,0.0,0.0,0.0,0.0
8233,43,1.203255813953489,0.8604651162790727,1.1825055928411623,0.6816148057758746,0.01807826694619148,0.0,0.0,0.015364804371838821,0.0,0.0,0.4069767441860465,0.0,0.0,0.5514541387024608,0.0,0.0,0.0,0.0
8234,35,1.3160000000000007,0.571428571428576,1.1833611393692767,0.6814852492370247,0.01796411856474244,0.0,0.0,0.01537135238205983,0.0,0.0,0.7285714285714285,0.0,0.0,0.5520345879959309,0.0,0.0,0.0,0.0
8235,45,1.1500000000000006,0.4888888888888894,1.182837067209775,0.6809572301425615,0.015540540540540148,0.0,0.0,0.015367983467006753,0.0,0.0,0.6444444444444445,0.0,0.0,0.5520366598778004,0.0,0.0,0.0,0.0
8236,52,1.1536538461538468,0.5384615384615493,1.1821848568225815,0.6798124936308932,0.01636834924965887,0.0,0.0,0.015388670455208687,0.0,0.0,0.6394230769230769,0.0,0.0,0.552430449403852,0.0,0.0,0.0,0.0
8237,43,1.2995348837209306,0.7441860465116658,1.1823404689092754,0.6804281345565706,0.013952559300873642,0.0,0.0,0.015370820942597072,0.0,0.0,0.6395348837209303,0.0,0.0,0.5523955147808359,0.0,0.0,0.0,0.0
8238,43,1.253720930232559,0.6976744186046616,1.1838034493315635,0.6816001632819632,0.02331747404844215,0.0,0.0,0.015402834099485571,0.0,0.0,0.6046511627906976,0.0,0.0,0.5525053576895601,0.0,0.0,0.0,0.0
8239,38,1.0452631578947371,0.8421052631578988,1.1844551216520127,0.6825802494377387,0.012767598842815588,0.0,0.0,0.015404560605315221,0.0,0.0,0.34210526315789475,0.0,0.0,0.552366591699039,0.0,0.0,0.0,0.0
8240,56,1.281428571428572,0.8928571428571624,1.1846039199673326,0.6834422213148184,0.017819716910852133,0.0,0.0,0.015415305605997978,0.0,0.0,0.5178571428571429,0.0,0.0,0.5519855042874643,0.0,0.0,0.0,0.0
8241,54,1.1990740740740748,0.6666666666666866,1.1842562531904022,0.6831036242981073,0.015037157454713897,0.0,0.0,0.015404747138449982,0.0,0.0,0.5833333333333334,0.0,0.0,0.5520673813169985,0.0,0.0,0.0,0.0
8242,46,1.4397826086956527,0.7608695652174048,1.1849126570640507,0.6828072326080259,0.017958242950108737,0.0,0.0,0.015418955870486754,0.0,0.0,0.6739130434782609,0.0,0.0,0.5524568393094289,0.0,0.0,0.0,0.0
8243,56,1.0700000000000005,0.5535714285714232,1.1831055964052277,0.6808619281045719,0.017233247052056366,0.0,0.0,0.01541874956744869,0.0,0.0,0.4732142857142857,0.0,0.0,0.5515216503267973,0.0,0.0,0.0,0.0
8244,47,1.1117021276595753,0.468085106382995,1.1849003984063735,0.6815813668403278,0.017198815009874933,0.0,0.0,0.015450631599559323,0.0,0.0,0.574468085106383,0.0,0.0,0.5522525283481459,0.0,0.0,0.0,0.0
8245,38,1.10921052631579,0.6842105263158079,1.1854096348573173,0.6820087961542366,0.014012632978723762,0.0,0.0,0.015452237689607283,0.0,0.0,0.46710526315789475,0.0,0.0,0.5519331083154342,0.0,0.0,0.0,0.0
8246,50,1.1882000000000006,0.6799999999999975,1.1849560506950112,0.6814186426819268,0.018041299726692966,0.0,0.0,0.0154542727956192,0.0,0.0,0.55,0.0,0.0,0.5518448487326247,0.0,0.0,0.0,0.0
8247,46,1.211739130434783,0.9565217391305069,1.1848336915361777,0.6829393102036613,0.013817550818047376,0.0,0.0,0.015440460185866832,0.0,0.0,0.40217391304347827,0.0,0.0,0.5507624603418279,0.0,0.0,0.0,0.0
8248,49,1.274897959183674,0.8571428571428857,1.1856347826086948,0.6838874680306881,0.01280910395735037,0.0,0.0,0.015403523135361835,0.0,0.0,0.5051020408163265,0.0,0.0,0.5506649616368287,0.0,0.0,0.0,0.0
8249,63,1.287460317460318,0.7777777777778325,1.1867068437180788,0.6853932584269643,0.016277342966084015,0.0,0.0,0.015419570534966499,0.0,0.0,0.5,0.0,0.0,0.5503064351378958,0.0,0.0,0.0,0.0
8250,46,1.4832608695652179,1.0000000000000637,1.1887602124182997,0.6871936274509787,0.015882216014897723,0.0,0.0,0.0154051203324444,0.0,0.0,0.5760869565217391,0.0,0.0,0.5507046568627451,0.0,0.0,0.0,0.0
8251,54,0.9394444444444449,0.5925925925926052,1.1873709973485613,0.6871303283703839,0.011611352712291443,0.0,0.0,0.015380254229340036,0.0,0.0,0.49074074074074076,0.0,0.0,0.5500713848664083,0.0,0.0,0.0,0.0
8252,43,1.3155813953488378,0.8372093023255928,1.1872202939975494,0.6880359330338899,0.014701143451142762,0.0,0.0,0.01534721223341991,0.0,0.0,0.5697674418604651,0.0,0.0,0.5496120865659453,0.0,0.0,0.0,0.0
8253,45,1.2460000000000004,0.7555555555555629,1.1873765463654016,0.6873530313873824,0.020433673469386987,0.0,0.0,0.015365836878071979,0.0,0.0,0.6111111111111112,0.0,0.0,0.5505827624987221,0.0,0.0,0.0,0.0
8254,53,1.4515094339622652,0.8301886792452382,1.1881458780263554,0.6885279395239537,0.020212821860220675,0.0,0.0,0.015373114008710385,0.0,0.0,0.6226415094339622,0.0,0.0,0.5502349576054756,0.0,0.0,0.0,0.0
8255,38,0.9089473684210528,0.6315789473684302,1.1869912047453461,0.6886888934342386,0.008908950219241712,0.0,0.0,0.01535587461697632,0.0,0.0,0.3815789473684211,0.0,0.0,0.5491153610145224,0.0,0.0,0.0,0.0
8256,47,1.3453191489361709,0.8085106382978687,1.1887473134786608,0.6887728993961708,0.016296391752576668,0.0,0.0,0.015389655300340211,0.0,0.0,0.648936170212766,0.0,0.0,0.5507880462593389,0.0,0.0,0.0,0.0
8257,54,1.123333333333334,0.5925925925925847,1.1891340839303985,0.6883316274309096,0.014381223328591684,0.0,0.0,0.015410728497904137,0.0,0.0,0.5231481481481481,0.0,0.0,0.5508700102354145,0.0,0.0,0.0,0.0
8258,42,1.4221428571428578,1.0714285714285379,1.190770728707594,0.6901711591677758,0.015049130763415918,0.0,0.0,0.0154533858627991,0.0,0.0,0.5,0.0,0.0,0.5507840524751461,0.0,0.0,0.0,0.0
8259,45,1.3720000000000008,0.8444444444444673,1.1902591151167548,0.6896763621466601,0.02253284671532847,0.0,0.0,0.015453840691678178,0.0,0.0,0.6333333333333333,0.0,0.0,0.551054895534617,0.0,0.0,0.0,0.0
8260,66,1.03439393939394,0.5454545454545737,1.188851185609157,0.6874488961569901,0.012837532907108082,0.0,0.0,0.015432722351583147,0.0,0.0,0.5075757575757576,0.0,0.0,0.5510016353229763,0.0,0.0,0.0,0.0
8261,45,1.1497777777777782,0.6222222222222153,1.1891712650725519,0.6871040261598192,0.017934142114384467,0.0,0.0,0.015442942394995478,0.0,0.0,0.5666666666666667,0.0,0.0,0.5512977723278153,0.0,0.0,0.0,0.0
8262,51,1.3350980392156868,1.0000000000000269,1.1899682896890336,0.6899549918166932,0.019944346807264632,0.0,0.0,0.015450172323343645,0.0,0.0,0.46078431372549017,0.0,0.0,0.5501994680851063,0.0,0.0,0.0,0.0
8263,54,1.302407407407408,0.5925925925926008,1.1903311190597845,0.6895247828308628,0.016906249999999536,0.0,0.0,0.015445275007392826,0.0,0.0,0.6712962962962963,0.0,0.0,0.5506387327542156,0.0,0.0,0.0,0.0
8264,48,1.3454166666666676,0.9166666666666443,1.1911953412341636,0.6913567633837344,0.019938252547082223,0.0,0.0,0.015475675037131495,0.0,0.0,0.5625,0.0,0.0,0.5503167143440948,0.0,0.0,0.0,0.0
8265,47,1.3457446808510645,0.9361702127659359,1.1918467824310515,0.6931562819203261,0.01899969960949223,0.0,0.0,0.015477030864713338,0.0,0.0,0.5212765957446809,0.0,0.0,0.5501276813074566,0.0,0.0,0.0,0.0
8266,50,1.1448000000000005,0.940000000000047,1.193431052093973,0.6953013278855971,0.015071090047393989,0.0,0.0,0.015482509494618588,0.0,0.0,0.32,0.0,0.0,0.5497191011235955,0.0,0.0,0.0,0.0
8267,45,1.2200000000000006,0.755555555555575,1.1948278328394804,0.6973536323694692,0.017556763671250555,0.0,0.0,0.015495264142642831,0.0,0.0,0.5555555555555556,0.0,0.0,0.5496577092060897,0.0,0.0,0.0,0.0
8268,47,1.0297872340425536,0.7659574468085365,1.1938533142389518,0.6975245499181667,0.011002500568311523,0.0,0.0,0.015461434213018946,0.0,0.0,0.425531914893617,0.0,0.0,0.5486906710310966,0.0,0.0,0.0,0.0
8269,59,1.2018644067796618,0.6949152542373365,1.194414855626976,0.697683909805122,0.013199925539836083,0.0,0.0,0.01543121607335404,0.0,0.0,0.5338983050847458,0.0,0.0,0.5488215488215489,0.0,0.0,0.0,0.0
8270,44,1.456363636363637,0.9090909090909309,1.1962515312372388,0.699469171090241,0.02051873198847271,0.0,0.0,0.015464979551114283,0.0,0.0,0.7159090909090909,0.0,0.0,0.5494079216006533,0.0,0.0,0.0,0.0
8271,55,1.2863636363636368,0.7272727272727288,1.1961998980112183,0.6988271290158085,0.014527720739219213,0.0,0.0,0.015448611056229484,0.0,0.0,0.5727272727272728,0.0,0.0,0.5493880673125956,0.0,0.0,0.0,0.0
8272,49,0.9640816326530617,0.5714285714285664,1.1935803853603826,0.6979304720154961,0.014855345911949527,0.0,0.0,0.015428507044926213,0.0,0.0,0.42857142857142855,0.0,0.0,0.5477622591497604,0.0,0.0,0.0,0.0
8273,59,1.285593220338984,0.8983050847457879,1.1948438294841786,0.7004781768236853,0.019604548979063982,0.0,0.0,0.01545102073841545,0.0,0.0,0.4703389830508475,0.0,0.0,0.5470800691830298,0.0,0.0,0.0,0.0
8274,47,1.1965957446808515,0.7021276595744605,1.1934924188460359,0.6986872901190601,0.01396226415094387,0.0,0.0,0.015441435914180074,0.0,0.0,0.5425531914893617,0.0,0.0,0.5472422916454666,0.0,0.0,0.0,0.0
8275,42,1.3447619047619053,0.7619047619047576,1.1948227383863075,0.7003871230643849,0.015758928571428337,0.0,0.0,0.015459601105652546,0.0,0.0,0.6488095238095238,0.0,0.0,0.5471678891605541,0.0,0.0,0.0,0.0
8276,61,1.3650819672131154,0.7868852459016389,1.1959794339238439,0.7007737731622888,0.018385957164937138,0.0,0.0,0.01548388329857878,0.0,0.0,0.6065573770491803,0.0,0.0,0.5473427000610873,0.0,0.0,0.0,0.0
8277,47,1.2865957446808516,0.9361702127659813,1.195677491601343,0.7023312633614988,0.01660807470475207,0.0,0.0,0.015478347045575231,0.0,0.0,0.5372340425531915,0.0,0.0,0.5463962129695612,0.0,0.0,0.0,0.0
8278,43,1.3653488372093028,0.7441860465116616,1.1956434534717972,0.702606393809815,0.012807591623037018,0.0,0.0,0.015438386382638579,0.0,0.0,0.5697674418604651,0.0,0.0,0.5457900631236001,0.0,0.0,0.0,0.0
8279,51,1.2431372549019615,0.6274509803921395,1.1953509218702243,0.7018437404502393,0.016289825282631464,0.0,0.0,0.015427847209257663,0.0,0.0,0.5882352941176471,0.0,0.0,0.5458133849444841,0.0,0.0,0.0,0.0
8280,47,1.2531914893617027,0.7659574468085252,1.1951274729757284,0.7022231286967164,0.017287936601115602,0.0,0.0,0.015449562328622624,0.0,0.0,0.5638297872340425,0.0,0.0,0.54535488476443,0.0,0.0,0.0,0.0
8281,61,0.7993442622950825,0.6229508196721453,1.1918008560945772,0.7013860578883001,0.011631679389313528,0.0,0.0,0.015445387496764006,0.0,0.0,0.22950819672131148,0.0,0.0,0.5428811659192825,0.0,0.0,0.0,0.0
8282,53,1.1022641509433968,0.5283018867924436,1.1912903225806446,0.6992978528543808,0.011630499701373942,0.0,0.0,0.01542214306321637,0.0,0.0,0.5283018867924528,0.0,0.0,0.5432736338658797,0.0,0.0,0.0,0.0
8283,57,1.051052631578948,0.596491228070209,1.1906227143437622,0.699106054449411,0.01175397292524997,0.0,0.0,0.015394614999665032,0.0,0.0,0.4649122807017544,0.0,0.0,0.5429957334416904,0.0,0.0,0.0,0.0
8284,59,0.8769491525423733,0.4067796610169551,1.1881296935254715,0.6961639943170288,0.011416593115622212,0.0,0.0,0.015372191527577884,0.0,0.0,0.4915254237288136,0.0,0.0,0.5426476557743048,0.0,0.0,0.0,0.0
8285,50,0.9148000000000005,0.6399999999999578,1.1857855766304894,0.6958109341718228,0.010854295206454201,0.0,0.0,0.015315903796924386,0.0,0.0,0.4,0.0,0.0,0.5413581499137844,0.0,0.0,0.0,0.0
8286,55,1.2603636363636368,0.41818181818181827,1.186247846792988,0.6943965953997369,0.012986137130010688,0.0,0.0,0.015292597764450893,0.0,0.0,0.7227272727272728,0.0,0.0,0.5423041848211572,0.0,0.0,0.0,0.0
8287,61,1.3496721311475415,0.7540983606557647,1.1877548334851702,0.6947059418969537,0.015342899739098451,0.0,0.0,0.015275122825014352,0.0,0.0,0.5860655737704918,0.0,0.0,0.5429952424334447,0.0,0.0,0.0,0.0
8288,42,1.0609523809523815,0.5714285714285735,1.187593756334887,0.6948104601662279,0.011791479227308345,0.0,0.0,0.015271023920277006,0.0,0.0,0.5357142857142857,0.0,0.0,0.5431025744982769,0.0,0.0,0.0,0.0
8289,44,1.0238636363636366,0.500000000000012,1.1874688418279455,0.6941939406221508,0.011228813559321949,0.0,0.0,0.015254774955839843,0.0,0.0,0.5,0.0,0.0,0.543140135778701,0.0,0.0,0.0,0.0
8290,53,1.1992452830188682,0.6415094339622781,1.1872751215559152,0.6939829821717997,0.012509348553434453,0.0,0.0,0.01521410612041446,0.0,0.0,0.5283018867924528,0.0,0.0,0.5427724878444085,0.0,0.0,0.0,0.0
8291,46,1.0339130434782613,0.6521739130434734,1.187528135455743,0.6928926290175409,0.011535289837496472,0.0,0.0,0.015203277782032395,0.0,0.0,0.42391304347826086,0.0,0.0,0.5435719355165771,0.0,0.0,0.0,0.0
8292,42,1.31952380952381,0.8571428571428547,1.1884862617864742,0.6935009631957829,0.023443316412859346,0.0,0.0,0.015248360631213858,0.0,0.0,0.5119047619047619,0.0,0.0,0.5439014498631248,0.0,0.0,0.0,0.0
8293,44,1.4331818181818188,0.9318181818181658,1.1885665009637814,0.694126001826114,0.020218018595703144,0.0,0.0,0.015263144866795782,0.0,0.0,0.6704545454545454,0.0,0.0,0.5437252713807447,0.0,0.0,0.0,0.0
8294,46,1.200652173913044,0.5652173913043466,1.1887243342142704,0.6937385647489331,0.01979569892473117,0.0,0.0,0.015260539138286925,0.0,0.0,0.6847826086956522,0.0,0.0,0.5440638341126245,0.0,0.0,0.0,0.0
8295,55,1.1620000000000004,0.7272727272727117,1.187928897917724,0.6926358557643476,0.014365025848505643,0.0,0.0,0.015238033193571806,0.0,0.0,0.5545454545454546,0.0,0.0,0.5444895886236668,0.0,0.0,0.0,0.0
8296,55,1.292545454545455,0.7272727272727387,1.1882674524946648,0.6927141550655425,0.01601486821356207,0.0,0.0,0.015231182025398866,0.0,0.0,0.6,0.0,0.0,0.5443298445279952,0.0,0.0,0.0,0.0
8297,42,1.1680952380952385,0.5714285714285674,1.1868371289141924,0.6912362749084998,0.01574959871588983,0.0,0.0,0.015208347718239071,0.0,0.0,0.6190476190476191,0.0,0.0,0.5443523790158601,0.0,0.0,0.0,0.0
8298,48,1.2843750000000005,0.7291666666666745,1.187227027577083,0.6913605372952079,0.016176856468118672,0.0,0.0,0.01520982658507392,0.0,0.0,0.5989583333333334,0.0,0.0,0.5450544418438995,0.0,0.0,0.0,0.0
8299,43,1.148372093023256,0.6511627906977044,1.188671691962921,0.6913517367831322,0.012207663782448386,0.0,0.0,0.015200215188504835,0.0,0.0,0.5116279069767442,0.0,0.0,0.5461189772843027,0.0,0.0,0.0,0.0
8300,58,1.2396551724137934,0.7586206896551755,1.1894162513983517,0.6926675480524772,0.012063758389261737,0.0,0.0,0.01516776512881962,0.0,0.0,0.5172413793103449,0.0,0.0,0.5458405369673548,0.0,0.0,0.0,0.0
8301,53,1.5424528301886797,1.0566037735848801,1.1899939024390238,0.6940040650406514,0.017445582586427404,0.0,0.0,0.015162946570203539,0.0,0.0,0.6415094339622641,0.0,0.0,0.5455030487804878,0.0,0.0,0.0,0.0
8302,43,0.9162790697674423,0.5116279069767475,1.1885911770685091,0.6935352713966263,0.0122398260329297,0.0,0.0,0.015122275474811606,0.0,0.0,0.4069767441860465,0.0,0.0,0.5444450091482008,0.0,0.0,0.0,0.0
8303,56,1.4641071428571435,0.8571428571428399,1.1897999999999993,0.6943147208121834,0.017429846938775282,0.0,0.0,0.015124101325218612,0.0,0.0,0.6651785714285714,0.0,0.0,0.5448984771573604,0.0,0.0,0.0,0.0
8304,36,1.478333333333334,0.8333333333333487,1.1912577529232327,0.6955770208439254,0.01721216041397083,0.0,0.0,0.015137700381025939,0.0,0.0,0.7222222222222222,0.0,0.0,0.5455261820030504,0.0,0.0,0.0,0.0
8305,47,1.3274468085106388,0.6808510638298078,1.192411022981492,0.6946308724832226,0.019208743842364918,0.0,0.0,0.015178820377070273,0.0,0.0,0.6382978723404256,0.0,0.0,0.5471578198088265,0.0,0.0,0.0,0.0
8306,57,1.2338596491228075,0.7894736842105914,1.193768262987012,0.6954139610389626,0.014691873824943576,0.0,0.0,0.01519635776557958,0.0,0.0,0.5219298245614035,0.0,0.0,0.5476866883116883,0.0,0.0,0.0,0.0
8307,37,1.2310810810810815,0.8108108108107984,1.194179770721314,0.6955463122653968,0.014506369426751422,0.0,0.0,0.015208638577722637,0.0,0.0,0.4594594594594595,0.0,0.0,0.547960840012174,0.0,0.0,0.0,0.0
8308,49,1.1987755102040825,0.5714285714285836,1.1958269875114214,0.6958066808813095,0.01388324273221485,0.0,0.0,0.015231090942714472,0.0,0.0,0.5816326530612245,0.0,0.0,0.5488120621382881,0.0,0.0,0.0,0.0
8309,59,1.1283050847457634,0.6779661016949067,1.1951926196269251,0.6963706407137081,0.010132420091324557,0.0,0.0,0.015180586369717574,0.0,0.0,0.5,0.0,0.0,0.5480788726682887,0.0,0.0,0.0,0.0
8310,48,1.159166666666667,0.45833333333335907,1.195406446381511,0.6964321913642834,0.012430741733691521,0.0,0.0,0.015174637485364318,0.0,0.0,0.6302083333333334,0.0,0.0,0.5480184471923779,0.0,0.0,0.0,0.0
8311,49,1.1779591836734697,0.6122448979591929,1.1961756660925935,0.6966872657278919,0.013508073952726636,0.0,0.0,0.015179324406322957,0.0,0.0,0.6224489795918368,0.0,0.0,0.5488299057846217,0.0,0.0,0.0,0.0
8312,49,1.351632653061225,0.612244897959145,1.1975577390599665,0.6974270664505693,0.01238406881077093,0.0,0.0,0.015177290851997446,0.0,0.0,0.6938775510204082,0.0,0.0,0.549280794165316,0.0,0.0,0.0,0.0
8313,42,0.7392857142857145,0.5714285714285557,1.19502434077079,0.6968559837728215,0.008117647058823342,0.0,0.0,0.015146471482762658,0.0,0.0,0.2261904761904762,0.0,0.0,0.5475152129817444,0.0,0.0,0.0,0.0
8314,54,1.2670370370370376,0.5740740740740818,1.196949599432105,0.6972923638576228,0.017418533604888476,0.0,0.0,0.01517555273267745,0.0,0.0,0.6481481481481481,0.0,0.0,0.5490315383835311,0.0,0.0,0.0,0.0
8315,56,1.158928571428572,0.5000000000000211,1.1974182112832965,0.6970525676086315,0.012720501764014302,0.0,0.0,0.01514003311771389,0.0,0.0,0.5982142857142857,0.0,0.0,0.5491745163577434,0.0,0.0,0.0,0.0
8316,48,1.225416666666667,0.7500000000000053,1.1982757572687657,0.6971938000202635,0.016071038251366212,0.0,0.0,0.015136582931292643,0.0,0.0,0.5572916666666666,0.0,0.0,0.5500709148009321,0.0,0.0,0.0,0.0
8317,48,0.962916666666667,0.4166666666666627,1.1962558233745177,0.694753899129028,0.01138984721537658,0.0,0.0,0.015098367046943418,0.0,0.0,0.6041666666666666,0.0,0.0,0.5501569779218148,0.0,0.0,0.0,0.0
8318,49,1.5491836734693882,0.7755102040816538,1.1993691139240492,0.6965063291139265,0.01710840658102274,0.0,0.0,0.015131070782949759,0.0,0.0,0.7653061224489796,0.0,0.0,0.5512405063291139,0.0,0.0,0.0,0.0
8319,57,0.9635087719298253,0.6666666666666776,1.1971213041717281,0.695119481571489,0.013995922528032875,0.0,0.0,0.015098879598683584,0.0,0.0,0.39473684210526316,0.0,0.0,0.5503240178209802,0.0,0.0,0.0,0.0
8320,47,0.9272340425531922,0.6382978723404362,1.196210249139152,0.69546283167916,0.01427448411398631,0.0,0.0,0.015108239616057652,0.0,0.0,0.35106382978723405,0.0,0.0,0.5490935790966174,0.0,0.0,0.0,0.0
8321,69,1.2843478260869572,0.7101449275362298,1.1967266841998774,0.6956301840987281,0.018485607008760445,0.0,0.0,0.01513588062053985,0.0,0.0,0.5942028985507246,0.0,0.0,0.5493121586081328,0.0,0.0,0.0,0.0
8322,57,1.1822807017543862,0.7543859649122693,1.1960784313725477,0.6957752173034188,0.012360601614086413,0.0,0.0,0.015133998680219156,0.0,0.0,0.5350877192982456,0.0,0.0,0.5488174651303821,0.0,0.0,0.0,0.0
8323,45,1.2682222222222228,0.7111111111111421,1.1966777980165946,0.6947986237603755,0.015495519956557579,0.0,0.0,0.015157197880017192,0.0,0.0,0.6222222222222222,0.0,0.0,0.5501669702489375,0.0,0.0,0.0,0.0
8324,42,1.235476190476191,0.8095238095237486,1.1966865762300047,0.6958898562462066,0.013335903366743172,0.0,0.0,0.015136429115634073,0.0,0.0,0.5119047619047619,0.0,0.0,0.5493774043328609,0.0,0.0,0.0,0.0
8325,47,0.9887234042553196,0.6382978723404426,1.1957115365137228,0.6951281272156417,0.01363956560023505,0.0,0.0,0.015144151702444828,0.0,0.0,0.42021276595744683,0.0,0.0,0.5488706573483237,0.0,0.0,0.0,0.0
8326,61,1.2118032786885253,0.606557377049175,1.1956497118009897,0.6947112953787067,0.0178378378378383,0.0,0.0,0.0151722111368463,0.0,0.0,0.639344262295082,0.0,0.0,0.549094953989281,0.0,0.0,0.0,0.0
8327,49,1.345102040816327,0.7959183673469616,1.19646320477781,0.6965279886628233,0.01941956393635879,0.0,0.0,0.015204895468321485,0.0,0.0,0.6326530612244898,0.0,0.0,0.5489675068326754,0.0,0.0,0.0,0.0
8328,56,1.2871428571428576,0.7678571428571743,1.1969559493670872,0.6975189873417756,0.01614695340501855,0.0,0.0,0.015222269443263936,0.0,0.0,0.5535714285714286,0.0,0.0,0.5488101265822785,0.0,0.0,0.0,0.0
8329,42,1.0133333333333339,0.47619047619046917,1.1961225316455681,0.6971139240506363,0.010873786407767072,0.0,0.0,0.01523513660624229,0.0,0.0,0.4523809523809524,0.0,0.0,0.5479746835443038,0.0,0.0,0.0,0.0
8330,49,1.0559183673469394,0.612244897959207,1.1950430118409052,0.6964882096953784,0.013105369807497496,0.0,0.0,0.015209702702737526,0.0,0.0,0.4489795918367347,0.0,0.0,0.5474395304119016,0.0,0.0,0.0,0.0
8331,43,1.1293023255813959,0.6046511627906869,1.1956736511792676,0.6960218645611936,0.01399827039492602,0.0,0.0,0.01523285699731634,0.0,0.0,0.5116279069767442,0.0,0.0,0.547955258629416,0.0,0.0,0.0,0.0
8332,48,1.0085416666666671,0.4791666666666519,1.193529233259153,0.6938094274731974,0.013241247264770254,0.0,0.0,0.015212780084913481,0.0,0.0,0.4375,0.0,0.0,0.5472638074044103,0.0,0.0,0.0,0.0
8333,42,1.4538095238095243,0.9285714285714443,1.1954033809089972,0.6944022674359785,0.017282762524767098,0.0,0.0,0.015246854286252854,0.0,0.0,0.6428571428571429,0.0,0.0,0.5480564834497419,0.0,0.0,0.0,0.0
8334,56,1.2275000000000007,0.8035714285714874,1.1949155798200368,0.6942675159235707,0.014132401315789979,0.0,0.0,0.015256289281791072,0.0,0.0,0.5267857142857143,0.0,0.0,0.5477454251339602,0.0,0.0,0.0,0.0
8335,55,1.3952727272727277,0.8909090909091556,1.1957246816252258,0.6950677178087772,0.015997498436523927,0.0,0.0,0.015268313458262364,0.0,0.0,0.6,0.0,0.0,0.5481099656357389,0.0,0.0,0.0,0.0
8336,55,1.1501818181818189,0.6000000000000015,1.1965831481107279,0.6951909476661994,0.017097297297296282,0.0,0.0,0.0152920442191539,0.0,0.0,0.5818181818181818,0.0,0.0,0.5488735097999596,0.0,0.0,0.0,0.0
8337,54,1.3392592592592596,0.6111111111110874,1.1975315497223606,0.6939929328621948,0.016302975653743144,0.0,0.0,0.015318508435701685,0.0,0.0,0.7268518518518519,0.0,0.0,0.550580514891469,0.0,0.0,0.0,0.0
8338,46,1.269347826086957,0.7826086956522336,1.1993012924071065,0.6952746365105051,0.013352389663846791,0.0,0.0,0.015323291431874029,0.0,0.0,0.532608695652174,0.0,0.0,0.5512924071082391,0.0,0.0,0.0,0.0
8339,44,1.0540909090909094,0.6363636363636803,1.1980866316639724,0.6952746365105054,0.012977056519306227,0.0,0.0,0.015290669429485643,0.0,0.0,0.4431818181818182,0.0,0.0,0.5503331987075929,0.0,0.0,0.0,0.0
8340,50,1.1612000000000005,0.6399999999999811,1.198295420078858,0.6952785360428717,0.013511752385385007,0.0,0.0,0.015293973428580302,0.0,0.0,0.55,0.0,0.0,0.5503488019411586,0.0,0.0,0.0,0.0
8341,52,1.2544230769230773,0.442307692307693,1.1970904126213575,0.6925566343042118,0.017549098735539503,0.0,0.0,0.01528855840915081,0.0,0.0,0.7211538461538461,0.0,0.0,0.5507686084142395,0.0,0.0,0.0,0.0
8342,52,1.2063461538461544,0.730769230769229,1.1976372459811933,0.6938631078758516,0.019920609717370523,0.0,0.0,0.01532867315657963,0.0,0.0,0.6153846153846154,0.0,0.0,0.5506521079769487,0.0,0.0,0.0,0.0
8343,42,1.2630952380952385,0.66666666666669,1.197863645559375,0.6935059680356108,0.014910061832490615,0.0,0.0,0.015351631926304387,0.0,0.0,0.6785714285714286,0.0,0.0,0.5514110863847865,0.0,0.0,0.0,0.0
8344,45,1.490222222222223,0.9777777777777031,1.198574607991905,0.6946889226100199,0.01753202614378988,0.0,0.0,0.015349399713168238,0.0,0.0,0.6,0.0,0.0,0.5511127971674253,0.0,0.0,0.0,0.0
8345,50,1.1676000000000004,0.8200000000000052,1.1976583046732734,0.6944163463483761,0.01162253633286836,0.0,0.0,0.01531713053400157,0.0,0.0,0.5,0.0,0.0,0.5511582035201295,0.0,0.0,0.0,0.0
8346,47,1.499574468085107,1.0212765957446448,1.1984203602509593,0.696518923294884,0.02212872841444204,0.0,0.0,0.015339984275039159,0.0,0.0,0.6436170212765957,0.0,0.0,0.5511536126290225,0.0,0.0,0.0,0.0
8347,41,1.352926829268293,0.8292682926829866,1.1988689752936392,0.6977521263669548,0.017178693093838026,0.0,0.0,0.015350068841772835,0.0,0.0,0.6036585365853658,0.0,0.0,0.5511593762656947,0.0,0.0,0.0,0.0
8348,39,1.0012820512820515,0.3589743589743664,1.1986221230862801,0.6964412450572894,0.013382453735435177,0.0,0.0,0.01536701022083398,0.0,0.0,0.5641025641025641,0.0,0.0,0.5517337524079895,0.0,0.0,0.0,0.0
8349,56,1.1844642857142862,0.7857142857143081,1.1982886075949346,0.6972151898734225,0.01847632311977679,0.0,0.0,0.01536720331730352,0.0,0.0,0.5133928571428571,0.0,0.0,0.5509873417721519,0.0,0.0,0.0,0.0
8350,49,1.1102040816326537,0.7755102040816331,1.1972743846855038,0.6981667173098397,0.014998621450233928,0.0,0.0,0.015385873936913798,0.0,0.0,0.41836734693877553,0.0,0.0,0.5498581991289375,0.0,0.0,0.0,0.0
8351,50,1.2880000000000005,0.7600000000000448,1.1985527648369436,0.6987036661940499,0.018930041152262825,0.0,0.0,0.015405987690320975,0.0,0.0,0.55,0.0,0.0,0.5505114441968807,0.0,0.0,0.0,0.0
8352,49,1.3518367346938782,0.7346938775510419,1.1997223910840913,0.6990881458966617,0.017209664848012826,0.0,0.0,0.015424915100348985,0.0,0.0,0.673469387755102,0.0,0.0,0.5514690982776089,0.0,0.0,0.0,0.0
8353,51,1.4196078431372552,0.7058823529412118,1.198499341371971,0.69814570878509,0.015417376490630828,0.0,0.0,0.01539329191317906,0.0,0.0,0.7549019607843137,0.0,0.0,0.5513476542709494,0.0,0.0,0.0,0.0
8354,52,1.2130769230769236,0.6923076923077198,1.199410690739424,0.6994624201237504,0.015861201910988703,0.0,0.0,0.015406390302499693,0.0,0.0,0.6153846153846154,0.0,0.0,0.5513490211989046,0.0,0.0,0.0,0.0
8355,62,1.4422580645161298,0.8225806451613298,1.200175314146735,0.7001418727199086,0.018896872358410553,0.0,0.0,0.01542240829242249,0.0,0.0,0.6612903225806451,0.0,0.0,0.5514541953790029,0.0,0.0,0.0,0.0
8356,39,1.2023076923076927,0.7948717948718077,1.199030327619432,0.699665280454413,0.017226304188097664,0.0,0.0,0.015425118383846824,0.0,0.0,0.5128205128205128,0.0,0.0,0.5509686580789127,0.0,0.0,0.0,0.0
8357,53,1.3224528301886798,0.6792452830188892,1.1992257802999577,0.6994325091203949,0.02167955459325702,0.0,0.0,0.015461790929330739,0.0,0.0,0.6226415094339622,0.0,0.0,0.5506688285366842,0.0,0.0,0.0,0.0
8358,46,1.3384782608695658,0.8695652173913351,1.199541768045416,0.6999188969991949,0.014951432734337267,0.0,0.0,0.0154503705154572,0.0,0.0,0.5434782608695652,0.0,0.0,0.5505373073803731,0.0,0.0,0.0,0.0
8359,54,1.1635185185185188,0.6111111111111335,1.1992714762723853,0.6992815946574987,0.017073369565217607,0.0,0.0,0.015462186627982079,0.0,0.0,0.5138888888888888,0.0,0.0,0.5505160376403926,0.0,0.0,0.0,0.0
8360,55,1.3121818181818188,0.6909090909090841,1.2003205257836183,0.7006066734074885,0.021942839768926654,0.0,0.0,0.015498056079939645,0.0,0.0,0.6409090909090909,0.0,0.0,0.5507583417593529,0.0,0.0,0.0,0.0
8361,50,1.0810000000000004,0.5000000000000285,1.2004905927574328,0.7005866882460108,0.015337684449489849,0.0,0.0,0.015490585345351944,0.0,0.0,0.6,0.0,0.0,0.5509053206554724,0.0,0.0,0.0,0.0
8362,50,1.2380000000000007,0.5800000000000022,1.201297308237197,0.7011738514470819,0.01671166306695486,0.0,0.0,0.015494904958251612,0.0,0.0,0.63,0.0,0.0,0.5510777170613236,0.0,0.0,0.0,0.0
8363,45,1.0308888888888894,0.6666666666666441,1.201413681441002,0.7015786278081422,0.01158302122347031,0.0,0.0,0.015484582417095136,0.0,0.0,0.45555555555555555,0.0,0.0,0.5506729407002631,0.0,0.0,0.0,0.0
8364,44,1.2477272727272732,0.5454545454545401,1.2013254965545177,0.7011552492906424,0.01684049079754659,0.0,0.0,0.015483238990342815,0.0,0.0,0.625,0.0,0.0,0.5507448317794893,0.0,0.0,0.0,0.0
8365,53,1.2500000000000004,0.7924528301887155,1.2006846956345572,0.7008001620581445,0.01690051020408225,0.0,0.0,0.015488910230027004,0.0,0.0,0.49056603773584906,0.0,0.0,0.5501620581383572,0.0,0.0,0.0,0.0
8366,49,1.2297959183673477,0.6530612244898047,1.2018656414407105,0.7008296236341625,0.02312356101304667,0.0,0.0,0.01552462339271317,0.0,0.0,0.6836734693877551,0.0,0.0,0.5513709024686362,0.0,0.0,0.0,0.0
8367,45,1.1717777777777783,0.5777777777777917,1.2024316386469498,0.6999189791371343,0.01647297719462689,0.0,0.0,0.015549506318520511,0.0,0.0,0.6333333333333333,0.0,0.0,0.5523090945918574,0.0,0.0,0.0,0.0
8368,56,1.2780357142857146,0.7857142857143089,1.2034135733791829,0.7001112572064392,0.012350301984469266,0.0,0.0,0.015532751787196958,0.0,0.0,0.5357142857142857,0.0,0.0,0.5525943157681804,0.0,0.0,0.0,0.0
8369,42,0.8785714285714289,0.9523809523810252,1.2015649706061202,0.7001824447597879,0.012222590261676547,0.0,0.0,0.015509439392948281,0.0,0.0,0.13095238095238096,0.0,0.0,0.550932495438881,0.0,0.0,0.0,0.0
8370,59,1.2583050847457633,0.6610169491525545,1.204017613118735,0.700273307014887,0.013858502893410483,0.0,0.0,0.015525460497462592,0.0,0.0,0.6779661016949152,0.0,0.0,0.5531430306711206,0.0,0.0,0.0,0.0
8371,50,1.2514000000000005,0.7599999999999888,1.2046826601882765,0.7006782062961906,0.013156013456686697,0.0,0.0,0.015507156110578355,0.0,0.0,0.51,0.0,0.0,0.5528140500050612,0.0,0.0,0.0,0.0
8372,49,1.3314285714285718,0.8163265306122431,1.2053724696356256,0.7020242914979826,0.015865758754863762,0.0,0.0,0.015543205880510395,0.0,0.0,0.6530612244897959,0.0,0.0,0.5529605263157895,0.0,0.0,0.0,0.0
8373,35,1.3917142857142861,0.9714285714285662,1.2055162271805258,0.7026369168357068,0.013186247969680761,0.0,0.0,0.015541441831335283,0.0,0.0,0.6285714285714286,0.0,0.0,0.5530679513184584,0.0,0.0,0.0,0.0
8374,53,1.1367924528301891,0.5283018867924448,1.2054294105732208,0.7014381203159884,0.014850875030811443,0.0,0.0,0.015535291253835746,0.0,0.0,0.5566037735849056,0.0,0.0,0.5534990885152927,0.0,0.0,0.0,0.0
8375,55,1.209272727272728,0.5818181818181896,1.2053408975787647,0.7011447675007667,0.019057306590257787,0.0,0.0,0.015538212401400013,0.0,0.0,0.6227272727272727,0.0,0.0,0.5534140411305846,0.0,0.0,0.0,0.0
8376,48,1.523958333333334,0.8749999999999818,1.2075146909827745,0.7022289766970685,0.019139194139193762,0.0,0.0,0.015573586695605952,0.0,0.0,0.6614583333333334,0.0,0.0,0.5544072948328268,0.0,0.0,0.0,0.0
8377,47,1.2638297872340432,0.7659574468085232,1.207373481781375,0.7029352226720715,0.014095870906502102,0.0,0.0,0.015546182347061276,0.0,0.0,0.5851063829787234,0.0,0.0,0.5539979757085021,0.0,0.0,0.0,0.0
8378,44,1.440454545454546,1.0909090909090382,1.2082155870445328,0.7056680161943384,0.013264964420259108,0.0,0.0,0.015536777137561731,0.0,0.0,0.5340909090909091,0.0,0.0,0.5532388663967611,0.0,0.0,0.0,0.0
8379,49,1.4110204081632656,0.6938775510204265,1.2092211080725195,0.7058644788818054,0.014243922538112396,0.0,0.0,0.015523900297640348,0.0,0.0,0.6785714285714286,0.0,0.0,0.5540362605084574,0.0,0.0,0.0,0.0
8380,68,1.2220588235294123,0.4999999999999908,1.2095257356658897,0.7051269086864259,0.015608564988730178,0.0,0.0,0.015524169474454771,0.0,0.0,0.6397058823529411,0.0,0.0,0.554403883102437,0.0,0.0,0.0,0.0
8381,47,1.285106382978724,0.8085106382978967,1.2102365547917493,0.7052163364334884,0.015515026971487796,0.0,0.0,0.01551488808020489,0.0,0.0,0.5531914893617021,0.0,0.0,0.5547917509098261,0.0,0.0,0.0,0.0
8382,54,1.245370370370371,0.9999999999999646,1.2104263918359082,0.707386076588872,0.013377760095484012,0.0,0.0,0.015492198027586905,0.0,0.0,0.37962962962962965,0.0,0.0,0.5534758007477013,0.0,0.0,0.0,0.0
8383,39,1.2833333333333339,0.7692307692308018,1.2109766217994113,0.7075194818338292,0.01368234007654486,0.0,0.0,0.01550355596844267,0.0,0.0,0.6025641025641025,0.0,0.0,0.554093715211011,0.0,0.0,0.0,0.0
8384,48,1.3054166666666673,0.7083333333333529,1.2107450900992087,0.7069244786394073,0.017586303676677795,0.0,0.0,0.015510395173516623,0.0,0.0,0.5677083333333334,0.0,0.0,0.5541354525207531,0.0,0.0,0.0,0.0
8385,44,1.3893181818181821,0.8181818181818094,1.212250152037298,0.7080883843503004,0.013982159194876177,0.0,0.0,0.015533473428282756,0.0,0.0,0.6079545454545454,0.0,0.0,0.5544546928846543,0.0,0.0,0.0,0.0
8386,54,1.2174074074074082,0.6851851851851586,1.2129476137399922,0.7079744654980303,0.011693347563144942,0.0,0.0,0.015513528644854628,0.0,0.0,0.5092592592592593,0.0,0.0,0.5544381396291418,0.0,0.0,0.0,0.0
8387,48,0.6156250000000002,0.4999999999999906,1.2088615166261134,0.707623682076243,0.008284272497897469,0.0,0.0,0.01544282731897349,0.0,0.0,0.19791666666666666,0.0,0.0,0.5515257502027575,0.0,0.0,0.0,0.0
8388,59,1.381016949152543,0.7796610169491501,1.2119872379216023,0.7083966372936352,0.012953895071542886,0.0,0.0,0.015449284792990877,0.0,0.0,0.5635593220338984,0.0,0.0,0.5534791856578548,0.0,0.0,0.0,0.0
8389,54,1.4007407407407413,0.6851851851852051,1.2126618705035952,0.7083797750532029,0.014476555023923818,0.0,0.0,0.015445240439774894,0.0,0.0,0.625,0.0,0.0,0.5537541797547877,0.0,0.0,0.0,0.0
8390,45,1.1864444444444449,0.6222222222222149,1.211566423653299,0.7074726609963609,0.014464914657274985,0.0,0.0,0.015421296218728398,0.0,0.0,0.5666666666666667,0.0,0.0,0.5532604293236127,0.0,0.0,0.0,0.0
8391,39,1.09974358974359,0.8717948717949022,1.2097565676032034,0.7076782635155758,0.01255929721815584,0.0,0.0,0.015382261182682431,0.0,0.0,0.358974358974359,0.0,0.0,0.5516025966122324,0.0,0.0,0.0,0.0
8392,42,1.2471428571428576,0.5714285714285567,1.210361347949653,0.7068615509541273,0.015834340991536102,0.0,0.0,0.015375177128475078,0.0,0.0,0.6309523809523809,0.0,0.0,0.5521975233455136,0.0,0.0,0.0,0.0
8393,35,1.273428571428572,0.9142857142857046,1.2111847185531377,0.7077829709408722,0.0189578902594642,0.0,0.0,0.01539091610997352,0.0,0.0,0.4714285714285714,0.0,0.0,0.5522505588295062,0.0,0.0,0.0,0.0
8394,52,1.1773076923076926,0.7692307692307657,1.21079390862944,0.7077157360406156,0.011698834320657431,0.0,0.0,0.01536584046031869,0.0,0.0,0.46153846153846156,0.0,0.0,0.5517005076142132,0.0,0.0,0.0,0.0
8395,60,1.6050000000000009,0.9666666666666818,1.2126112126751962,0.709729839528749,0.0321428571428579,0.0,0.0,0.015420721169866834,0.0,0.0,0.6833333333333333,0.0,0.0,0.5514676010562665,0.0,0.0,0.0,0.0
8396,44,1.088863636363637,0.7727272727272649,1.214105380937848,0.71172820669312,0.012844504021447207,0.0,0.0,0.015435978014872342,0.0,0.0,0.4090909090909091,0.0,0.0,0.5509866748041908,0.0,0.0,0.0,0.0
8397,54,1.2329629629629635,0.8333333333333143,1.2150518925518905,0.7127594627594692,0.01444251626898023,0.0,0.0,0.015414173801585416,0.0,0.0,0.49074074074074076,0.0,0.0,0.5511548636548637,0.0,0.0,0.0,0.0
8398,57,1.1178947368421057,0.6315789473684351,1.2147951194712743,0.7132689374682325,0.012056764427625752,0.0,0.0,0.015382696974964166,0.0,0.0,0.5263157894736842,0.0,0.0,0.5503050330452466,0.0,0.0,0.0,0.0
8399,54,1.3438888888888894,0.4814814814814566,1.2158779867818994,0.7116420945602507,0.014522713628176729,0.0,0.0,0.015370879526977141,0.0,0.0,0.7777777777777778,0.0,0.0,0.5520843924758515,0.0,0.0,0.0,0.0
8400,47,1.2229787234042557,0.8085106382978813,1.2158087487283809,0.7126144455747778,0.017686153846153848,0.0,0.0,0.015382041285968253,0.0,0.0,0.601063829787234,0.0,0.0,0.5517802644964395,0.0,0.0,0.0,0.0
8401,55,1.2040000000000004,0.6545454545454745,1.216591786948565,0.7132547265704481,0.012732166890982721,0.0,0.0,0.015381826593755473,0.0,0.0,0.5909090909090909,0.0,0.0,0.5518143931693433,0.0,0.0,0.0,0.0
8402,69,1.2501449275362324,0.6956521739130496,1.2169039902774947,0.7134899736682265,0.012769800148038572,0.0,0.0,0.015360467063556543,0.0,0.0,0.5362318840579711,0.0,0.0,0.5514229289041929,0.0,0.0,0.0,0.0
8403,47,1.2000000000000006,0.6382978723404162,1.21687056917156,0.7122746607251431,0.013233223838574065,0.0,0.0,0.01535556955667712,0.0,0.0,0.6170212765957447,0.0,0.0,0.5521824994936196,0.0,0.0,0.0,0.0
8404,47,1.3278723404255324,0.8936170212765872,1.2178906804583698,0.713822127573275,0.0204824417459788,0.0,0.0,0.015355881578240806,0.0,0.0,0.5319148936170213,0.0,0.0,0.552276645370652,0.0,0.0,0.0,0.0
8405,59,1.0406779661016952,0.576271186440694,1.2175663896209188,0.7146766673423945,0.010288203753351289,0.0,0.0,0.015298136717153176,0.0,0.0,0.5,0.0,0.0,0.5514646259882424,0.0,0.0,0.0,0.0
8406,35,1.234571428571429,0.4000000000000064,1.2169839496139765,0.7126168224299135,0.014504867405169408,0.0,0.0,0.01530908923621897,0.0,0.0,0.7,0.0,0.0,0.5514780577001219,0.0,0.0,0.0,0.0
8407,56,1.1233928571428577,0.5357142857142956,1.2161423639317612,0.7115150284321762,0.014512110726643393,0.0,0.0,0.015300593291361804,0.0,0.0,0.625,0.0,0.0,0.5516856214459789,0.0,0.0,0.0,0.0
8408,39,1.214871794871795,0.7179487179487644,1.2170244993392278,0.7121073498017761,0.011756823821340407,0.0,0.0,0.01526965804879919,0.0,0.0,0.5384615384615384,0.0,0.0,0.5519467317271526,0.0,0.0,0.0,0.0
8409,47,1.2604255319148943,0.7021276595744705,1.2186636132315507,0.7122646310432644,0.017978755690440218,0.0,0.0,0.01531256594251927,0.0,0.0,0.5531914893617021,0.0,0.0,0.5527735368956743,0.0,0.0,0.0,0.0
8410,49,1.014897959183674,0.5102040816326305,1.217993896236011,0.7113936927772198,0.012689461597346076,0.0,0.0,0.015308258717663212,0.0,0.0,0.5,0.0,0.0,0.5527466937945066,0.0,0.0,0.0,0.0
8411,50,1.4044000000000005,0.6600000000000307,1.2182570207570196,0.7102157102157176,0.014985061886469895,0.0,0.0,0.01531089752606802,0.0,0.0,0.78,0.0,0.0,0.553978428978429,0.0,0.0,0.0,0.0
8412,52,0.8875000000000004,0.6538461538461469,1.2171169888097648,0.7094608341810859,0.010529317818845295,0.0,0.0,0.015263650745050057,0.0,0.0,0.2644230769230769,0.0,0.0,0.5530773143438453,0.0,0.0,0.0,0.0
8413,43,1.3965116279069771,0.9302325581395491,1.2187469437652798,0.709657701711499,0.012260106165782521,0.0,0.0,0.015245694186913432,0.0,0.0,0.5697674418604651,0.0,0.0,0.554426446617767,0.0,0.0,0.0,0.0
8414,46,1.2676086956521746,1.021739130434779,1.219156565142099,0.7111133747580803,0.013121062106210713,0.0,0.0,0.01521117917694014,0.0,0.0,0.3858695652173913,0.0,0.0,0.5535805235815422,0.0,0.0,0.0,0.0
8415,62,1.1730645161290327,0.612903225806457,1.2205271191614924,0.7110003052813753,0.010525325615051569,0.0,0.0,0.015185102188866203,0.0,0.0,0.6370967741935484,0.0,0.0,0.5550524066347817,0.0,0.0,0.0,0.0
8416,46,1.3669565217391308,0.8695652173912868,1.2224966934581327,0.7110591107945948,0.011184631803628888,0.0,0.0,0.01514868273913614,0.0,0.0,0.6086956521739131,0.0,0.0,0.5568725200936006,0.0,0.0,0.0,0.0
8417,47,0.9163829787234047,0.7659574468084992,1.2206480822057162,0.7115678095431959,0.015701786365293322,0.0,0.0,0.015130964136673428,0.0,0.0,0.2872340425531915,0.0,0.0,0.555193814223217,0.0,0.0,0.0,0.0
8418,41,1.4729268292682933,0.8780487804878045,1.2213008130081284,0.7115853658536658,0.016915966386555355,0.0,0.0,0.015138052091849208,0.0,0.0,0.6585365853658537,0.0,0.0,0.5556910569105691,0.0,0.0,0.0,0.0
8419,43,1.2225581395348841,0.6976744186046797,1.2209486527707152,0.7106253177427627,0.020234795996920105,0.0,0.0,0.015147558395785802,0.0,0.0,0.5813953488372093,0.0,0.0,0.556049822064057,0.0,0.0,0.0,0.0
8420,40,1.2180000000000004,0.800000000000041,1.2211005905110959,0.7109549989818852,0.012929936305732132,0.0,0.0,0.015113023360723456,0.0,0.0,0.4875,0.0,0.0,0.5559712889431888,0.0,0.0,0.0,0.0
8421,35,1.1345714285714288,0.6857142857142992,1.2208442088091334,0.7107463295269245,0.011899910098891898,0.0,0.0,0.01509870109236361,0.0,0.0,0.5285714285714286,0.0,0.0,0.5557198205546493,0.0,0.0,0.0,0.0
8422,50,1.2544000000000002,0.6399999999999995,1.222333027429385,0.7106148669317912,0.011863060336674768,0.0,0.0,0.015080374687697419,0.0,0.0,0.6,0.0,0.0,0.5568216579993882,0.0,0.0,0.0,0.0
8423,50,1.1848000000000005,0.6800000000000237,1.2223145128414166,0.7102527517325802,0.013896317147547558,0.0,0.0,0.015063294636880132,0.0,0.0,0.51,0.0,0.0,0.5567672238075826,0.0,0.0,0.0,0.0
8424,40,1.1120000000000005,0.6999999999999962,1.2222468934609878,0.7112446526787611,0.016133478418570872,0.0,0.0,0.015058621862321825,0.0,0.0,0.46875,0.0,0.0,0.5561723365247505,0.0,0.0,0.0,0.0
8425,52,1.2113461538461543,0.6538461538461487,1.2222626920337756,0.7108556312951548,0.015248123940934178,0.0,0.0,0.015044613059197366,0.0,0.0,0.6490384615384616,0.0,0.0,0.5564909960321498,0.0,0.0,0.0,0.0
8426,52,1.2963461538461543,0.961538461538447,1.2226011795810432,0.71212121212122,0.015040160642570147,0.0,0.0,0.015046918920001361,0.0,0.0,0.5288461538461539,0.0,0.0,0.5562843197071385,0.0,0.0,0.0,0.0
8427,49,1.287346938775511,0.6938775510204175,1.2231348600508885,0.7123664122137486,0.016888888888889095,0.0,0.0,0.01504786471409526,0.0,0.0,0.5408163265306123,0.0,0.0,0.5560559796437659,0.0,0.0,0.0,0.0
8428,53,1.1003773584905665,0.5849056603773691,1.2207014333638284,0.7109891227000184,0.014904165601840432,0.0,0.0,0.015012883681794998,0.0,0.0,0.5613207547169812,0.0,0.0,0.5554538985463048,0.0,0.0,0.0,0.0
8429,41,1.1765853658536591,0.6341463414634317,1.220999389375125,0.7105638102992143,0.02207780320366155,0.0,0.0,0.015014247688270402,0.0,0.0,0.6341463414634146,0.0,0.0,0.5559230612660289,0.0,0.0,0.0,0.0
8430,49,1.061020408163266,0.6938775510204241,1.2201760635049845,0.7105638102992144,0.01408561365483593,0.0,0.0,0.014995416119998911,0.0,0.0,0.42346938775510207,0.0,0.0,0.5549307958477508,0.0,0.0,0.0,0.0
8431,53,1.3205660377358497,0.773584905660328,1.2206720211468054,0.7115697437983,0.015539520426286715,0.0,0.0,0.014970530329384566,0.0,0.0,0.5707547169811321,0.0,0.0,0.5545953639690931,0.0,0.0,0.0,0.0
8432,56,1.159285714285715,0.5000000000000199,1.2200304878048758,0.7108739837398452,0.015617031513109928,0.0,0.0,0.014942421436252892,0.0,0.0,0.625,0.0,0.0,0.5545985772357723,0.0,0.0,0.0,0.0
8433,37,1.4359459459459465,0.972972972972942,1.2209162090705692,0.71120601993086,0.014924157303370452,0.0,0.0,0.014931179597125864,0.0,0.0,0.5878378378378378,0.0,0.0,0.5553691275167785,0.0,0.0,0.0,0.0
8434,53,1.0426415094339627,0.6415094339622446,1.2196193666260635,0.7113276492082903,0.01725257571027158,0.0,0.0,0.014930755839311353,0.0,0.0,0.4811320754716981,0.0,0.0,0.5543544457978076,0.0,0.0,0.0,0.0
8435,50,1.1998000000000006,0.5600000000000294,1.2198366642994805,0.711575530080154,0.016156746566118502,0.0,0.0,0.014933887602714599,0.0,0.0,0.555,0.0,0.0,0.55394643400629,0.0,0.0,0.0,0.0
8436,43,1.276511627906977,0.46511627906974123,1.2204335905767647,0.7114134849715756,0.013593363051015099,0.0,0.0,0.014920641029301733,0.0,0.0,0.7906976744186046,0.0,0.0,0.5545288383428107,0.0,0.0,0.0,0.0
8437,53,1.2656603773584911,0.7735849056603338,1.22033171028606,0.7116047879894575,0.01531506849315074,0.0,0.0,0.014927595757247924,0.0,0.0,0.5660377358490566,0.0,0.0,0.5542199229052546,0.0,0.0,0.0,0.0
8438,50,0.9814000000000006,0.48000000000001697,1.218975164723769,0.7104916371008688,0.013865498728453189,0.0,0.0,0.014898905861465335,0.0,0.0,0.51,0.0,0.0,0.5537759756715661,0.0,0.0,0.0,0.0
8439,58,1.0615517241379315,0.6896551724137933,1.2187192716236699,0.7098634294385504,0.012170389405019702,0.0,0.0,0.014890040009047503,0.0,0.0,0.43103448275862066,0.0,0.0,0.5538694992412747,0.0,0.0,0.0,0.0
8440,51,1.1582352941176475,0.6274509803921643,1.2180516194331963,0.7084008097166062,0.013179384203480356,0.0,0.0,0.01486599499457709,0.0,0.0,0.5980392156862745,0.0,0.0,0.5543016194331983,0.0,0.0,0.0,0.0
8441,47,1.1504255319148942,0.7021276595744597,1.2178334852628359,0.7085992099665825,0.014977839335180357,0.0,0.0,0.014865582956037564,0.0,0.0,0.46808510638297873,0.0,0.0,0.5537324014990378,0.0,0.0,0.0,0.0
8442,50,0.9646000000000003,0.24000000000000174,1.2155178697985196,0.7059835982585874,0.013895131086142203,0.0,0.0,0.014847311865190761,0.0,0.0,0.67,0.0,0.0,0.5537612635415612,0.0,0.0,0.0,0.0
8443,42,1.1600000000000004,0.6666666666666838,1.2161076751495465,0.7066815370576974,0.013567251461989227,0.0,0.0,0.014831369949908732,0.0,0.0,0.5119047619047619,0.0,0.0,0.5540403528338234,0.0,0.0,0.0,0.0
8444,45,1.4197777777777785,0.8444444444444282,1.217534732785719,0.7084474191258562,0.01513622364368537,0.0,0.0,0.014824078349833235,0.0,0.0,0.6777777777777778,0.0,0.0,0.5545076564242978,0.0,0.0,0.0,0.0
8445,39,1.134358974358975,0.6666666666666785,1.2176232001622365,0.7083755830460422,0.023784946236559117,0.0,0.0,0.014847704752225058,0.0,0.0,0.44871794871794873,0.0,0.0,0.5544260799026567,0.0,0.0,0.0,0.0
8446,50,1.0478000000000005,0.6199999999999938,1.216911377002634,0.7080713851145881,0.013547970002585587,0.0,0.0,0.014828500541187091,0.0,0.0,0.49,0.0,0.0,0.5541218819712026,0.0,0.0,0.0,0.0
8447,45,0.9184444444444451,0.4444444444444465,1.2155734712503778,0.7057093601054725,0.016138227254978574,0.0,0.0,0.014837700638354004,0.0,0.0,0.42777777777777776,0.0,0.0,0.5542541324409289,0.0,0.0,0.0,0.0
8448,57,1.2789473684210533,0.5964912280701642,1.2156449488296663,0.7043266795014755,0.01579973992197644,0.0,0.0,0.01485544752574311,0.0,0.0,0.7192982456140351,0.0,0.0,0.5554514135170736,0.0,0.0,0.0,0.0
8449,40,1.3510000000000004,0.824999999999972,1.215735323989435,0.704346942920989,0.011367269667648018,0.0,0.0,0.014826132353688015,0.0,0.0,0.5875,0.0,0.0,0.5559364208815762,0.0,0.0,0.0,0.0
8450,44,1.2518181818181824,0.6818181818181669,1.2146464851686285,0.7028646891507571,0.020942965779467092,0.0,0.0,0.014840468114101918,0.0,0.0,0.5909090909090909,0.0,0.0,0.5559985778138968,0.0,0.0,0.0,0.0
8451,44,1.2115909090909094,0.7272727272727422,1.2161439902379476,0.7035794183445244,0.017347868532378078,0.0,0.0,0.014867585358121873,0.0,0.0,0.5738636363636364,0.0,0.0,0.5564368517388651,0.0,0.0,0.0,0.0
8452,51,1.1221568627450986,0.5098039215686091,1.2152225157488292,0.7019914651493653,0.01347856806406075,0.0,0.0,0.014861052953331469,0.0,0.0,0.5686274509803921,0.0,0.0,0.5564417801259907,0.0,0.0,0.0,0.0
8453,46,1.3550000000000009,0.8478260869565242,1.2157350401300393,0.7024281215076758,0.018391856004720614,0.0,0.0,0.014856924345209159,0.0,0.0,0.6032608695652174,0.0,0.0,0.5564106471604185,0.0,0.0,0.0,0.0
8454,60,0.8110000000000004,0.5666666666666699,1.2120010152284242,0.7009137055837619,0.009559921414538482,0.0,0.0,0.01479823534953371,0.0,0.0,0.30416666666666664,0.0,0.0,0.554517766497462,0.0,0.0,0.0,0.0
8455,58,1.3950000000000005,0.7931034482758753,1.2142431610942228,0.7017223910840988,0.01521150592216601,0.0,0.0,0.01482920757163684,0.0,0.0,0.603448275862069,0.0,0.0,0.5554711246200608,0.0,0.0,0.0,0.0
8456,55,1.314727272727273,0.7272727272727408,1.214178983599917,0.7013565499088942,0.01603325942350327,0.0,0.0,0.014828883141032975,0.0,0.0,0.7045454545454546,0.0,0.0,0.5558564486738206,0.0,0.0,0.0,0.0
8457,55,1.2587272727272734,0.7454545454545122,1.2149235752606518,0.7021965786010785,0.010725019364833109,0.0,0.0,0.0147985490252651,0.0,0.0,0.5454545454545454,0.0,0.0,0.5559773256402469,0.0,0.0,0.0,0.0
8458,57,1.2659649122807022,0.6842105263158201,1.2143379826157246,0.7005255710531694,0.015233270002110506,0.0,0.0,0.014799860558333343,0.0,0.0,0.5921052631578947,0.0,0.0,0.5564230846977967,0.0,0.0,0.0,0.0
8459,42,1.0928571428571434,0.47619047619047594,1.2131048427863693,0.6989182084723543,0.015340909090909292,0.0,0.0,0.01477576191936324,0.0,0.0,0.5833333333333334,0.0,0.0,0.5561874431301183,0.0,0.0,0.0,0.0
8460,46,1.2513043478260875,0.8695652173912712,1.214477763144563,0.7007395400668679,0.0145500505561171,0.0,0.0,0.014787374845657921,0.0,0.0,0.5434782608695652,0.0,0.0,0.5564532468848141,0.0,0.0,0.0,0.0
8461,52,1.052692307692308,0.4807692307692195,1.213920834176957,0.699939258959309,0.012768836015862324,0.0,0.0,0.01476554024684126,0.0,0.0,0.5576923076923077,0.0,0.0,0.5564132415468719,0.0,0.0,0.0,0.0
8462,43,1.3816279069767448,0.6976744186046476,1.2140253292806464,0.6983789260385057,0.0214167267483788,0.0,0.0,0.014766489085735525,0.0,0.0,0.6744186046511628,0.0,0.0,0.5574214792299899,0.0,0.0,0.0,0.0
8463,41,1.279756097560976,0.6585365853658622,1.213814548036926,0.6987927361266157,0.015169124024284648,0.0,0.0,0.014757227786274653,0.0,0.0,0.6402439024390244,0.0,0.0,0.5571421324946738,0.0,0.0,0.0,0.0
8464,47,1.2848936170212772,0.8297872340425856,1.213512581168829,0.6983563311688368,0.015307984790875195,0.0,0.0,0.014739225056872427,0.0,0.0,0.5319148936170213,0.0,0.0,0.5569957386363636,0.0,0.0,0.0,0.0
8465,48,0.9285416666666672,0.4583333333333202,1.2114943694836136,0.6960535659937156,0.017096279248177897,0.0,0.0,0.014729310361840536,0.0,0.0,0.53125,0.0,0.0,0.5570406817490109,0.0,0.0,0.0,0.0
8466,44,1.1852272727272735,0.6818181818182,1.2117155618718891,0.6947518018475336,0.01660299267749168,0.0,0.0,0.01473497291031709,0.0,0.0,0.5625,0.0,0.0,0.5582681961222211,0.0,0.0,0.0,0.0
8467,37,1.0237837837837842,0.48648648648649234,1.210971248603066,0.6936909478817488,0.01217614914818409,0.0,0.0,0.014714253441982298,0.0,0.0,0.5135135135135135,0.0,0.0,0.5581123641166311,0.0,0.0,0.0,0.0
8468,48,1.1943750000000006,0.6249999999999966,1.211755383990246,0.6930109711499444,0.021732373009855838,0.0,0.0,0.01475735794435308,0.0,0.0,0.5260416666666666,0.0,0.0,0.5585889882161723,0.0,0.0,0.0,0.0
8469,45,1.1344444444444446,0.5111111111111161,1.2114608341810762,0.6921668362156712,0.015858962410686482,0.0,0.0,0.014772134956342298,0.0,0.0,0.6333333333333333,0.0,0.0,0.5590793489318413,0.0,0.0,0.0,0.0
8470,48,0.9633333333333338,0.47916666666666236,1.2091539556640205,0.6901565995525776,0.015022742040286355,0.0,0.0,0.014750828668969125,0.0,0.0,0.4791666666666667,0.0,0.0,0.5579875940614195,0.0,0.0,0.0,0.0
8471,49,1.2124489795918374,0.9387755102041221,1.2087382987382966,0.6911884411884462,0.015105517416730824,0.0,0.0,0.014753910640544037,0.0,0.0,0.3877551020408163,0.0,0.0,0.5570563695563695,0.0,0.0,0.0,0.0
8472,45,0.9453333333333336,0.4888888888888873,1.208752035830617,0.6908591205211777,0.00958539882830026,0.0,0.0,0.014725067054547672,0.0,0.0,0.4888888888888889,0.0,0.0,0.5573849755700325,0.0,0.0,0.0,0.0
8473,47,1.2355319148936177,0.8510638297872035,1.208418263350997,0.6903791275988632,0.018107265357030857,0.0,0.0,0.014715098954914043,0.0,0.0,0.5,0.0,0.0,0.5576335099877701,0.0,0.0,0.0,0.0
8474,61,1.2650819672131153,0.7868852459016733,1.2088265825361266,0.6909220435579126,0.01756658320054694,0.0,0.0,0.014734399654648896,0.0,0.0,0.5204918032786885,0.0,0.0,0.5574750661510279,0.0,0.0,0.0,0.0
8475,49,1.467346938775511,0.6734693877551179,1.209534221499032,0.6905318824366979,0.01983995584988939,0.0,0.0,0.014752795915532147,0.0,0.0,0.7857142857142857,0.0,0.0,0.5582223126207668,0.0,0.0,0.0,0.0
8476,56,1.3466071428571436,0.7500000000000083,1.209349816849815,0.6902726902726956,0.01661013215859096,0.0,0.0,0.014742845022308779,0.0,0.0,0.6696428571428571,0.0,0.0,0.5585571835571835,0.0,0.0,0.0,0.0
8477,57,1.1331578947368426,0.350877192982452,1.2085393372636697,0.687131530798948,0.02629885993485388,0.0,0.0,0.0147696651685338,0.0,0.0,0.6929824561403509,0.0,0.0,0.5594378938808701,0.0,0.0,0.0,0.0
8478,44,1.2513636363636367,0.7045454545454629,1.2080455330826285,0.6869600569163582,0.0191646362687081,0.0,0.0,0.014796580566693817,0.0,0.0,0.6818181818181818,0.0,0.0,0.5599400345563573,0.0,0.0,0.0,0.0
8479,43,1.1523255813953492,0.6046511627906855,1.207619774183703,0.6869087580103802,0.013032614413466082,0.0,0.0,0.014780995043581914,0.0,0.0,0.6162790697674418,0.0,0.0,0.5600396704302716,0.0,0.0,0.0,0.0
8480,45,1.0753333333333337,0.62222222222221,1.2067962152813083,0.6862346118628595,0.01571103896103808,0.0,0.0,0.014773924675602937,0.0,0.0,0.4666666666666667,0.0,0.0,0.5595940583986163,0.0,0.0,0.0,0.0
8481,53,1.1962264150943402,0.5283018867924627,1.2092699317788393,0.6857753792892829,0.01346072186836532,0.0,0.0,0.014782621684059628,0.0,0.0,0.6037735849056604,0.0,0.0,0.5618827003360146,0.0,0.0,0.0,0.0
8482,52,1.4467307692307698,0.750000000000016,1.2111048879837047,0.6869653767820822,0.017950369840133533,0.0,0.0,0.014818892045454583,0.0,0.0,0.6730769230769231,0.0,0.0,0.562652749490835,0.0,0.0,0.0,0.0
8483,41,1.2431707317073175,0.7317073170731947,1.212169522643817,0.6876784985720162,0.016420747422680036,0.0,0.0,0.014844616378142031,0.0,0.0,0.6158536585365854,0.0,0.0,0.5634434924520604,0.0,0.0,0.0,0.0
8484,49,1.2906122448979596,0.6938775510204143,1.2145813763528672,0.6894016744945933,0.019943235572375036,0.0,0.0,0.014884285153014409,0.0,0.0,0.6530612244897959,0.0,0.0,0.5643250969981621,0.0,0.0,0.0,0.0
8485,53,1.4275471698113211,0.867924528301874,1.2172634479942823,0.6906195774216646,0.01935038363171357,0.0,0.0,0.014927400356990013,0.0,0.0,0.6650943396226415,0.0,0.0,0.5657088904766765,0.0,0.0,0.0,0.0
8486,48,1.4022916666666674,0.916666666666687,1.2179284984678227,0.6932584269662971,0.01705345832277718,0.0,0.0,0.014950916037521788,0.0,0.0,0.5572916666666666,0.0,0.0,0.5647854954034729,0.0,0.0,0.0,0.0
8487,37,1.1002702702702705,0.5405405405405065,1.2166598402621325,0.6922998156870823,0.011113841113840985,0.0,0.0,0.014930611403755723,0.0,0.0,0.6216216216216216,0.0,0.0,0.5648679090722917,0.0,0.0,0.0,0.0
8488,47,1.1434042553191495,0.5531914893617068,1.2169767679868984,0.6921502405076293,0.020645409143296184,0.0,0.0,0.014964260185847077,0.0,0.0,0.5531914893617021,0.0,0.0,0.564937058642923,0.0,0.0,0.0,0.0
8489,49,1.1642857142857146,0.5714285714285632,1.2175818330605548,0.6924099836333925,0.011522924661683982,0.0,0.0,0.014961681609812365,0.0,0.0,0.6224489795918368,0.0,0.0,0.5655175941080196,0.0,0.0,0.0,0.0
8490,61,1.1403278688524592,0.606557377049223,1.2171995094031054,0.6921504497138233,0.012910170749814733,0.0,0.0,0.01496344917185804,0.0,0.0,0.5573770491803278,0.0,0.0,0.5656684382665577,0.0,0.0,0.0,0.0
8491,44,1.361363636363637,1.0909090909090888,1.218709875281127,0.6941320793293854,0.01706066647678742,0.0,0.0,0.014990481172337353,0.0,0.0,0.4431818181818182,0.0,0.0,0.5657840932324678,0.0,0.0,0.0,0.0
8492,53,1.0422641509433967,0.716981132075501,1.2173225773511676,0.6935566220769988,0.01270177052195953,0.0,0.0,0.014952932012628444,0.0,0.0,0.39622641509433965,0.0,0.0,0.5650975186357602,0.0,0.0,0.0,0.0
8493,44,1.0184090909090913,0.6818181818181623,1.215459001327477,0.6924333707750483,0.011416560509553928,0.0,0.0,0.014914962214478467,0.0,0.0,0.4147727272727273,0.0,0.0,0.5639487388951292,0.0,0.0,0.0,0.0
8494,56,1.347857142857143,0.85714285714279,1.2162848107722108,0.6939712332959344,0.015123221799238331,0.0,0.0,0.014899244993489649,0.0,0.0,0.6116071428571429,0.0,0.0,0.5636539834744466,0.0,0.0,0.0,0.0
8495,52,1.2001923076923082,0.6538461538461564,1.2165040816326513,0.6935714285714332,0.015924980862463873,0.0,0.0,0.014907243462777386,0.0,0.0,0.625,0.0,0.0,0.5640306122448979,0.0,0.0,0.0,0.0
8496,49,1.0861224489795922,0.48979591836732517,1.2154247498468431,0.6923626710230798,0.010614280015955692,0.0,0.0,0.014874203895274704,0.0,0.0,0.5510204081632653,0.0,0.0,0.5637635286910353,0.0,0.0,0.0,0.0
8497,55,0.9754545454545458,0.7999999999999536,1.2142816355664303,0.6934842459467769,0.012274079158087191,0.0,0.0,0.014856623155625519,0.0,0.0,0.2772727272727273,0.0,0.0,0.5619200571020699,0.0,0.0,0.0,0.0
8498,43,1.2730232558139543,0.8139534883720914,1.2141960824321547,0.6938379922464845,0.01777849951282835,0.0,0.0,0.014861574347518293,0.0,0.0,0.5116279069767442,0.0,0.0,0.5615180575392777,0.0,0.0,0.0,0.0
8499,56,1.2258928571428576,0.7499999999999583,1.214551197147222,0.6943453897096318,0.014992356409695994,0.0,0.0,0.01487571768528794,0.0,0.0,0.6026785714285714,0.0,0.0,0.5619714722363729,0.0,0.0,0.0,0.0
8500,46,1.1830434782608703,0.8260869565217213,1.2142548199530738,0.6945832908293416,0.020185459940652618,0.0,0.0,0.014914653231374166,0.0,0.0,0.4891304347826087,0.0,0.0,0.5618943180658982,0.0,0.0,0.0,0.0
8501,39,1.360256410256411,0.5897435897435924,1.2130595566452123,0.6922055368270545,0.016388631448872943,0.0,0.0,0.014905755113927392,0.0,0.0,0.7435897435897436,0.0,0.0,0.5621871488405353,0.0,0.0,0.0,0.0
8502,59,1.219152542372882,0.542372881355906,1.2143977562468111,0.6920958694543636,0.01591371681415978,0.0,0.0,0.014922219339832536,0.0,0.0,0.6694915254237288,0.0,0.0,0.5635135135135135,0.0,0.0,0.0,0.0
8503,41,0.9346341463414639,0.4878048780487755,1.2117977528089872,0.6902962206333031,0.017940074906367637,0.0,0.0,0.014915493329611888,0.0,0.0,0.40853658536585363,0.0,0.0,0.5622829417773239,0.0,0.0,0.0,0.0
8504,39,1.095641025641026,0.7179487179487164,1.2103553558664335,0.689880526906978,0.013245505269684018,0.0,0.0,0.014899794472762974,0.0,0.0,0.46153846153846156,0.0,0.0,0.5612937812723374,0.0,0.0,0.0,0.0
8505,49,1.0930612244897961,0.4693877551020502,1.2092067381316982,0.6888208269525306,0.019197132616487367,0.0,0.0,0.014897271516381889,0.0,0.0,0.6224489795918368,0.0,0.0,0.5612302194997447,0.0,0.0,0.0,0.0
8506,55,1.022363636363637,0.3999999999999679,1.2080138874706405,0.6866128867558492,0.011951115834218665,0.0,0.0,0.014881071731815503,0.0,0.0,0.6272727272727273,0.0,0.0,0.5618298784846318,0.0,0.0,0.0,0.0
8507,40,1.4382500000000005,0.6249999999999817,1.208866884442628,0.6858922008983289,0.01745978755690475,0.0,0.0,0.014893237583791368,0.0,0.0,0.7875,0.0,0.0,0.5631380155165374,0.0,0.0,0.0,0.0
8508,43,1.0362790697674422,0.5581395348837267,1.2081593462717042,0.6859039836567957,0.012964794879254015,0.0,0.0,0.014890273133787244,0.0,0.0,0.5348837209302325,0.0,0.0,0.5629213483146067,0.0,0.0,0.0,0.0
8509,37,1.1494594594594598,0.6216216216215954,1.2084193284193272,0.6857084357084386,0.011781163434902587,0.0,0.0,0.014915590060856057,0.0,0.0,0.5675675675675675,0.0,0.0,0.5633190008190008,0.0,0.0,0.0,0.0
8510,49,1.0695918367346944,0.7346938775509811,1.2079649912990058,0.6870713481420847,0.012705454545453533,0.0,0.0,0.014918125217281395,0.0,0.0,0.4387755102040816,0.0,0.0,0.5623656464325929,0.0,0.0,0.0,0.0
8511,58,1.2744827586206904,0.48275862068965225,1.208509920229084,0.6862344037635534,0.016849783451105868,0.0,0.0,0.014936452380681543,0.0,0.0,0.6810344827586207,0.0,0.0,0.5627684598077316,0.0,0.0,0.0,0.0
8512,42,1.2435714285714292,0.761904761904759,1.2079428922321138,0.6869307133353829,0.018192267502611437,0.0,0.0,0.014965612645214316,0.0,0.0,0.5714285714285714,0.0,0.0,0.5621481936342237,0.0,0.0,0.0,0.0
8513,44,1.0863636363636366,0.5909090909090725,1.2094095978716857,0.6869947815409829,0.013835021707670746,0.0,0.0,0.014993885514504798,0.0,0.0,0.5511363636363636,0.0,0.0,0.5635424127698762,0.0,0.0,0.0,0.0
8514,44,1.0597727272727278,0.40909090909090207,1.208416470347228,0.686366895421492,0.01951862704060233,0.0,0.0,0.014995519559505986,0.0,0.0,0.6875,0.0,0.0,0.5636331045785107,0.0,0.0,0.0,0.0
8515,38,1.242368421052632,0.6842105263158165,1.2088332478193928,0.6874294510005158,0.015736666666665584,0.0,0.0,0.015013145971903443,0.0,0.0,0.5394736842105263,0.0,0.0,0.5633401744484351,0.0,0.0,0.0,0.0
8516,61,1.0944262295081972,0.6229508196721752,1.2080364828858356,0.6867185898749772,0.01432310662947905,0.0,0.0,0.015004123963281468,0.0,0.0,0.47540983606557374,0.0,0.0,0.56282025005124,0.0,0.0,0.0,0.0
8517,53,1.2594339622641515,0.7924528301887077,1.2095206391478013,0.6886203011369487,0.01739187076602462,0.0,0.0,0.015034465109646683,0.0,0.0,0.5188679245283019,0.0,0.0,0.5623783673051316,0.0,0.0,0.0,0.0
8518,47,1.2265957446808515,0.5957446808510529,1.2078977563774187,0.6877369122016215,0.021280915466962227,0.0,0.0,0.015044315200636997,0.0,0.0,0.601063829787234,0.0,0.0,0.5615459481610491,0.0,0.0,0.0,0.0
8519,48,1.212916666666667,0.5625000000000188,1.2093509023789974,0.6872436423297814,0.015546061415219657,0.0,0.0,0.015051963881178028,0.0,0.0,0.6458333333333334,0.0,0.0,0.5629358080393765,0.0,0.0,0.0,0.0
8520,50,1.2414000000000005,0.699999999999988,1.2108744233726279,0.6875448487954922,0.017189144281362218,0.0,0.0,0.015064833697452967,0.0,0.0,0.62,0.0,0.0,0.5642491030240903,0.0,0.0,0.0,0.0
8521,54,1.015370370370371,0.6296296296296193,1.2092700205338793,0.6870636550308036,0.016680864009734894,0.0,0.0,0.01505066600560203,0.0,0.0,0.38425925925925924,0.0,0.0,0.5630390143737166,0.0,0.0,0.0,0.0
8522,56,1.2483928571428575,0.714285714285699,1.2096529417804687,0.6868261628503979,0.01760957178841298,0.0,0.0,0.015082448463309169,0.0,0.0,0.5892857142857143,0.0,0.0,0.5633535270561659,0.0,0.0,0.0,0.0
8523,39,1.3948717948717955,0.8205128205128411,1.2101243193260027,0.6872495633412128,0.018981158408931522,0.0,0.0,0.015094818891239916,0.0,0.0,0.6666666666666666,0.0,0.0,0.5634953251823692,0.0,0.0,0.0,0.0
8524,47,0.9144680851063833,0.5744680851063809,1.208588005750666,0.6861778599301732,0.01724719101123597,0.0,0.0,0.01511049227221723,0.0,0.0,0.4095744680851064,0.0,0.0,0.56297494352023,0.0,0.0,0.0,0.0
8525,48,1.0670833333333338,0.24999999999999623,1.2089516377451466,0.6842591641852374,0.014530496453900869,0.0,0.0,0.01511430097202041,0.0,0.0,0.6979166666666666,0.0,0.0,0.564328986548927,0.0,0.0,0.0,0.0
8526,61,1.3373770491803285,0.7540983606557301,1.209738166136152,0.6851832837046951,0.016960498960498584,0.0,0.0,0.015111214859772574,0.0,0.0,0.5819672131147541,0.0,0.0,0.5639696067358045,0.0,0.0,0.0,0.0
8527,33,1.3248484848484852,0.969696969696971,1.2094466728375999,0.6855908670163555,0.01814107883817349,0.0,0.0,0.01510181358661732,0.0,0.0,0.45454545454545453,0.0,0.0,0.5632520826905276,0.0,0.0,0.0,0.0
8528,50,1.1714000000000004,0.7000000000000063,1.2088031285376128,0.6851909025419392,0.015276473656756278,0.0,0.0,0.015096677839927616,0.0,0.0,0.46,0.0,0.0,0.5627765771328599,0.0,0.0,0.0,0.0
8529,51,1.0370588235294123,0.5882352941176319,1.2087466584412898,0.6855850298169877,0.0160369921164345,0.0,0.0,0.015121927062431187,0.0,0.0,0.5882352941176471,0.0,0.0,0.5633867982726712,0.0,0.0,0.0,0.0
8530,44,1.142954545454546,0.4999999999999982,1.2092192161300261,0.6851147001337332,0.01394620077648333,0.0,0.0,0.015126716339162776,0.0,0.0,0.6079545454545454,0.0,0.0,0.5641652093406028,0.0,0.0,0.0,0.0
8531,33,1.284545454545455,0.5454545454545386,1.2098290598290582,0.6849963958397716,0.022334035827187054,0.0,0.0,0.015149403173874535,0.0,0.0,0.7727272727272727,0.0,0.0,0.5651065801668211,0.0,0.0,0.0,0.0
8532,53,1.1616981132075477,0.9811320754716609,1.2105609304240412,0.6876286537669845,0.013594612497239726,0.0,0.0,0.015149318900761474,0.0,0.0,0.36792452830188677,0.0,0.0,0.5646613832853026,0.0,0.0,0.0,0.0
8533,51,1.3052941176470592,0.7058823529412,1.2100071979434432,0.6866838046272515,0.017463273871983005,0.0,0.0,0.015150971260675371,0.0,0.0,0.6078431372549019,0.0,0.0,0.5645501285347043,0.0,0.0,0.0,0.0
8534,44,0.9881818181818186,0.7727272727272624,1.2089014722536788,0.6863996705446326,0.02345199568500552,0.0,0.0,0.015177267562924847,0.0,0.0,0.39204545454545453,0.0,0.0,0.5639864099660249,0.0,0.0,0.0,0.0
8535,50,1.1766000000000005,0.599999999999984,1.2076792336217534,0.6847960444993831,0.020913615357270092,0.0,0.0,0.01519307948792046,0.0,0.0,0.595,0.0,0.0,0.5639421096003296,0.0,0.0,0.0,0.0
8536,53,1.163396226415095,0.7924528301886968,1.2077632392334618,0.685864413764683,0.01741316012425946,0.0,0.0,0.015194136753776325,0.0,0.0,0.4386792452830189,0.0,0.0,0.5631568102204821,0.0,0.0,0.0,0.0
8537,52,1.4067307692307698,0.9423076923077015,1.2080976916735346,0.6876545754328128,0.01448228073648826,0.0,0.0,0.015183109645618047,0.0,0.0,0.5625,0.0,0.0,0.562242374278648,0.0,0.0,0.0,0.0
8538,43,1.4239534883720935,1.116279069767426,1.2087640449438182,0.6891042160602011,0.017189781021897603,0.0,0.0,0.015202755788114426,0.0,0.0,0.5232558139534884,0.0,0.0,0.5622100814349036,0.0,0.0,0.0,0.0
8539,53,1.0594339622641515,0.6981132075471482,1.2086498455200803,0.689392378990732,0.01658788774002995,0.0,0.0,0.015219151560107006,0.0,0.0,0.419811320754717,0.0,0.0,0.5619721936148301,0.0,0.0,0.0,0.0
8540,51,1.0907843137254905,0.5098039215686253,1.2082751518896075,0.6887035320770271,0.014133638211381869,0.0,0.0,0.015223126942857289,0.0,0.0,0.6323529411764706,0.0,0.0,0.5624034599938215,0.0,0.0,0.0,0.0
8541,42,1.0452380952380957,0.7142857142857034,1.2073219255746812,0.6901350376249881,0.017175273865415258,0.0,0.0,0.015218376556468134,0.0,0.0,0.4642857142857143,0.0,0.0,0.5611277187918772,0.0,0.0,0.0,0.0
8542,46,1.0158695652173917,0.6086956521739244,1.2064187725631752,0.6895306859205786,0.017707464948844603,0.0,0.0,0.015207664533006718,0.0,0.0,0.5217391304347826,0.0,0.0,0.5606498194945848,0.0,0.0,0.0,0.0
8543,58,1.1034482758620694,0.6206896551723871,1.2055586448357514,0.689218412109979,0.016597510373443945,0.0,0.0,0.015216006259431059,0.0,0.0,0.46120689655172414,0.0,0.0,0.5595458758109361,0.0,0.0,0.0,0.0
8544,46,1.4415217391304351,0.9565217391304303,1.2053572899505747,0.6891474464579913,0.01558035714285774,0.0,0.0,0.015206513126274638,0.0,0.0,0.592391304347826,0.0,0.0,0.5595140032948929,0.0,0.0,0.0,0.0
8545,52,0.900192307692308,0.6346153846153696,1.2039180564134222,0.6881820053530997,0.015173419773096613,0.0,0.0,0.015229823985664661,0.0,0.0,0.4375,0.0,0.0,0.5591671813876878,0.0,0.0,0.0,0.0
8546,52,1.0269230769230775,0.8076923076923285,1.2015413108344462,0.6872106183763775,0.014130722413337488,0.0,0.0,0.015195826599313473,0.0,0.0,0.36538461538461536,0.0,0.0,0.5577219878588332,0.0,0.0,0.0,0.0
8547,52,1.357307692307693,0.7307692307692375,1.201735868448097,0.6868448098663936,0.01659534446273194,0.0,0.0,0.015195241127470742,0.0,0.0,0.6538461538461539,0.0,0.0,0.5580421377183967,0.0,0.0,0.0,0.0
8548,45,1.2862222222222226,0.6666666666666718,1.2029293344289218,0.6880649137222689,0.013850203397942545,0.0,0.0,0.015194811429075578,0.0,0.0,0.6666666666666666,0.0,0.0,0.5585199260476582,0.0,0.0,0.0,0.0
8549,57,1.2936842105263162,0.8947368421053122,1.203566807024749,0.688713156002877,0.019606487636267215,0.0,0.0,0.01520105273807889,0.0,0.0,0.543859649122807,0.0,0.0,0.5586936428057924,0.0,0.0,0.0,0.0
8550,52,1.3603846153846157,0.8076923076923261,1.2048737166324417,0.6889117043121162,0.018739072847682694,0.0,0.0,0.01521932588932552,0.0,0.0,0.625,0.0,0.0,0.5597535934291581,0.0,0.0,0.0,0.0
8551,50,1.1780000000000004,0.759999999999957,1.2043090349075958,0.688911704312116,0.01732862606648975,0.0,0.0,0.015212252313941249,0.0,0.0,0.5,0.0,0.0,0.5594969199178644,0.0,0.0,0.0,0.0
8552,50,1.5278000000000005,1.0200000000000184,1.2052273893850716,0.6903808643876408,0.02033812566560197,0.0,0.0,0.015227252092753012,0.0,0.0,0.62,0.0,0.0,0.5592341648701366,0.0,0.0,0.0,0.0
8553,44,0.7950000000000006,0.27272727272727587,1.2022498459009638,0.6884117526196843,0.013992000000000155,0.0,0.0,0.015222073938797985,0.0,0.0,0.4602272727272727,0.0,0.0,0.5577614546948839,0.0,0.0,0.0,0.0
8554,52,1.0525000000000004,0.346153846153837,1.2013920279432897,0.6865625642079314,0.013692769577183262,0.0,0.0,0.015210817124469008,0.0,0.0,0.625,0.0,0.0,0.5578128210396548,0.0,0.0,0.0,0.0
8555,50,1.2914000000000003,0.8199999999999987,1.2003188644311853,0.6863814030034975,0.019602307225259304,0.0,0.0,0.015206937892569546,0.0,0.0,0.52,0.0,0.0,0.5569584447644518,0.0,0.0,0.0,0.0
8556,53,1.0422641509433967,0.5660377358491084,1.1994504930156102,0.6852917009038625,0.013090047393364074,0.0,0.0,0.015188170294897255,0.0,0.0,0.5283018867924528,0.0,0.0,0.5569792522596549,0.0,0.0,0.0,0.0
8557,51,1.2852941176470594,0.7254901960784055,1.19923053215533,0.6855352373125131,0.014200606585788922,0.0,0.0,0.015155005900597346,0.0,0.0,0.6666666666666666,0.0,0.0,0.557196424902404,0.0,0.0,0.0,0.0
8558,52,1.1475000000000006,0.7692307692307787,1.198296714579054,0.6851129363449696,0.023801356202632646,0.0,0.0,0.015184297144343996,0.0,0.0,0.4855769230769231,0.0,0.0,0.5568788501026694,0.0,0.0,0.0,0.0
8559,34,1.187352941176471,0.7647058823529614,1.1984516460905335,0.6858024691358026,0.015641224331654362,0.0,0.0,0.015176776526901815,0.0,0.0,0.5441176470588235,0.0,0.0,0.5570730452674897,0.0,0.0,0.0,0.0
8560,45,1.150222222222223,0.7555555555555554,1.1975839340885668,0.6860968074150363,0.023420814479638324,0.0,0.0,0.015171513114634343,0.0,0.0,0.43333333333333335,0.0,0.0,0.5560247167868178,0.0,0.0,0.0,0.0
8561,51,1.1713725490196083,0.5686274509804289,1.1980465451549775,0.6864380599320361,0.017305909617613024,0.0,0.0,0.015180362734864315,0.0,0.0,0.5980392156862745,0.0,0.0,0.5560189475852126,0.0,0.0,0.0,0.0
8562,36,1.4641666666666673,0.7777777777777833,1.1988285036609247,0.6873259771063218,0.013926023778070548,0.0,0.0,0.01516676864788561,0.0,0.0,0.625,0.0,0.0,0.5558935753325771,0.0,0.0,0.0,0.0
8563,48,1.3122916666666673,0.8749999999999871,1.200169072164947,0.6883505154639179,0.02263384836507426,0.0,0.0,0.015212679628727022,0.0,0.0,0.546875,0.0,0.0,0.5563144329896907,0.0,0.0,0.0,0.0
8564,49,1.1902040816326536,0.4081632653061189,1.1999031427099418,0.6875837197320972,0.015934426229508223,0.0,0.0,0.015209198873127602,0.0,0.0,0.6785714285714286,0.0,0.0,0.5566202988150438,0.0,0.0,0.0,0.0
8565,56,1.2487500000000007,0.8571428571429127,1.199911413267407,0.6879892871858266,0.021717391304347647,0.0,0.0,0.01522792724838848,0.0,0.0,0.5,0.0,0.0,0.5566543057272353,0.0,0.0,0.0,0.0
8566,46,1.4002173913043483,0.9130434782608868,1.20070994332818,0.6892323544564661,0.022043121149897878,0.0,0.0,0.015227062167194808,0.0,0.0,0.5760869565217391,0.0,0.0,0.5561051004636786,0.0,0.0,0.0,0.0
8567,44,1.0620454545454552,0.49999999999999734,1.2002153751030489,0.6888911788953013,0.015660187667560242,0.0,0.0,0.015223538607530413,0.0,0.0,0.5340909090909091,0.0,0.0,0.5556471558120363,0.0,0.0,0.0,0.0
8568,59,1.0849152542372886,0.6440677966101528,1.1990656227464702,0.6880601627691357,0.014735267034990257,0.0,0.0,0.015242565874854477,0.0,0.0,0.5042372881355932,0.0,0.0,0.555449675491913,0.0,0.0,0.0,0.0
8569,45,1.257333333333334,0.7555555555555391,1.2007219361482995,0.6872296601441809,0.022814516129031952,0.0,0.0,0.015279123223618341,0.0,0.0,0.5888888888888889,0.0,0.0,0.5574407826982493,0.0,0.0,0.0,0.0
8570,48,1.1891666666666671,0.9375000000000192,1.2003144654088034,0.6886276935766571,0.014756980351603177,0.0,0.0,0.01528646404378272,0.0,0.0,0.375,0.0,0.0,0.5558047221363027,0.0,0.0,0.0,0.0
8571,53,1.0607547169811324,0.41509433962265585,1.1992888064316622,0.6867656153370437,0.013715540375700747,0.0,0.0,0.01529131763833875,0.0,0.0,0.6509433962264151,0.0,0.0,0.5565605029890744,0.0,0.0,0.0,0.0
8572,49,1.515102040816327,1.0408163265306118,1.200216450216449,0.6878994021851162,0.016245076586433153,0.0,0.0,0.015293939951141344,0.0,0.0,0.5918367346938775,0.0,0.0,0.5562512883941455,0.0,0.0,0.0,0.0
8573,49,0.9842857142857147,0.6938775510204269,1.198437628653766,0.6869081926718813,0.013907151095732857,0.0,0.0,0.01529785036930765,0.0,0.0,0.41836734693877553,0.0,0.0,0.5552953890489913,0.0,0.0,0.0,0.0
8574,55,1.0421818181818185,0.509090909090914,1.197889483432804,0.6867668244494753,0.015984383714445764,0.0,0.0,0.015303470696729122,0.0,0.0,0.5409090909090909,0.0,0.0,0.5552068326816217,0.0,0.0,0.0,0.0
8575,65,1.247538461538462,0.5538461538461656,1.1981568667763145,0.6864720394736842,0.020216903515332906,0.0,0.0,0.015312150225169595,0.0,0.0,0.6923076923076923,0.0,0.0,0.5557411595394737,0.0,0.0,0.0,0.0
8576,36,1.5063888888888894,0.7777777777777923,1.197689378344997,0.6858789625360233,0.022474098632407503,0.0,0.0,0.015315644351436898,0.0,0.0,0.7777777777777778,0.0,0.0,0.5560415808974887,0.0,0.0,0.0,0.0
8577,47,1.2142553191489367,0.7872340425531906,1.1974495677233419,0.685981885549609,0.019537829510441734,0.0,0.0,0.015338680715410112,0.0,0.0,0.5851063829787234,0.0,0.0,0.5560415808974887,0.0,0.0,0.0,0.0
8578,54,1.1248148148148156,0.481481481481489,1.195946946329425,0.6830146000411274,0.016947544642856312,0.0,0.0,0.015359378218637594,0.0,0.0,0.5740740740740741,0.0,0.0,0.5562410034957845,0.0,0.0,0.0,0.0
8579,54,1.2142592592592596,0.8518518518518994,1.1949655739389569,0.6838968245812358,0.015637968041975495,0.0,0.0,0.01536807784871942,0.0,0.0,0.5185185185185185,0.0,0.0,0.5554156818415373,0.0,0.0,0.0,0.0
8580,43,1.2381395348837214,0.7441860465116349,1.194967030702657,0.6854522975479093,0.025682585624698145,0.0,0.0,0.015394759197022554,0.0,0.0,0.5813953488372093,0.0,0.0,0.5549402431485679,0.0,0.0,0.0,0.0
8581,32,1.0890625000000003,0.5937500000000104,1.19418016716541,0.6845526777422356,0.007696554770317866,0.0,0.0,0.0153479100991869,0.0,0.0,0.515625,0.0,0.0,0.5548189041378598,0.0,0.0,0.0,0.0
8582,57,1.2456140350877198,0.8070175438596331,1.1941974417165244,0.6835155766453483,0.01772784019974969,0.0,0.0,0.01537372063282112,0.0,0.0,0.5570175438596491,0.0,0.0,0.5558077161130597,0.0,0.0,0.0,0.0
8583,68,1.2000000000000006,0.676470588235271,1.193880489560834,0.6831224930576986,0.019873356064295893,0.0,0.0,0.015406453188436763,0.0,0.0,0.6029411764705882,0.0,0.0,0.5559498097295074,0.0,0.0,0.0,0.0
8584,54,1.200555555555556,0.6851851851851902,1.1933672525439398,0.6830095590502624,0.018928467153285583,0.0,0.0,0.015412156071996058,0.0,0.0,0.5694444444444444,0.0,0.0,0.5559666975023126,0.0,0.0,0.0,0.0
8585,53,1.1822641509433967,0.6981132075472024,1.1924214417744907,0.6824810022591913,0.017680586907449513,0.0,0.0,0.015431148013730396,0.0,0.0,0.5141509433962265,0.0,0.0,0.5555042103101253,0.0,0.0,0.0,0.0
8586,41,1.1478048780487808,0.6341463414634144,1.1920946015424152,0.6822622107969158,0.014226118500604134,0.0,0.0,0.015453846225624084,0.0,0.0,0.5,0.0,0.0,0.5555269922879177,0.0,0.0,0.0,0.0
8587,44,1.5431818181818189,0.909090909090912,1.1965301923670393,0.6841888694578755,0.023486682808716804,0.0,0.0,0.015518951942692533,0.0,0.0,0.7159090909090909,0.0,0.0,0.5580187223536673,0.0,0.0,0.0,0.0
8588,45,1.1922222222222227,0.7333333333333287,1.1953888946121345,0.683836406716803,0.015465552032285935,0.0,0.0,0.015540311780146773,0.0,0.0,0.5388888888888889,0.0,0.0,0.5578963634490574,0.0,0.0,0.0,0.0
8589,51,1.0913725490196085,0.5882352941176651,1.193699505358614,0.6833264633140979,0.01873443285089243,0.0,0.0,0.015560525827953342,0.0,0.0,0.553921568627451,0.0,0.0,0.5575020610057708,0.0,0.0,0.0,0.0
8590,51,1.421568627450981,0.9411764705882713,1.1949299691040154,0.6849639546858918,0.018584978210715586,0.0,0.0,0.015581801041045548,0.0,0.0,0.5441176470588235,0.0,0.0,0.557389289392379,0.0,0.0,0.0,0.0
8591,53,1.2639622641509438,0.4905660377358425,1.195687988482105,0.6831550802139045,0.016165540540541114,0.0,0.0,0.015598894501351676,0.0,0.0,0.7216981132075472,0.0,0.0,0.5590806252570959,0.0,0.0,0.0,0.0
8592,50,1.4412000000000007,0.8399999999999678,1.196727291409781,0.6844430743937532,0.015563714902807791,0.0,0.0,0.015597633278736592,0.0,0.0,0.65,0.0,0.0,0.5592375667899713,0.0,0.0,0.0,0.0
8593,55,1.2530909090909097,0.6545454545454709,1.196769893355208,0.6834495488105012,0.016683611716291402,0.0,0.0,0.015593072239657849,0.0,0.0,0.5818181818181818,0.0,0.0,0.5596800656275636,0.0,0.0,0.0,0.0
8594,45,1.1500000000000006,0.8888888888888862,1.1966577732170331,0.6839404822986155,0.01582568807339483,0.0,0.0,0.015621389838500518,0.0,0.0,0.4222222222222222,0.0,0.0,0.559569009748589,0.0,0.0,0.0,0.0
8595,58,1.0803448275862073,0.5344827586207005,1.1934506825413105,0.6813096582161561,0.014901307966706134,0.0,0.0,0.015551140611437796,0.0,0.0,0.5129310344827587,0.0,0.0,0.5585292004516063,0.0,0.0,0.0,0.0
8596,63,1.1750793650793658,0.8571428571428261,1.1938035238680587,0.6820323704158991,0.024272131147540215,0.0,0.0,0.01560026130037092,0.0,0.0,0.4722222222222222,0.0,0.0,0.5586457693095677,0.0,0.0,0.0,0.0
8597,50,1.3498000000000008,0.5599999999999958,1.194386144701782,0.6805697888911671,0.01747540134645372,0.0,0.0,0.015617116785142398,0.0,0.0,0.685,0.0,0.0,0.5596689895470384,0.0,0.0,0.0,0.0
8598,50,1.0046000000000006,0.5800000000000078,1.193860116911085,0.6803404778997033,0.01293920659453891,0.0,0.0,0.015628421682897412,0.0,0.0,0.42,0.0,0.0,0.559147779714901,0.0,0.0,0.0,0.0
8599,50,1.3282000000000007,0.8400000000000066,1.1937180670975673,0.682261208576999,0.020271672771673035,0.0,0.0,0.015656324807141374,0.0,0.0,0.58,0.0,0.0,0.5580435005642762,0.0,0.0,0.0,0.0
8600,47,1.0046808510638303,0.6382978723404253,1.19266543551862,0.6814404432132973,0.013549497847920011,0.0,0.0,0.015637574052053002,0.0,0.0,0.4574468085106383,0.0,0.0,0.5573509797886529,0.0,0.0,0.0,0.0
8601,48,0.891666666666667,0.416666666666665,1.1911180698151942,0.6802874743326496,0.012242562929061358,0.0,0.0,0.015641945230560964,0.0,0.0,0.4739583333333333,0.0,0.0,0.5567505133470226,0.0,0.0,0.0,0.0
8602,48,1.1575000000000004,0.500000000000009,1.1905329766436865,0.6792879925918311,0.015910652920962366,0.0,0.0,0.01566948978099421,0.0,0.0,0.6041666666666666,0.0,0.0,0.5571303632060912,0.0,0.0,0.0,0.0
8603,50,1.0968000000000007,0.5999999999999927,1.1900051429746956,0.6790783789343764,0.017759067357513796,0.0,0.0,0.015692325846994374,0.0,0.0,0.545,0.0,0.0,0.556778440650072,0.0,0.0,0.0,0.0
8604,43,1.1023255813953492,0.6976744186046456,1.1889504013171424,0.6781230705906575,0.013203342618384009,0.0,0.0,0.01566043234114532,0.0,0.0,0.4883720930232558,0.0,0.0,0.5565960074089319,0.0,0.0,0.0,0.0
8605,41,1.4931707317073175,1.0243902439024617,1.1911381443298958,0.6802061855670112,0.01632968791677874,0.0,0.0,0.015707430075396486,0.0,0.0,0.6097560975609756,0.0,0.0,0.5571649484536082,0.0,0.0,0.0,0.0
8606,48,1.3570833333333336,0.645833333333326,1.191801709049726,0.681046020796871,0.016309464196293186,0.0,0.0,0.015715557981137468,0.0,0.0,0.7552083333333334,0.0,0.0,0.5576289508905591,0.0,0.0,0.0,0.0
8607,52,1.4150000000000005,0.9230769230769161,1.1933916984241413,0.6831805541250394,0.020076398362892683,0.0,0.0,0.01574436455987922,0.0,0.0,0.6153846153846154,0.0,0.0,0.5575496961582037,0.0,0.0,0.0,0.0
8608,43,0.9530232558139541,0.558139534883749,1.1922413260578595,0.6824873880366527,0.014542228530872312,0.0,0.0,0.015761625999882935,0.0,0.0,0.47093023255813954,0.0,0.0,0.5572428703799033,0.0,0.0,0.0,0.0
8609,54,1.109444444444445,0.6296296296296643,1.1914516460905338,0.6820987654320997,0.01288387096774196,0.0,0.0,0.01573352117880732,0.0,0.0,0.5555555555555556,0.0,0.0,0.5572530864197531,0.0,0.0,0.0,0.0
8610,53,1.3379245283018875,0.7924528301886666,1.1931396544631827,0.6835664335664344,0.017530284301606816,0.0,0.0,0.015759598039641824,0.0,0.0,0.5943396226415094,0.0,0.0,0.557743726861374,0.0,0.0,0.0,0.0
8611,51,1.6452941176470592,0.8039215686274309,1.194424678663238,0.6843187660668388,0.021576240678836858,0.0,0.0,0.01579529368570631,0.0,0.0,0.7941176470588235,0.0,0.0,0.5578406169665809,0.0,0.0,0.0,0.0
8612,52,0.9594230769230772,0.5576923076922744,1.1948092544987137,0.6838046272493579,0.010233846153845223,0.0,0.0,0.015789815555920933,0.0,0.0,0.40384615384615385,0.0,0.0,0.558586118251928,0.0,0.0,0.0,0.0
8613,46,1.3384782608695658,0.78260869565217,1.1945970394736831,0.683182565789474,0.019168742216687008,0.0,0.0,0.015828145153711292,0.0,0.0,0.6739130434782609,0.0,0.0,0.55908203125,0.0,0.0,0.0,0.0
8614,42,1.2138095238095243,0.8095238095237922,1.1943346359522817,0.6821266968325795,0.02400188323917096,0.0,0.0,0.015868303726971983,0.0,0.0,0.47023809523809523,0.0,0.0,0.5595176881941588,0.0,0.0,0.0,0.0
8615,32,1.2825000000000004,0.8125000000000107,1.1947617082731576,0.6829997936868168,0.013204633204632818,0.0,0.0,0.015907641890509104,0.0,0.0,0.546875,0.0,0.0,0.5589797813080256,0.0,0.0,0.0,0.0
8616,56,1.305178571428572,0.9821428571428442,1.1945826463314086,0.6838417147568016,0.01574197716993261,0.0,0.0,0.015943102736899976,0.0,0.0,0.4375,0.0,0.0,0.55804307502061,0.0,0.0,0.0,0.0
8617,63,1.3017460317460325,0.7936507936507904,1.196622427983538,0.6841563786008235,0.018346756152123927,0.0,0.0,0.0159587529002081,0.0,0.0,0.5833333333333334,0.0,0.0,0.5595164609053498,0.0,0.0,0.0,0.0
8618,45,1.0755555555555563,0.7777777777777849,1.1948971616618664,0.6837721102426989,0.016290811174688384,0.0,0.0,0.015955415062315598,0.0,0.0,0.43333333333333335,0.0,0.0,0.5585150143973674,0.0,0.0,0.0,0.0
8619,51,1.4490196078431377,1.0980392156862429,1.1961066584463615,0.685881627620222,0.01771332694151546,0.0,0.0,0.01595023033644738,0.0,0.0,0.5,0.0,0.0,0.5581072749691739,0.0,0.0,0.0,0.0
8620,50,1.2146000000000006,0.6799999999999714,1.1961116813795927,0.685382878259084,0.016186034115139237,0.0,0.0,0.01596703691219066,0.0,0.0,0.61,0.0,0.0,0.5586635187846438,0.0,0.0,0.0,0.0
8621,35,1.1777142857142864,0.6000000000000059,1.1962666803531092,0.6850749332785873,0.01889092575618689,0.0,0.0,0.015994419671960115,0.0,0.0,0.5571428571428572,0.0,0.0,0.5587661671114761,0.0,0.0,0.0,0.0
8622,47,1.2814893617021281,0.6808510638297735,1.1963795050826562,0.6852859636512986,0.018475460122698927,0.0,0.0,0.016035612245459657,0.0,0.0,0.6914893617021277,0.0,0.0,0.5591949892186056,0.0,0.0,0.0,0.0
8623,50,1.2516000000000007,0.8399999999999942,1.1967224561043217,0.6861074032241499,0.018781512605041937,0.0,0.0,0.016060787710166936,0.0,0.0,0.5,0.0,0.0,0.5591436492453024,0.0,0.0,0.0,0.0
8624,43,1.0323255813953491,0.4651162790697664,1.1963446930815018,0.685074933278587,0.011192637418053314,0.0,0.0,0.01603395048990066,0.0,0.0,0.6046511627906976,0.0,0.0,0.5597156641346746,0.0,0.0,0.0,0.0
8625,42,1.2323809523809532,0.7142857142857236,1.196420057542128,0.6853678586107681,0.027561235356762227,0.0,0.0,0.016068305298297437,0.0,0.0,0.5833333333333334,0.0,0.0,0.5593403205918619,0.0,0.0,0.0,0.0
8626,54,1.4001851851851859,0.9259259259258811,1.197016642695705,0.6852270392438867,0.01929318703750979,0.0,0.0,0.01609212419862274,0.0,0.0,0.5833333333333334,0.0,0.0,0.5596363262790219,0.0,0.0,0.0,0.0
8627,56,1.4208928571428578,0.8571428571428775,1.1978492967867767,0.6861718509393281,0.016730445752733924,0.0,0.0,0.0160922068662105,0.0,0.0,0.6071428571428571,0.0,0.0,0.5600041063545838,0.0,0.0,0.0,0.0
8628,42,1.2121428571428576,0.6666666666666818,1.19844193216855,0.6866392600205544,0.022029424491561818,0.0,0.0,0.016117597462283213,0.0,0.0,0.6071428571428571,0.0,0.0,0.5602004110996917,0.0,0.0,0.0,0.0
8629,34,1.516470588235295,1.0000000000000449,1.199646199732592,0.6879563920600634,0.01945660377358551,0.0,0.0,0.016111830927550207,0.0,0.0,0.5588235294117647,0.0,0.0,0.5598837807261133,0.0,0.0,0.0,0.0
8630,49,0.8840816326530616,0.4081632653061244,1.1987544996400281,0.686516507250848,0.014861063464836972,0.0,0.0,0.016117130870302268,0.0,0.0,0.4642857142857143,0.0,0.0,0.5600894785560012,0.0,0.0,0.0,0.0
8631,53,1.3788679245283024,0.7169811320754772,1.1990723027872048,0.6862079605060163,0.021563883151371192,0.0,0.0,0.01614629829418368,0.0,0.0,0.660377358490566,0.0,0.0,0.560578010901985,0.0,0.0,0.0,0.0
8632,44,1.1568181818181826,0.363636363636375,1.1991102873030577,0.6858202038924927,0.01665031076218594,0.0,0.0,0.01615148711646568,0.0,0.0,0.6818181818181818,0.0,0.0,0.560755843888374,0.0,0.0,0.0,0.0
8633,47,0.9195744680851068,0.5106382978723567,1.196857319205842,0.6838802592325891,0.012437410071942233,0.0,0.0,0.016139644376132276,0.0,0.0,0.5106382978723404,0.0,0.0,0.5604104515996297,0.0,0.0,0.0,0.0
8634,45,1.1720000000000006,0.5333333333333177,1.1975836507773077,0.6834139812622257,0.01849877236057545,0.0,0.0,0.016144031688137182,0.0,0.0,0.6,0.0,0.0,0.5610264593843303,0.0,0.0,0.0,0.0
8635,50,1.4850000000000005,0.7199999999999956,1.1990517862658283,0.684237619684958,0.02500842034354961,0.0,0.0,0.016180530663621254,0.0,0.0,0.75,0.0,0.0,0.5620302687120354,0.0,0.0,0.0,0.0
8636,45,0.7902222222222226,0.4888888888888643,1.1968152341739569,0.6843026248069992,0.009333333333333006,0.0,0.0,0.01615879369050098,0.0,0.0,0.43333333333333335,0.0,0.0,0.5604220277920741,0.0,0.0,0.0,0.0
8637,47,1.0474468085106388,0.617021276595746,1.1957163456586661,0.6834895457822638,0.01348397699260402,0.0,0.0,0.016150348974223037,0.0,0.0,0.5212765957446809,0.0,0.0,0.5602018745493872,0.0,0.0,0.0,0.0
8638,57,1.291052631578948,0.5263157894736705,1.1973785508439678,0.6836146562371346,0.01788335358444781,0.0,0.0,0.016171501966230028,0.0,0.0,0.6491228070175439,0.0,0.0,0.5609818855496089,0.0,0.0,0.0,0.0
8639,56,1.1171428571428577,0.6071428571428522,1.197726991970351,0.6831377393452747,0.012339250493097352,0.0,0.0,0.016172630829793373,0.0,0.0,0.5803571428571429,0.0,0.0,0.561869466749022,0.0,0.0,0.0,0.0
8640,46,1.1823913043478265,0.6956521739130391,1.197861777732,0.6834895457822636,0.012785613540197771,0.0,0.0,0.0161712505909508,0.0,0.0,0.5434782608695652,0.0,0.0,0.5615923370069008,0.0,0.0,0.0,0.0
8641,59,1.4874576271186448,0.94915254237287,1.199848780989609,0.6850118300586356,0.0179321618308123,0.0,0.0,0.01618919196517798,0.0,0.0,0.652542372881356,0.0,0.0,0.5625964406954017,0.0,0.0,0.0,0.0
8642,42,1.1123809523809527,0.6190476190476208,1.2006815607948098,0.6870173993616799,0.013448474381116661,0.0,0.0,0.01618702869111283,0.0,0.0,0.5119047619047619,0.0,0.0,0.5618243591063523,0.0,0.0,0.0,0.0
8643,41,1.0826829268292688,0.6341463414634199,1.2003593492586477,0.6868822075782534,0.011584029227557897,0.0,0.0,0.016175607874478963,0.0,0.0,0.4634146341463415,0.0,0.0,0.5616247940691927,0.0,0.0,0.0,0.0
8644,43,1.2302325581395352,0.41860465116279105,1.1994747682801223,0.6849639546858906,0.019614386355209488,0.0,0.0,0.016194603884402307,0.0,0.0,0.6627906976744186,0.0,0.0,0.561534500514933,0.0,0.0,0.0,0.0
8645,46,1.1610869565217397,0.8260869565216922,1.199554389214777,0.6857054646495826,0.013210487261933834,0.0,0.0,0.016158307768445172,0.0,0.0,0.4891304347826087,0.0,0.0,0.5616445404960378,0.0,0.0,0.0,0.0
8646,48,1.1314583333333337,0.6666666666666697,1.1999989706639207,0.6859495625321662,0.013153305885202894,0.0,0.0,0.01615510185981993,0.0,0.0,0.5364583333333334,0.0,0.0,0.5618888317035512,0.0,0.0,0.0,0.0
8647,60,1.417833333333334,0.8333333333333646,1.2026443987666997,0.6879753340184991,0.018294623655913528,0.0,0.0,0.016168908331698248,0.0,0.0,0.65,0.0,0.0,0.5630524152106886,0.0,0.0,0.0,0.0
8648,39,0.9310256410256414,0.6666666666666599,1.2011058484349244,0.6884266886326191,0.013488112927191872,0.0,0.0,0.016161269943308073,0.0,0.0,0.40384615384615385,0.0,0.0,0.5614960873146623,0.0,0.0,0.0,0.0
8649,55,1.1787272727272733,0.9454545454545255,1.2003629073712334,0.6893183921044512,0.01291948983658848,0.0,0.0,0.01617030440683599,0.0,0.0,0.39545454545454545,0.0,0.0,0.5604502929988692,0.0,0.0,0.0,0.0
8650,55,1.133454545454546,0.7999999999999833,1.1997525159170248,0.6899774080920104,0.017796174707393277,0.0,0.0,0.016160819882340402,0.0,0.0,0.4318181818181818,0.0,0.0,0.559586157321832,0.0,0.0,0.0,0.0
8651,46,1.1900000000000006,0.7826086956521994,1.1996529774127298,0.6902464065708416,0.015188679245282574,0.0,0.0,0.016150934946313842,0.0,0.0,0.45652173913043476,0.0,0.0,0.5590349075975359,0.0,0.0,0.0,0.0
8652,46,1.1860869565217398,0.6956521739130318,1.1999948638931675,0.691217257318952,0.012870960132106783,0.0,0.0,0.01614740060570289,0.0,0.0,0.5434782608695652,0.0,0.0,0.5589111453518233,0.0,0.0,0.0,0.0
8653,57,1.2328070175438604,0.6666666666666636,1.1994551610917286,0.6903344962035705,0.016936611231623,0.0,0.0,0.016141418939351053,0.0,0.0,0.5614035087719298,0.0,0.0,0.5587163964703468,0.0,0.0,0.0,0.0
8654,49,1.3738775510204086,1.061224489795876,1.2027272727272713,0.6929635336414993,0.01456512332323632,0.0,0.0,0.016177638932834446,0.0,0.0,0.4642857142857143,0.0,0.0,0.5598099640472521,0.0,0.0,0.0,0.0
8655,50,1.1882000000000006,0.5199999999999918,1.201506116993933,0.691477331140125,0.017361192285212625,0.0,0.0,0.016190368662828386,0.0,0.0,0.65,0.0,0.0,0.5600133648606971,0.0,0.0,0.0,0.0
8656,49,1.225714285714286,0.6938775510204355,1.200987552720912,0.69128690463944,0.01734835355285956,0.0,0.0,0.016196913446651234,0.0,0.0,0.6224489795918368,0.0,0.0,0.559510338442547,0.0,0.0,0.0,0.0
8657,77,1.2040259740259747,0.857142857142888,1.2006856204454466,0.6922919018782717,0.016908626664235614,0.0,0.0,0.016251403105168986,0.0,0.0,0.4772727272727273,0.0,0.0,0.5589397516165452,0.0,0.0,0.0,0.0
8658,47,1.0865957446808516,0.8510638297872185,1.1997523887804362,0.6931059282852151,0.010742532604122177,0.0,0.0,0.01622172149992568,0.0,0.0,0.35106382978723405,0.0,0.0,0.557741703482996,0.0,0.0,0.0,0.0
8659,51,1.501568627450981,1.019607843137231,1.2017932662697581,0.6957503592691437,0.016454662655779783,0.0,0.0,0.016226876651915217,0.0,0.0,0.5882352941176471,0.0,0.0,0.5577910080065694,0.0,0.0,0.0,0.0
8660,56,1.1221428571428578,0.5714285714285714,1.2011023379819512,0.694216570959803,0.017006765899864832,0.0,0.0,0.016240069324090122,0.0,0.0,0.6116071428571429,0.0,0.0,0.5581675553732568,0.0,0.0,0.0,0.0
8661,42,0.6952380952380954,0.6190476190476328,1.1997136111681368,0.6950318209813181,0.00674053554939985,0.0,0.0,0.01620364760604191,0.0,0.0,0.32142857142857145,0.0,0.0,0.5571494559638678,0.0,0.0,0.0,0.0
8662,45,1.4475555555555562,0.6222222222222631,1.200055418719211,0.6946839080459772,0.014878940155322724,0.0,0.0,0.016175620660700874,0.0,0.0,0.7722222222222223,0.0,0.0,0.5576252052545156,0.0,0.0,0.0,0.0
8663,53,1.2845283018867932,0.6415094339622809,1.2001793767937672,0.6945469454694552,0.01744299256981822,0.0,0.0,0.01618727215166249,0.0,0.0,0.5849056603773585,0.0,0.0,0.5574261992619927,0.0,0.0,0.0,0.0
8664,40,1.3225000000000007,0.6000000000000051,1.2002728484972807,0.6935070263616783,0.01793828416412272,0.0,0.0,0.016199222811197383,0.0,0.0,0.7375,0.0,0.0,0.5582880295414915,0.0,0.0,0.0,0.0
8665,50,1.4914000000000007,0.6399999999999998,1.2031032714593364,0.6943903189416474,0.020576710816776735,0.0,0.0,0.01621792071488213,0.0,0.0,0.79,0.0,0.0,0.559609270844016,0.0,0.0,0.0,0.0
8666,48,1.0272916666666672,0.5416666666666667,1.2023188108662215,0.6936955407483345,0.01241127611376821,0.0,0.0,0.016195367000093892,0.0,0.0,0.4947916666666667,0.0,0.0,0.5592772936955408,0.0,0.0,0.0,0.0
8667,53,1.2513207547169816,0.7547169811320226,1.2032606693276011,0.6948111759287687,0.013643283275046885,0.0,0.0,0.016195502144787627,0.0,0.0,0.6084905660377359,0.0,0.0,0.5597175314706785,0.0,0.0,0.0,0.0
8668,60,1.393166666666667,0.6333333333333162,1.2044689767964827,0.6947766533783091,0.01844846612226917,0.0,0.0,0.01618945948211074,0.0,0.0,0.7333333333333333,0.0,0.0,0.5609475620975161,0.0,0.0,0.0,0.0
8669,59,1.2657627118644077,0.8135593220338919,1.2051597427784007,0.6963356129427373,0.01818358899439918,0.0,0.0,0.01620215800978967,0.0,0.0,0.5635593220338984,0.0,0.0,0.5606308053485761,0.0,0.0,0.0,0.0
8670,54,1.2035185185185189,0.8518518518518811,1.2063347954707735,0.6982556360297867,0.016050876759694337,0.0,0.0,0.016206293562542308,0.0,0.0,0.4675925925925926,0.0,0.0,0.5605171886157299,0.0,0.0,0.0,0.0
8671,50,0.8750000000000006,0.6800000000000074,1.2046144430844545,0.6969604243166052,0.012863863569538498,0.0,0.0,0.016196641094071852,0.0,0.0,0.32,0.0,0.0,0.5601540187678499,0.0,0.0,0.0,0.0
8672,58,1.4768965517241384,0.8275862068964903,1.2074116328817348,0.698685952938779,0.017705663497312507,0.0,0.0,0.016246864574281147,0.0,0.0,0.7025862068965517,0.0,0.0,0.5613221961902821,0.0,0.0,0.0,0.0
8673,45,1.2991111111111115,0.7111111111111272,1.2076974019358115,0.6980132450331122,0.013491807062081262,0.0,0.0,0.01622236181592244,0.0,0.0,0.6833333333333333,0.0,0.0,0.5621752419765664,0.0,0.0,0.0,0.0
8674,56,1.0417857142857148,0.3928571428571347,1.2063934760448511,0.69571865443425,0.015078831739467615,0.0,0.0,0.016208215095703995,0.0,0.0,0.5669642857142857,0.0,0.0,0.5624617737003058,0.0,0.0,0.0,0.0
8675,48,1.148541666666667,0.499999999999966,1.2048068100723814,0.6948720562748486,0.01256094782410681,0.0,0.0,0.01616830817598877,0.0,0.0,0.6197916666666666,0.0,0.0,0.5616270771740238,0.0,0.0,0.0,0.0
8676,56,0.9269642857142862,0.5714285714285506,1.2024110510755417,0.6938525843612997,0.010326238313108861,0.0,0.0,0.016125413579065377,0.0,0.0,0.39285714285714285,0.0,0.0,0.5600468957080232,0.0,0.0,0.0,0.0
8677,49,1.1073469387755108,0.6938775510203995,1.2023385368839903,0.695847362514028,0.01788987800857248,0.0,0.0,0.016098590567994123,0.0,0.0,0.46938775510204084,0.0,0.0,0.5588205285174982,0.0,0.0,0.0,0.0
8678,59,1.1698305084745766,0.7457627118644223,1.201923390383047,0.6961083944580266,0.015844811753902347,0.0,0.0,0.01608507389431204,0.0,0.0,0.5720338983050848,0.0,0.0,0.5583486145069275,0.0,0.0,0.0,0.0
8679,48,1.1020833333333337,0.66666666666667,1.2016525812035426,0.6963649322879534,0.013815617654740407,0.0,0.0,0.01608904891159866,0.0,0.0,0.5104166666666666,0.0,0.0,0.5578607066490174,0.0,0.0,0.0,0.0
8680,58,1.288620689655173,0.6724137931034477,1.202743542810656,0.6965629448850916,0.015681913554342748,0.0,0.0,0.016087993220827726,0.0,0.0,0.6293103448275862,0.0,0.0,0.5586994102094773,0.0,0.0,0.0,0.0
8681,49,1.324285714285715,0.5714285714285758,1.20338453713123,0.6968463886063063,0.01264665757162336,0.0,0.0,0.016080811403806884,0.0,0.0,0.7040816326530612,0.0,0.0,0.5591810783316379,0.0,0.0,0.0,0.0
8682,44,0.8363636363636368,0.4999999999999886,1.2004520464263888,0.6956831602524932,0.010635838150288887,0.0,0.0,0.01604451320822498,0.0,0.0,0.4147727272727273,0.0,0.0,0.5579311749134596,0.0,0.0,0.0,0.0
8683,43,0.8402325581395352,0.2790697674418584,1.1986970684039078,0.6937092833876208,0.01024383328607917,0.0,0.0,0.016015101195964672,0.0,0.0,0.5406976744186046,0.0,0.0,0.557614006514658,0.0,0.0,0.0,0.0
8684,48,1.1331250000000004,0.7083333333333126,1.1979181512776127,0.6937799043062187,0.015175781250000239,0.0,0.0,0.015994081979668867,0.0,0.0,0.5208333333333334,0.0,0.0,0.5569581594217653,0.0,0.0,0.0,0.0
8685,43,1.513488372093024,0.697674418604653,1.1980607357586863,0.6928564149597459,0.023226266952176833,0.0,0.0,0.016003803373486104,0.0,0.0,0.7209302325581395,0.0,0.0,0.5570926322225619,0.0,0.0,0.0,0.0
8686,33,1.2166666666666672,0.6060606060605984,1.1971228822208602,0.6914676464584594,0.01726139294926907,0.0,0.0,0.01600214191189511,0.0,0.0,0.6136363636363636,0.0,0.0,0.557282098387426,0.0,0.0,0.0,0.0
8687,51,0.9884313725490202,0.5098039215686224,1.1964033836119028,0.6910925397472468,0.013056203056203015,0.0,0.0,0.016011050371800954,0.0,0.0,0.45098039215686275,0.0,0.0,0.5564869547492866,0.0,0.0,0.0,0.0
8688,53,1.2656603773584914,0.9056603773585277,1.1970309635363607,0.6929109798329587,0.017854671280277234,0.0,0.0,0.01600405533116722,0.0,0.0,0.46226415094339623,0.0,0.0,0.5559940924831941,0.0,0.0,0.0,0.0
8689,50,1.4080000000000004,0.6800000000000211,1.1982686627966177,0.6934514716366219,0.01698431845597094,0.0,0.0,0.016039839898791607,0.0,0.0,0.7,0.0,0.0,0.5563957633160199,0.0,0.0,0.0,0.0
8690,50,1.3398000000000005,0.8799999999999626,1.1993505301794445,0.6949429037520377,0.015521316033364459,0.0,0.0,0.016059806352257584,0.0,0.0,0.625,0.0,0.0,0.5567393964110929,0.0,0.0,0.0,0.0
8691,41,0.9221951219512199,0.4390243902438851,1.1974645588985204,0.6920958694543584,0.01023274695534483,0.0,0.0,0.016025622126860373,0.0,0.0,0.5548780487804879,0.0,0.0,0.5572412034676185,0.0,0.0,0.0,0.0
8692,49,1.1900000000000004,0.6122448979591901,1.1982665034180175,0.6915620855014778,0.01565789473684099,0.0,0.0,0.016043498633239655,0.0,0.0,0.5867346938775511,0.0,0.0,0.5582593612896644,0.0,0.0,0.0,0.0
8693,41,1.2253658536585372,0.5853658536585515,1.1991875893039385,0.6911614615227583,0.019984089101033286,0.0,0.0,0.01608191488779269,0.0,0.0,0.6829268292682927,0.0,0.0,0.5594253929373342,0.0,0.0,0.0,0.0
8694,45,1.374888888888889,0.6222222222222092,1.1991447838970053,0.689894758352916,0.012777777777777544,0.0,0.0,0.016066563261931118,0.0,0.0,0.6888888888888889,0.0,0.0,0.5597220803106161,0.0,0.0,0.0,0.0
8695,48,1.423333333333334,0.8333333333333158,1.2002391904323817,0.6907901461719296,0.021737193763919714,0.0,0.0,0.016091748927964996,0.0,0.0,0.640625,0.0,0.0,0.559772053562302,0.0,0.0,0.0,0.0
8696,43,0.9434883720930239,0.558139534883713,1.1996819065152902,0.691214073846782,0.011564994298745981,0.0,0.0,0.016107657299490093,0.0,0.0,0.37209302325581395,0.0,0.0,0.5589904878797177,0.0,0.0,0.0,0.0
8697,52,1.1632692307692312,0.8653846153845808,1.2007499488438707,0.6915285451197043,0.016122068230276704,0.0,0.0,0.016130762739120508,0.0,0.0,0.46634615384615385,0.0,0.0,0.5600828729281768,0.0,0.0,0.0,0.0
8698,47,1.1291489361702132,0.6808510638297794,1.2000879525465322,0.6909388422990377,0.016062348668281164,0.0,0.0,0.016123481183368208,0.0,0.0,0.5531914893617021,0.0,0.0,0.5602628349355696,0.0,0.0,0.0,0.0
8699,58,1.1234482758620694,0.44827586206896614,1.1994856850715738,0.6891615541922282,0.01669057377049136,0.0,0.0,0.016133649286492312,0.0,0.0,0.6594827586206896,0.0,0.0,0.5606083844580777,0.0,0.0,0.0,0.0
8700,44,1.3197727272727278,0.9545454545454318,1.2001043158110034,0.6897115974636933,0.019350216594467964,0.0,0.0,0.016131902333874515,0.0,0.0,0.5454545454545454,0.0,0.0,0.560876457353242,0.0,0.0,0.0,0.0
8701,62,1.0267741935483876,0.6451612903225944,1.1983705744311797,0.6898275686154468,0.01140860215053847,0.0,0.0,0.016094647555360667,0.0,0.0,0.42338709677419356,0.0,0.0,0.5592796653402714,0.0,0.0,0.0,0.0
8702,54,1.3131481481481486,0.7777777777777163,1.1988781135157203,0.6912004899959158,0.015670718232044443,0.0,0.0,0.01609313957232808,0.0,0.0,0.5555555555555556,0.0,0.0,0.5585953450387914,0.0,0.0,0.0,0.0
8703,40,1.1842500000000005,0.8999999999999868,1.1999244512506375,0.6929045431342511,0.010606806986117446,0.0,0.0,0.016054282572616943,0.0,0.0,0.4625,0.0,0.0,0.5588310362429811,0.0,0.0,0.0,0.0
8704,40,1.3725000000000007,0.7499999999999793,1.2010443037974678,0.6930379746835433,0.020970206264323842,0.0,0.0,0.01608426397188193,0.0,0.0,0.6125,0.0,0.0,0.5594375255206206,0.0,0.0,0.0,0.0
8705,39,1.1358974358974363,0.6410256410256082,1.2013253627631304,0.6939505415900253,0.012915451895044098,0.0,0.0,0.016057555588033224,0.0,0.0,0.5448717948717948,0.0,0.0,0.5590639689352136,0.0,0.0,0.0,0.0
8706,47,1.260425531914894,0.9787234042553862,1.2026160769073426,0.6969727960728158,0.017372434017595185,0.0,0.0,0.016090127416424023,0.0,0.0,0.35106382978723405,0.0,0.0,0.5576805072611986,0.0,0.0,0.0,0.0
8707,53,1.2088679245283023,0.5849056603773701,1.201687263813706,0.6966601981411495,0.012196839901008612,0.0,0.0,0.016056059716972118,0.0,0.0,0.6415094339622641,0.0,0.0,0.5571953835154734,0.0,0.0,0.0,0.0
8708,49,1.3132653061224497,0.8775510204081831,1.2029713177503314,0.6981729100745122,0.026547029702970664,0.0,0.0,0.01610532990241563,0.0,0.0,0.576530612244898,0.0,0.0,0.5573900173522507,0.0,0.0,0.0,0.0
8709,53,1.444905660377359,0.8867924528301877,1.2044797717313764,0.6994802812595533,0.021319599109130446,0.0,0.0,0.016152257778858883,0.0,0.0,0.6320754716981132,0.0,0.0,0.5577550188525425,0.0,0.0,0.0,0.0
8710,54,1.0677777777777782,0.666666666666638,1.2044011000203705,0.6991240578529229,0.012873409243134,0.0,0.0,0.016151618670888237,0.0,0.0,0.49537037037037035,0.0,0.0,0.5580057038093298,0.0,0.0,0.0,0.0
8711,51,1.3745098039215693,0.941176470588256,1.204871063092447,0.7016614004688612,0.0182504556105182,0.0,0.0,0.01615845165241188,0.0,0.0,0.5882352941176471,0.0,0.0,0.5574355315462236,0.0,0.0,0.0,0.0
8712,59,1.2925423728813565,0.7288135593220252,1.20523199023199,0.7015669515669513,0.014606397241908662,0.0,0.0,0.016139454461471813,0.0,0.0,0.6271186440677966,0.0,0.0,0.5577940577940578,0.0,0.0,0.0,0.0
8713,44,1.3727272727272732,0.7499999999999836,1.2065140415140412,0.702279202279202,0.017970842011306557,0.0,0.0,0.016158692218695796,0.0,0.0,0.6818181818181818,0.0,0.0,0.5583791208791209,0.0,0.0,0.0,0.0
8714,46,1.2186956521739136,0.4782608695652113,1.2072278738555438,0.7025432349949131,0.017222734254992343,0.0,0.0,0.01615248084563673,0.0,0.0,0.7391304347826086,0.0,0.0,0.558646998982706,0.0,0.0,0.0,0.0
8715,32,1.0328125000000006,0.6874999999999998,1.2065238192182408,0.7025651465798041,0.014521089630931062,0.0,0.0,0.01614912155211762,0.0,0.0,0.46875,0.0,0.0,0.558428338762215,0.0,0.0,0.0,0.0
8716,52,1.1986538461538467,0.7692307692307612,1.2071788079470196,0.7034131431482418,0.015831851663703243,0.0,0.0,0.016159025477298743,0.0,0.0,0.47596153846153844,0.0,0.0,0.558507386653082,0.0,0.0,0.0,0.0
8717,46,1.20804347826087,0.8260869565217043,1.2069004893964108,0.7035073409461653,0.01519136139967156,0.0,0.0,0.01614774213878518,0.0,0.0,0.5,0.0,0.0,0.5584471859706363,0.0,0.0,0.0,0.0
8718,52,0.9950000000000006,0.5384615384615262,1.2056832772852335,0.7031488841332914,0.011444370714444,0.0,0.0,0.016099883925521828,0.0,0.0,0.5192307692307693,0.0,0.0,0.558035259349842,0.0,0.0,0.0,0.0
8719,49,1.0712244897959189,0.8979591836734523,1.204976564092113,0.7048094558793546,0.011528662420382004,0.0,0.0,0.016074412687020603,0.0,0.0,0.29081632653061223,0.0,0.0,0.5562716527409822,0.0,0.0,0.0,0.0
8720,42,1.4980952380952388,0.9523809523809377,1.2060462981847846,0.7058943503977142,0.03277083333333309,0.0,0.0,0.016112603713947064,0.0,0.0,0.6071428571428571,0.0,0.0,0.5561645931062614,0.0,0.0,0.0,0.0
8721,45,1.0788888888888892,0.48888888888886467,1.2065132183321419,0.7053179544758584,0.011584347411119607,0.0,0.0,0.01608423799894952,0.0,0.0,0.6222222222222222,0.0,0.0,0.5574155353679698,0.0,0.0,0.0,0.0
8722,45,1.1791111111111117,0.6222222222222081,1.2061475577355398,0.7048845289188622,0.012537807183364271,0.0,0.0,0.016055585481176794,0.0,0.0,0.6111111111111112,0.0,0.0,0.5574800735744941,0.0,0.0,0.0,0.0
8723,49,1.2597959183673475,0.5714285714285374,1.2056645569620246,0.7037566353613702,0.013531345900921001,0.0,0.0,0.01602857833051957,0.0,0.0,0.6632653061224489,0.0,0.0,0.5575745202123316,0.0,0.0,0.0,0.0
8724,47,1.4236170212765962,0.8510638297872105,1.208107390771743,0.7050837076357679,0.023256864789711004,0.0,0.0,0.016052666917151483,0.0,0.0,0.648936170212766,0.0,0.0,0.5587229481420988,0.0,0.0,0.0,0.0
8725,64,1.2148437500000004,0.5625000000000125,1.208841214838972,0.7063799429270263,0.012546393416168252,0.0,0.0,0.01603055240576882,0.0,0.0,0.6953125,0.0,0.0,0.5589329392580513,0.0,0.0,0.0,0.0
8726,48,1.1489583333333337,0.5416666666666979,1.2077477293601382,0.7052760485763838,0.013958491521134203,0.0,0.0,0.016013422637169348,0.0,0.0,0.6302083333333334,0.0,0.0,0.5591386876211858,0.0,0.0,0.0,0.0
8727,58,1.2917241379310354,0.5517241379310455,1.2078501628664489,0.7034812703583047,0.016077253218884792,0.0,0.0,0.016006906785377056,0.0,0.0,0.7327586206896551,0.0,0.0,0.5605150651465798,0.0,0.0,0.0,0.0
8728,52,1.0461538461538464,0.4230769230769264,1.207179930795847,0.7020150620801939,0.01305808929428731,0.0,0.0,0.015994118376769083,0.0,0.0,0.625,0.0,0.0,0.5613677997150417,0.0,0.0,0.0,0.0
8729,42,0.8583333333333336,0.5238095238095111,1.2065712539472335,0.7018437404502378,0.01153599999999963,0.0,0.0,0.01597513820723736,0.0,0.0,0.4880952380952381,0.0,0.0,0.5609147397371906,0.0,0.0,0.0,0.0
8730,38,1.0850000000000004,0.52631578947368,1.206385689532157,0.7020691061053903,0.011526418786692617,0.0,0.0,0.01596354342284505,0.0,0.0,0.4473684210526316,0.0,0.0,0.5602639893996535,0.0,0.0,0.0,0.0
8731,50,1.3412000000000004,0.8399999999999826,1.206809116809116,0.7032967032967017,0.012402441279822199,0.0,0.0,0.015921464710533354,0.0,0.0,0.64,0.0,0.0,0.5599562474562475,0.0,0.0,0.0,0.0
8732,56,1.0578571428571433,0.6428571428571185,1.206203844980164,0.70145458244329,0.013211418376448885,0.0,0.0,0.015919298584765085,0.0,0.0,0.5446428571428571,0.0,0.0,0.5609042823720883,0.0,0.0,0.0,0.0
8733,37,0.608918918918919,0.2162162162162194,1.2034379138229594,0.699602729958234,0.007828353022932584,0.0,0.0,0.015880087639120393,0.0,0.0,0.43243243243243246,0.0,0.0,0.5601762249159621,0.0,0.0,0.0,0.0
8734,57,1.3629824561403516,0.877192982456142,1.205326551373346,0.7003051881993879,0.02477359693877576,0.0,0.0,0.01589867452451688,0.0,0.0,0.6008771929824561,0.0,0.0,0.5611648016276704,0.0,0.0,0.0,0.0
8735,53,1.2596226415094347,0.5660377358490406,1.2057652801789882,0.7000915285263891,0.019874962786543507,0.0,0.0,0.015897667969986113,0.0,0.0,0.6886792452830188,0.0,0.0,0.5616800569510831,0.0,0.0,0.0,0.0
8736,57,1.1021052631578951,0.8070175438596608,1.2053929043407534,0.7002134797194249,0.012796903646363876,0.0,0.0,0.015870112801075014,0.0,0.0,0.4517543859649123,0.0,0.0,0.5617058046152282,0.0,0.0,0.0,0.0
8737,44,1.0902272727272733,0.5454545454545724,1.2038121884220156,0.6982399023298387,0.012058823529412135,0.0,0.0,0.01585918724860371,0.0,0.0,0.6079545454545454,0.0,0.0,0.5619086377047513,0.0,0.0,0.0,0.0
8738,51,1.141960784313726,0.7058823529411762,1.2025292263901588,0.6964521703771459,0.014215279472784908,0.0,0.0,0.015843818391734463,0.0,0.0,0.49019607843137253,0.0,0.0,0.5617058046152282,0.0,0.0,0.0,0.0
8739,53,1.176037735849057,0.698113207547172,1.2031574667073286,0.6964521703771459,0.015154388524191459,0.0,0.0,0.015836653972858623,0.0,0.0,0.5707547169811321,0.0,0.0,0.5625190606892345,0.0,0.0,0.0,0.0
8740,48,1.1752083333333339,0.7499999999999559,1.2036038234695943,0.6976815131177532,0.016455659276546335,0.0,0.0,0.01584847048489767,0.0,0.0,0.5625,0.0,0.0,0.562156802928615,0.0,0.0,0.0,0.0
8741,37,1.2900000000000005,0.6486486486486723,1.2046057584698333,0.697425984332077,0.017343750000000106,0.0,0.0,0.015849439249083715,0.0,0.0,0.6486486486486487,0.0,0.0,0.5629006002645234,0.0,0.0,0.0,0.0
8742,36,1.1913888888888895,0.3333333333333444,1.2054414909868612,0.6965067725837645,0.016734295747170985,0.0,0.0,0.015845911015077156,0.0,0.0,0.7222222222222222,0.0,0.0,0.5636775639067115,0.0,0.0,0.0,0.0
8743,48,1.2204166666666671,0.7500000000000128,1.2061178509532053,0.6972168416760104,0.022847113884555854,0.0,0.0,0.015866098226283622,0.0,0.0,0.4375,0.0,0.0,0.5636660210011214,0.0,0.0,0.0,0.0
8744,39,1.30948717948718,0.7179487179487121,1.2054244031830228,0.6960824321567013,0.01987159533073894,0.0,0.0,0.015881569397026802,0.0,0.0,0.6666666666666666,0.0,0.0,0.5639410324423587,0.0,0.0,0.0,0.0
8745,58,1.3179310344827595,0.6551724137931194,1.2077079934747132,0.6961663947797705,0.01865755430803008,0.0,0.0,0.015899768051200542,0.0,0.0,0.6206896551724138,0.0,0.0,0.5649469820554649,0.0,0.0,0.0,0.0
8746,23,0.8060869565217395,0.5652173913043469,1.2077247162286524,0.6952653645567018,0.01457547169811319,0.0,0.0,0.015906503161680026,0.0,0.0,0.34782608695652173,0.0,0.0,0.5654974946313529,0.0,0.0,0.0,0.0
8747,44,1.4404545454545457,0.8181818181818041,1.2079766656432291,0.6956299252891195,0.015727047146401614,0.0,0.0,0.015901581921208406,0.0,0.0,0.6363636363636364,0.0,0.0,0.565346433323099,0.0,0.0,0.0,0.0
8748,48,1.3037500000000006,0.8333333333333043,1.2080867607939423,0.6964395334561064,0.01826086956521669,0.0,0.0,0.01592404687731789,0.0,0.0,0.5625,0.0,0.0,0.564865970943319,0.0,0.0,0.0,0.0
8749,51,1.0078431372549024,0.431372549019612,1.2065417690417684,0.6938984438984419,0.01430161380077887,0.0,0.0,0.015897499538000612,0.0,0.0,0.5294117647058824,0.0,0.0,0.5648034398034398,0.0,0.0,0.0,0.0
8750,52,1.2000000000000006,0.4615384615384634,1.20568796068796,0.6920556920556901,0.01525299437790243,0.0,0.0,0.015879481001376625,0.0,0.0,0.7596153846153846,0.0,0.0,0.5655200655200655,0.0,0.0,0.0,0.0
8751,54,1.1281481481481488,0.5740740740740635,1.2054011461318044,0.6910560785918933,0.015684860968074105,0.0,0.0,0.015871825413935822,0.0,0.0,0.5740740740740741,0.0,0.0,0.5659025787965616,0.0,0.0,0.0,0.0
8752,52,1.3925000000000005,0.8076923076922752,1.2047472887251884,0.6899938612645773,0.01816608128449531,0.0,0.0,0.01586154687529464,0.0,0.0,0.6442307692307693,0.0,0.0,0.5660425618989154,0.0,0.0,0.0,0.0
8753,58,1.435517241379311,0.6896551724138239,1.2079566816510003,0.6918675929709829,0.02018913676042659,0.0,0.0,0.0158918169134863,0.0,0.0,0.7327586206896551,0.0,0.0,0.567506129955047,0.0,0.0,0.0,0.0
8754,52,1.1798076923076932,0.7500000000000249,1.2086330200245192,0.6940130772374317,0.017498573873359968,0.0,0.0,0.015911215361792127,0.0,0.0,0.4567307692307692,0.0,0.0,0.56661217817736,0.0,0.0,0.0,0.0
8755,50,1.2384000000000008,0.7199999999999694,1.2083622803432768,0.6935022476501818,0.02216970998925801,0.0,0.0,0.015918377509737437,0.0,0.0,0.59,0.0,0.0,0.5669697588884348,0.0,0.0,0.0,0.0
8756,42,1.2950000000000006,0.5238095238095245,1.209634857318195,0.6934642528382915,0.017511268512556022,0.0,0.0,0.015941134289087867,0.0,0.0,0.7261904761904762,0.0,0.0,0.5678633527666973,0.0,0.0,0.0,0.0
8757,44,1.0522727272727275,0.5909090909091101,1.2085312180143288,0.6928352098259959,0.011426456071076374,0.0,0.0,0.015927295340254215,0.0,0.0,0.5965909090909091,0.0,0.0,0.5674769703172978,0.0,0.0,0.0,0.0
8758,37,1.242702702702703,0.5405405405405409,1.2089861609431054,0.6918503331624786,0.020282311424790415,0.0,0.0,0.015913980525929412,0.0,0.0,0.7364864864864865,0.0,0.0,0.5685545873910814,0.0,0.0,0.0,0.0
8759,56,1.4417857142857147,0.7142857142857508,1.2103948041321462,0.6917254781630336,0.01614799999999974,0.0,0.0,0.015916501122383478,0.0,0.0,0.7678571428571429,0.0,0.0,0.5697811189526439,0.0,0.0,0.0,0.0
8760,56,0.9567857142857148,0.7499999999999859,1.2092204740498562,0.6917654270535328,0.015494505494505192,0.0,0.0,0.015892273297930155,0.0,0.0,0.39285714285714285,0.0,0.0,0.5693961994278709,0.0,0.0,0.0,0.0
8761,60,1.1098333333333337,0.7666666666666567,1.2088088190262318,0.6928651628049379,0.01442590987868269,0.0,0.0,0.015876656848799898,0.0,0.0,0.43333333333333335,0.0,0.0,0.5684138001429009,0.0,0.0,0.0,0.0
8762,40,0.8137500000000003,0.5500000000000134,1.206258545046423,0.6919702071217197,0.009884603704828576,0.0,0.0,0.015860090927750103,0.0,0.0,0.3625,0.0,0.0,0.5673655749413326,0.0,0.0,0.0,0.0
8763,44,1.2931818181818189,0.9090909090909552,1.2061294273757264,0.6920485863019269,0.013922192317103966,0.0,0.0,0.01582423925081452,0.0,0.0,0.5113636363636364,0.0,0.0,0.5672144534041033,0.0,0.0,0.0,0.0
8764,43,1.2916279069767445,0.5116279069767544,1.2065846185272182,0.6926769482177488,0.012489318641780203,0.0,0.0,0.015803860241492475,0.0,0.0,0.7093023255813954,0.0,0.0,0.5672811765907466,0.0,0.0,0.0,0.0
8765,44,1.2402272727272734,0.6363636363635985,1.2064945290929534,0.6914817465998542,0.017717532467531754,0.0,0.0,0.015786268795709765,0.0,0.0,0.5795454545454546,0.0,0.0,0.5677216484303098,0.0,0.0,0.0,0.0
8766,58,1.0200000000000005,0.37931034482759063,1.2044796241446216,0.6885915636809288,0.011559202813598155,0.0,0.0,0.015733016353288623,0.0,0.0,0.5991379310344828,0.0,0.0,0.5678684506179145,0.0,0.0,0.0,0.0
8767,46,1.3345652173913047,0.6956521739130437,1.2057306239150403,0.6894720718880807,0.018693666260657014,0.0,0.0,0.0157462720403694,0.0,0.0,0.6630434782608695,0.0,0.0,0.5684672725416113,0.0,0.0,0.0,0.0
8768,52,1.2032692307692312,0.769230769230733,1.2064459431841397,0.6901696300837903,0.016130445991234445,0.0,0.0,0.01575412091394681,0.0,0.0,0.46153846153846156,0.0,0.0,0.5682863274064991,0.0,0.0,0.0,0.0
8769,40,1.3472500000000005,0.8000000000000214,1.2067876495245873,0.6903179633984228,0.01802944128471063,0.0,0.0,0.015739840889270513,0.0,0.0,0.55,0.0,0.0,0.5681167569778142,0.0,0.0,0.0,0.0
8770,57,1.238771929824562,0.9122807017544244,1.2070602655771185,0.6903983656792619,0.0207371512481642,0.0,0.0,0.0157676178022696,0.0,0.0,0.40350877192982454,0.0,0.0,0.5681052093973442,0.0,0.0,0.0,0.0
8771,56,1.3062500000000006,0.7500000000000123,1.2084192790768904,0.6922291432655951,0.013796680497925744,0.0,0.0,0.015764902259084657,0.0,0.0,0.6026785714285714,0.0,0.0,0.5678545900132748,0.0,0.0,0.0,0.0
8772,49,1.1375510204081638,0.5714285714285724,1.2065301746145194,0.6898805269069719,0.014175991861648344,0.0,0.0,0.015753646569424774,0.0,0.0,0.6428571428571429,0.0,0.0,0.5681098744000816,0.0,0.0,0.0,0.0
8773,60,0.9668333333333337,0.6000000000000016,1.206174010607914,0.6893104855161132,0.015055800674798135,0.0,0.0,0.01575859702427351,0.0,0.0,0.42916666666666664,0.0,0.0,0.5680079559363526,0.0,0.0,0.0,0.0
8774,51,1.118823529411765,0.4313725490196339,1.2066397959183661,0.6889795918367321,0.015179569034318456,0.0,0.0,0.015754618440721638,0.0,0.0,0.5392156862745098,0.0,0.0,0.5680102040816326,0.0,0.0,0.0,0.0
8775,54,1.3007407407407414,0.7407407407407643,1.2068873225048513,0.6901624272142175,0.018700745473908233,0.0,0.0,0.015745512266050705,0.0,0.0,0.6296296296296297,0.0,0.0,0.5675247727040555,0.0,0.0,0.0,0.0
8776,52,1.21673076923077,0.6923076923077027,1.2058398776134613,0.689852116267208,0.020272348606216288,0.0,0.0,0.015742705693906064,0.0,0.0,0.5673076923076923,0.0,0.0,0.5667516573176951,0.0,0.0,0.0,0.0
8777,49,1.2736734693877558,0.571428571428596,1.2061384725196278,0.688793718772303,0.01795454545454464,0.0,0.0,0.015738185650078583,0.0,0.0,0.6836734693877551,0.0,0.0,0.5672478841643724,0.0,0.0,0.0,0.0
8778,42,0.9854761904761908,0.5714285714285365,1.2056406329760072,0.689433384379783,0.012802350757809944,0.0,0.0,0.015719781426584176,0.0,0.0,0.4523809523809524,0.0,0.0,0.5667177131189383,0.0,0.0,0.0,0.0
8779,49,0.9965306122448985,0.4489795918367347,1.204546475995913,0.6873340143003036,0.013959405374499913,0.0,0.0,0.015712034002185044,0.0,0.0,0.5153061224489796,0.0,0.0,0.5667262512768131,0.0,0.0,0.0,0.0
8780,52,0.7769230769230773,0.34615384615385003,1.2021298091641994,0.6852740075517879,0.00948579478750869,0.0,0.0,0.015649346508556847,0.0,0.0,0.4423076923076923,0.0,0.0,0.5660016328196755,0.0,0.0,0.0,0.0
8781,49,1.1283673469387758,0.6734693877551152,1.202130195599021,0.6855134474327599,0.012608893956671509,0.0,0.0,0.01567947987132312,0.0,0.0,0.5357142857142857,0.0,0.0,0.5660146699266504,0.0,0.0,0.0,0.0
8782,58,0.9237931034482764,0.6896551724138419,1.200233268819394,0.6848324335336634,0.013103448275862878,0.0,0.0,0.01565458562684424,0.0,0.0,0.3793103448275862,0.0,0.0,0.5649638382397881,0.0,0.0,0.0,0.0
8783,46,1.312826086956522,0.6956521739130548,1.2007636549259817,0.6849412965798855,0.015842077649527466,0.0,0.0,0.015632512065159133,0.0,0.0,0.6086956521739131,0.0,0.0,0.5649055640632976,0.0,0.0,0.0,0.0
8784,55,1.2756363636363641,0.5818181818181798,1.2011851776235187,0.684360963658634,0.014283387622150276,0.0,0.0,0.01560874698219825,0.0,0.0,0.6681818181818182,0.0,0.0,0.5654603919967334,0.0,0.0,0.0,0.0
8785,42,1.0090476190476192,0.5238095238095247,1.2004629535002547,0.68359734287174,0.010925496261923165,0.0,0.0,0.0155749242569892,0.0,0.0,0.5119047619047619,0.0,0.0,0.5655084312723556,0.0,0.0,0.0,0.0
8786,54,1.2481481481481485,0.7037037037037257,1.2009461114513158,0.6839150847111632,0.017694933053295125,0.0,0.0,0.015591536194706178,0.0,0.0,0.5740740740740741,0.0,0.0,0.5658297611757501,0.0,0.0,0.0,0.0
8787,59,1.1481355932203394,0.7118644067797021,1.1990940589014563,0.6830734739631081,0.01860477890689414,0.0,0.0,0.015575845262268878,0.0,0.0,0.6016949152542372,0.0,0.0,0.5653724650973199,0.0,0.0,0.0,0.0
8788,53,1.2877358490566042,0.6792452830188483,1.1996039099887985,0.6828225231646451,0.018744850315846415,0.0,0.0,0.01559162169244244,0.0,0.0,0.6037735849056604,0.0,0.0,0.5657010487730374,0.0,0.0,0.0,0.0
8789,49,1.0028571428571433,0.6938775510203857,1.1991842346471115,0.6833689785110476,0.011237136976903392,0.0,0.0,0.015554133312197786,0.0,0.0,0.413265306122449,0.0,0.0,0.5650015276504736,0.0,0.0,0.0,0.0
8790,55,1.26509090909091,0.80000000000001,1.1983986562150046,0.6826834979130587,0.018373382624769046,0.0,0.0,0.015552618158661664,0.0,0.0,0.5636363636363636,0.0,0.0,0.5651023109029828,0.0,0.0,0.0,0.0
8791,54,0.9703703703703708,0.5185185185185122,1.1967915309446244,0.6828175895765447,0.010562386615602633,0.0,0.0,0.015516593794829994,0.0,0.0,0.4444444444444444,0.0,0.0,0.5635942589576547,0.0,0.0,0.0,0.0
8792,56,1.2548214285714292,0.7142857142856871,1.1958789420142413,0.682197355035603,0.017695794510198013,0.0,0.0,0.015527736096287718,0.0,0.0,0.5803571428571429,0.0,0.0,0.5632502543234995,0.0,0.0,0.0,0.0
8793,56,1.141071428571429,0.6607142857143303,1.195246668701047,0.682229681619365,0.014102847053630883,0.0,0.0,0.01551290886431562,0.0,0.0,0.5535714285714286,0.0,0.0,0.5630912419896247,0.0,0.0,0.0,0.0
8794,60,1.1221666666666674,0.6000000000000014,1.1950081251269542,0.6807840747511658,0.014643323183992994,0.0,0.0,0.01550629157924697,0.0,0.0,0.5458333333333333,0.0,0.0,0.5636299004671949,0.0,0.0,0.0,0.0
8795,50,1.1644000000000003,0.6799999999999929,1.195528562715998,0.6816426102866414,0.011480970222836498,0.0,0.0,0.015482769878024015,0.0,0.0,0.56,0.0,0.0,0.5639103476316324,0.0,0.0,0.0,0.0
8796,54,1.2146296296296302,0.48148148148149805,1.1957645742191463,0.6794180486315983,0.01660086054163467,0.0,0.0,0.015453331036776857,0.0,0.0,0.6944444444444444,0.0,0.0,0.5652151795706583,0.0,0.0,0.0,0.0
8797,43,1.1039534883720934,0.5813953488372238,1.1945784972510678,0.6795968234575425,0.016318322447576295,0.0,0.0,0.01544636298291478,0.0,0.0,0.5988372093023255,0.0,0.0,0.564752596212584,0.0,0.0,0.0,0.0
8798,54,1.2637037037037042,0.6481481481481273,1.1959250966822703,0.6799307958477487,0.018955555555554282,0.0,0.0,0.015475817964399861,0.0,0.0,0.6203703703703703,0.0,0.0,0.5657948300427438,0.0,0.0,0.0,0.0
8799,35,1.1248571428571434,0.4857142857142807,1.1949974518397706,0.6784221791866252,0.013892025405786818,0.0,0.0,0.015449200270924805,0.0,0.0,0.6,0.0,0.0,0.5658444602996636,0.0,0.0,0.0,0.0
8800,48,1.2618750000000005,0.41666666666667945,1.196236241337137,0.6773338768854446,0.017256410256410257,0.0,0.0,0.01546628242986289,0.0,0.0,0.7604166666666666,0.0,0.0,0.5673155320016307,0.0,0.0,0.0,0.0
8801,57,1.2203508771929827,0.7192982456139316,1.1978647795540158,0.6788514407901411,0.014653465346534144,0.0,0.0,0.015476032614272238,0.0,0.0,0.5526315789473685,0.0,0.0,0.5676865899602892,0.0,0.0,0.0,0.0
8802,49,1.2889795918367353,0.7142857142856948,1.1985165953980847,0.6799022602321294,0.02036105738233432,0.0,0.0,0.015493979741184093,0.0,0.0,0.6173469387755102,0.0,0.0,0.5677560578293627,0.0,0.0,0.0,0.0
8803,41,1.0504878048780493,0.8048780487804852,1.1984163864261683,0.6808315499847116,0.01633915022761807,0.0,0.0,0.015487702089775476,0.0,0.0,0.3902439024390244,0.0,0.0,0.5671303373076532,0.0,0.0,0.0,0.0
8804,48,1.2081250000000006,0.6041666666666775,1.1988847015685467,0.6803829700549988,0.026711192998617114,0.0,0.0,0.0155306723736866,0.0,0.0,0.6614583333333334,0.0,0.0,0.567936443267468,0.0,0.0,0.0,0.0
8805,38,1.3692105263157897,0.7368421052631546,1.198314824248598,0.6791645440652039,0.013155499367888875,0.0,0.0,0.015514329846999617,0.0,0.0,0.6842105263157895,0.0,0.0,0.5682119205298013,0.0,0.0,0.0,0.0
8806,49,1.4471428571428577,0.7755102040816706,1.1987805623471872,0.679808475957618,0.019253326092859093,0.0,0.0,0.015528311198851341,0.0,0.0,0.6530612244897959,0.0,0.0,0.5677210676446618,0.0,0.0,0.0,0.0
8807,43,1.0341860465116282,0.511627906976745,1.1969124095034147,0.6777811767105106,0.015494773519163235,0.0,0.0,0.015506164489423279,0.0,0.0,0.5523255813953488,0.0,0.0,0.5674008361374528,0.0,0.0,0.0,0.0
8808,45,1.2606666666666673,0.6666666666666954,1.1982740340503606,0.6782546640840021,0.019302483838039508,0.0,0.0,0.015524488917183254,0.0,0.0,0.6,0.0,0.0,0.567973289835865,0.0,0.0,0.0,0.0
8809,53,1.253018867924529,0.8301886792453017,1.199058931484501,0.679343393148448,0.01627696078431351,0.0,0.0,0.015544777066359242,0.0,0.0,0.5849056603773585,0.0,0.0,0.5681331566068516,0.0,0.0,0.0,0.0
8810,47,1.2282978723404259,0.7234042553191776,1.1984482758620678,0.678943072842275,0.019084297520660473,0.0,0.0,0.015548318526910914,0.0,0.0,0.5319148936170213,0.0,0.0,0.5678177922872883,0.0,0.0,0.0,0.0
8811,53,1.1273584905660383,0.6415094339622702,1.195739494084046,0.6780905752753957,0.022875191424195668,0.0,0.0,0.015542611146687176,0.0,0.0,0.6037735849056604,0.0,0.0,0.5668349653202774,0.0,0.0,0.0,0.0
8812,53,1.1273584905660383,0.7358490566037958,1.1966231514533388,0.6790413054563981,0.018706950532248353,0.0,0.0,0.01559043012610117,0.0,0.0,0.4528301886792453,0.0,0.0,0.5670831208567058,0.0,0.0,0.0,0.0
8813,36,1.4505555555555558,0.888888888888905,1.1968902501276146,0.6793261868300138,0.015504750593824243,0.0,0.0,0.015574777541894338,0.0,0.0,0.6527777777777778,0.0,0.0,0.5668963757018887,0.0,0.0,0.0,0.0
8814,48,1.2775000000000005,0.6666666666666531,1.1972125293337401,0.6787062544638286,0.015073746312683432,0.0,0.0,0.015548358885340554,0.0,0.0,0.6197916666666666,0.0,0.0,0.5675696357514539,0.0,0.0,0.0,0.0
8815,64,1.1992187500000007,0.6250000000000093,1.1969480321366812,0.6779212854673023,0.01707452725250296,0.0,0.0,0.015567067033305633,0.0,0.0,0.609375,0.0,0.0,0.5679090816637852,0.0,0.0,0.0,0.0
8816,45,1.149555555555556,0.7111111111110989,1.1961138261046615,0.6763388311952743,0.012735105859182026,0.0,0.0,0.01555076534529218,0.0,0.0,0.5,0.0,0.0,0.568341478313989,0.0,0.0,0.0,0.0
8817,53,1.315471698113208,0.6415094339622757,1.196080309824703,0.6753974724826728,0.013063518830803013,0.0,0.0,0.0155166901789267,0.0,0.0,0.6792452830188679,0.0,0.0,0.5688442723196087,0.0,0.0,0.0,0.0
8818,55,1.4347272727272735,1.0363636363636675,1.1979688454489907,0.6769497047444498,0.019762083646380553,0.0,0.0,0.015536036125249985,0.0,0.0,0.5454545454545454,0.0,0.0,0.5693341478313989,0.0,0.0,0.0,0.0
8819,50,1.2480000000000004,0.8000000000000301,1.1969198655941335,0.6753894715405753,0.0165429480381764,0.0,0.0,0.015529053522950143,0.0,0.0,0.58,0.0,0.0,0.5697484981162815,0.0,0.0,0.0,0.0
8820,57,1.0745614035087725,0.5614035087719486,1.1961202686202672,0.6747049247049239,0.014597235462345516,0.0,0.0,0.015520636802572922,0.0,0.0,0.49122807017543857,0.0,0.0,0.5690883190883191,0.0,0.0,0.0,0.0
8821,55,1.1830909090909094,0.6909090909090655,1.1961129163281872,0.6750609260763597,0.01265707060883221,0.0,0.0,0.015491604065399862,0.0,0.0,0.5181818181818182,0.0,0.0,0.5688464662875711,0.0,0.0,0.0,0.0
8822,42,1.2592857142857148,0.7619047619047802,1.1959748044295424,0.6754038402925929,0.01610045662100446,0.0,0.0,0.015481441833367695,0.0,0.0,0.5238095238095238,0.0,0.0,0.5680686782485015,0.0,0.0,0.0,0.0
8823,33,0.990909090909091,0.7878787878787918,1.1950030531243625,0.674944026053327,0.010190090370831989,0.0,0.0,0.015444644665710818,0.0,0.0,0.3787878787878788,0.0,0.0,0.5677793608792998,0.0,0.0,0.0,0.0
8824,50,1.4432000000000007,0.9599999999999946,1.196976507678225,0.677311095291365,0.017647346539496126,0.0,0.0,0.015478666952483733,0.0,0.0,0.635,0.0,0.0,0.5679599308451134,0.0,0.0,0.0,0.0
8825,58,0.9708620689655176,0.49999999999999395,1.1954939587775395,0.6761092496700164,0.012909215955984033,0.0,0.0,0.015434231206341213,0.0,0.0,0.5560344827586207,0.0,0.0,0.5678241445832064,0.0,0.0,0.0,0.0
8826,40,0.8055000000000003,0.3999999999999829,1.192783934926282,0.6736146415861712,0.010612648221343413,0.0,0.0,0.015395173715278552,0.0,0.0,0.4375,0.0,0.0,0.5672089476359939,0.0,0.0,0.0,0.0
8827,53,0.9905660377358496,0.49056603773583723,1.190394629780308,0.6715825874694867,0.015597147950088947,0.0,0.0,0.015387718181865939,0.0,0.0,0.4858490566037736,0.0,0.0,0.5665429210740439,0.0,0.0,0.0,0.0
8828,44,1.3465909090909098,0.8636363636363238,1.1910006101281256,0.6724628838722789,0.020623042116252932,0.0,0.0,0.015387313674021116,0.0,0.0,0.5454545454545454,0.0,0.0,0.5662751677852349,0.0,0.0,0.0,0.0
8829,48,1.3539583333333338,0.666666666666664,1.1906712022745725,0.6713038180341175,0.020717245776220677,0.0,0.0,0.01539510774591574,0.0,0.0,0.7447916666666666,0.0,0.0,0.5671709991876523,0.0,0.0,0.0,0.0
8830,50,1.2852000000000006,0.7600000000000054,1.1926764138491206,0.6730632551528063,0.019017460787215584,0.0,0.0,0.015413210832457436,0.0,0.0,0.57,0.0,0.0,0.5676972281449894,0.0,0.0,0.0,0.0
8831,52,0.9400000000000003,0.38461538461539063,1.1903401705930126,0.6713038180341175,0.01348041919470443,0.0,0.0,0.015376675402765596,0.0,0.0,0.6153846153846154,0.0,0.0,0.5674502437043054,0.0,0.0,0.0,0.0
8832,45,1.1793333333333338,0.6222222222222002,1.1904396385419829,0.6724540562493642,0.01605263157894735,0.0,0.0,0.015374500231444096,0.0,0.0,0.5777777777777777,0.0,0.0,0.5669864960909737,0.0,0.0,0.0,0.0
8833,54,1.1864814814814821,0.703703703703718,1.191709618506492,0.6733969155844145,0.012518561938257724,0.0,0.0,0.015368729440520418,0.0,0.0,0.5277777777777778,0.0,0.0,0.5670403814935064,0.0,0.0,0.0,0.0
8834,46,1.370869565217392,0.7391304347826073,1.192635690372323,0.674343106421831,0.0234510970621046,0.0,0.0,0.015385494265028407,0.0,0.0,0.6739130434782609,0.0,0.0,0.5673886578066348,0.0,0.0,0.0,0.0
8835,43,1.1855813953488377,0.6976744186046745,1.1911208121827397,0.6742131979695422,0.015802851828890775,0.0,0.0,0.015349876560331014,0.0,0.0,0.5058139534883721,0.0,0.0,0.5661928934010152,0.0,0.0,0.0,0.0
8836,47,1.10404255319149,0.6382978723404221,1.1925365408038964,0.6748883475436451,0.012885522721628528,0.0,0.0,0.015366878640992529,0.0,0.0,0.5106382978723404,0.0,0.0,0.5665347137637028,0.0,0.0,0.0,0.0
8837,46,1.236956521739131,0.8260869565217831,1.1934361993706208,0.6758704700030447,0.015779256794232498,0.0,0.0,0.015377815681355284,0.0,0.0,0.42391304347826086,0.0,0.0,0.5660846614556898,0.0,0.0,0.0,0.0
8838,52,1.0398076923076927,0.538461538461548,1.1920597196831186,0.6760105626650412,0.013740787801778122,0.0,0.0,0.015355898541604204,0.0,0.0,0.5384615384615384,0.0,0.0,0.5654580540320943,0.0,0.0,0.0,0.0
8839,49,1.2157142857142862,0.8163265306122355,1.1926039231629217,0.6771013314361211,0.01338651685393204,0.0,0.0,0.015364449734389699,0.0,0.0,0.47959183673469385,0.0,0.0,0.564945624555341,0.0,0.0,0.0,0.0
8840,49,1.178367346938776,0.7755102040816175,1.1925807762649856,0.6775045722414137,0.01806633291614461,0.0,0.0,0.015390156755020232,0.0,0.0,0.5714285714285714,0.0,0.0,0.5650782361308677,0.0,0.0,0.0,0.0
8841,45,1.2028888888888891,0.5777777777777618,1.1908577533577518,0.6754171754171747,0.012626545369722629,0.0,0.0,0.015358284517510661,0.0,0.0,0.5944444444444444,0.0,0.0,0.5646876271876272,0.0,0.0,0.0,0.0
8842,37,1.0578378378378384,0.48648648648648746,1.1906922528759019,0.674946554005904,0.01711412330564073,0.0,0.0,0.01537228219083376,0.0,0.0,0.5878378378378378,0.0,0.0,0.5650005090094675,0.0,0.0,0.0,0.0
8843,52,1.2671153846153849,0.6153846153845921,1.1915466748017067,0.6748017083587546,0.013778753659556778,0.0,0.0,0.015381334740506458,0.0,0.0,0.6153846153846154,0.0,0.0,0.565690461663616,0.0,0.0,0.0,0.0
8844,41,1.015365853658537,0.4878048780487922,1.1906427990235948,0.6751423921887707,0.013442040684533524,0.0,0.0,0.015358476852210172,0.0,0.0,0.5792682926829268,0.0,0.0,0.5653224165988608,0.0,0.0,0.0,0.0
8845,30,1.5376666666666672,0.9999999999999837,1.1918418907905444,0.6754278728606352,0.018999176276771293,0.0,0.0,0.01538151660013985,0.0,0.0,0.6083333333333333,0.0,0.0,0.5658109209453953,0.0,0.0,0.0,0.0
8846,52,1.1003846153846157,0.653846153846161,1.1916527494908333,0.6753564154786145,0.01304903078677336,0.0,0.0,0.015380165919258896,0.0,0.0,0.47115384615384615,0.0,0.0,0.5654531568228106,0.0,0.0,0.0,0.0
8847,45,0.8811111111111115,0.6222222222222353,1.1888434472208038,0.6741458439571641,0.011989718778349178,0.0,0.0,0.01534756006841258,0.0,0.0,0.3388888888888889,0.0,0.0,0.5638959714431413,0.0,0.0,0.0,0.0
8848,52,1.152115384615385,0.615384615384609,1.189673049500915,0.6738643308209405,0.01661858529819648,0.0,0.0,0.015360168432791227,0.0,0.0,0.5673076923076923,0.0,0.0,0.5645498064778978,0.0,0.0,0.0,0.0
8849,51,1.0278431372549026,0.5882352941176535,1.1888934175667396,0.6718972895863049,0.018264808362368913,0.0,0.0,0.015387313820597787,0.0,0.0,0.5098039215686274,0.0,0.0,0.5652129610760138,0.0,0.0,0.0,0.0
8850,44,1.3877272727272734,0.7272727272727425,1.1900969091094546,0.6714271141487298,0.018205128205128353,0.0,0.0,0.01538864962901892,0.0,0.0,0.6590909090909091,0.0,0.0,0.5663827399775578,0.0,0.0,0.0,0.0
8851,44,1.0959090909090912,0.5454545454545381,1.1896745230078547,0.6703397612488519,0.012121669180493112,0.0,0.0,0.015372465883277332,0.0,0.0,0.5795454545454546,0.0,0.0,0.5669574533210897,0.0,0.0,0.0,0.0
8852,38,1.3213157894736847,0.6842105263157936,1.1902021852343492,0.670274686000204,0.013714832013111022,0.0,0.0,0.015378449732887689,0.0,0.0,0.7105263157894737,0.0,0.0,0.5676248340651485,0.0,0.0,0.0,0.0
8853,47,1.2604255319148943,0.5957446808510616,1.1902913216804643,0.6699376469385667,0.016603139013452478,0.0,0.0,0.01537568331264685,0.0,0.0,0.6914893617021277,0.0,0.0,0.5682561586425432,0.0,0.0,0.0,0.0
8854,54,1.2081481481481486,0.5925925925925837,1.1894707805476075,0.6675521046178995,0.014124269322364403,0.0,0.0,0.015372997753972098,0.0,0.0,0.6574074074074074,0.0,0.0,0.5692684920310584,0.0,0.0,0.0,0.0
8855,53,1.2041509433962267,0.9811320754717118,1.1895567357777532,0.6700030640384028,0.012377812257564446,0.0,0.0,0.015343689852464358,0.0,0.0,0.41037735849056606,0.0,0.0,0.56799611888469,0.0,0.0,0.0,0.0
8856,56,1.1112500000000003,0.7499999999999477,1.188928352725044,0.6703408858950803,0.010465859401277472,0.0,0.0,0.015296492045879772,0.0,0.0,0.45535714285714285,0.0,0.0,0.5670800163298633,0.0,0.0,0.0,0.0
8857,53,1.3016981132075476,0.7924528301886613,1.1894209126253306,0.6695314098629009,0.017195912263209448,0.0,0.0,0.01529488845969651,0.0,0.0,0.5990566037735849,0.0,0.0,0.5679609167178228,0.0,0.0,0.0,0.0
8858,45,1.1417777777777782,0.6666666666666832,1.1896960704052377,0.6686451084731881,0.013060498220640855,0.0,0.0,0.01531181512622746,0.0,0.0,0.4777777777777778,0.0,0.0,0.5685888252148997,0.0,0.0,0.0,0.0
8859,50,1.0898000000000005,0.520000000000005,1.1875570565960476,0.6660526046464023,0.017894909688012828,0.0,0.0,0.01531517643254511,0.0,0.0,0.625,0.0,0.0,0.5687749462695733,0.0,0.0,0.0,0.0
8860,44,1.173636363636364,0.6363636363636395,1.1878696587765118,0.6664617276360278,0.014741650014273711,0.0,0.0,0.015304272287887286,0.0,0.0,0.5852272727272727,0.0,0.0,0.5686033405061994,0.0,0.0,0.0,0.0
8861,45,1.3848888888888895,0.7111111111110862,1.190897357098953,0.6668715427166557,0.016990185387132126,0.0,0.0,0.015361463215464038,0.0,0.0,0.7055555555555556,0.0,0.0,0.5702980946527351,0.0,0.0,0.0,0.0
8862,51,1.434705882352942,0.8627450980392278,1.1909879197379178,0.6680999180999173,0.02509259259259269,0.0,0.0,0.015401827263857014,0.0,0.0,0.6715686274509803,0.0,0.0,0.5698966011466011,0.0,0.0,0.0,0.0
8863,44,1.2211363636363641,0.4090909090909079,1.1906158417870665,0.6670765447279426,0.016416131989000913,0.0,0.0,0.015395670107737125,0.0,0.0,0.7954545454545454,0.0,0.0,0.5708320524643918,0.0,0.0,0.0,0.0
8864,51,0.9113725490196082,0.5098039215686511,1.188618219037869,0.6665301944728754,0.01038891372373645,0.0,0.0,0.015356134096414807,0.0,0.0,0.44607843137254904,0.0,0.0,0.5694984646878198,0.0,0.0,0.0,0.0
8865,52,1.2673076923076927,0.6346153846153988,1.1874877200163712,0.6664961113385176,0.016231527093595693,0.0,0.0,0.015335827602065854,0.0,0.0,0.6826923076923077,0.0,0.0,0.5689725747032337,0.0,0.0,0.0,0.0
8866,55,1.2860000000000007,0.7272727272727212,1.1888281010328232,0.6674506595766432,0.017361315660285332,0.0,0.0,0.015362085391975573,0.0,0.0,0.6272727272727273,0.0,0.0,0.5696645873811228,0.0,0.0,0.0,0.0
8867,62,1.2232258064516135,0.6129032258064638,1.1887076011442563,0.6666326113608497,0.02007411328745331,0.0,0.0,0.015396699158115883,0.0,0.0,0.6491935483870968,0.0,0.0,0.5699581119738455,0.0,0.0,0.0,0.0
8868,39,0.9841025641025646,0.6153846153846452,1.1866345858503102,0.66663253813863,0.012944350758854006,0.0,0.0,0.015368721158436271,0.0,0.0,0.3974358974358974,0.0,0.0,0.5682655882051807,0.0,0.0,0.0,0.0
8869,46,1.1571739130434788,0.6739130434782554,1.1860170186590095,0.6657781423005945,0.01853412256267481,0.0,0.0,0.015365440937194877,0.0,0.0,0.5108695652173914,0.0,0.0,0.5680233750256305,0.0,0.0,0.0,0.0
8870,57,1.0815789473684214,0.526315789473669,1.1853100338218694,0.6639335861432814,0.018239644970414772,0.0,0.0,0.015374666319248678,0.0,0.0,0.5921052631578947,0.0,0.0,0.5687198934098596,0.0,0.0,0.0,0.0
8871,59,1.3740677966101702,0.7457627118644107,1.1880391152979703,0.6643456891255372,0.015575408261287534,0.0,0.0,0.015387376992652668,0.0,0.0,0.6101694915254238,0.0,0.0,0.5702437026418186,0.0,0.0,0.0,0.0
8872,61,1.3072131147540988,0.704918032786894,1.1870682772033965,0.6636298495240046,0.0171189351653065,0.0,0.0,0.01538319802610629,0.0,0.0,0.680327868852459,0.0,0.0,0.5701453577643566,0.0,0.0,0.0,0.0
8873,61,1.080819672131148,0.5901639344261764,1.1858906489524765,0.6629535002554926,0.014528426619655803,0.0,0.0,0.015388922411792355,0.0,0.0,0.5491803278688525,0.0,0.0,0.5694941236586613,0.0,0.0,0.0,0.0
8874,48,1.1037500000000005,0.6249999999999787,1.1863127748798181,0.6643142068119049,0.012530747398296762,0.0,0.0,0.01537449430278732,0.0,0.0,0.5677083333333334,0.0,0.0,0.5694998465787051,0.0,0.0,0.0,0.0
8875,45,1.2831111111111115,0.8444444444444118,1.1869439328831575,0.6659504808676073,0.01711829232137554,0.0,0.0,0.015398692307283844,0.0,0.0,0.5666666666666667,0.0,0.0,0.5692398199304277,0.0,0.0,0.0,0.0
8876,48,0.9633333333333338,0.6874999999999903,1.1873356543108726,0.6665984026213387,0.013712930011862324,0.0,0.0,0.015425051181736016,0.0,0.0,0.3125,0.0,0.0,0.568989350808929,0.0,0.0,0.0,0.0
8877,57,0.960526315789474,0.5438596491227851,1.1864139553918542,0.6657458563535906,0.01791557591623025,0.0,0.0,0.015425231059013776,0.0,0.0,0.4298245614035088,0.0,0.0,0.5686771025168815,0.0,0.0,0.0,0.0
8878,58,1.1589655172413795,0.6551724137931106,1.1863511715952095,0.6652000409290897,0.012794061667301009,0.0,0.0,0.015404435504228983,0.0,0.0,0.5948275862068966,0.0,0.0,0.5688120331525632,0.0,0.0,0.0,0.0
8879,48,1.1331250000000004,0.47916666666665203,1.1865036324567668,0.6642791363961928,0.011666666666667574,0.0,0.0,0.01538938296214794,0.0,0.0,0.59375,0.0,0.0,0.5692213240560728,0.0,0.0,0.0,0.0
8880,54,1.2364814814814822,0.629629629629609,1.186173610400244,0.6640393080151491,0.022489053553385076,0.0,0.0,0.015415570248373624,0.0,0.0,0.6388888888888888,0.0,0.0,0.569249667314976,0.0,0.0,0.0,0.0
8881,49,1.1271428571428574,0.6530612244897955,1.1851847681441274,0.6644487665062946,0.015999420625724008,0.0,0.0,0.015437200254396228,0.0,0.0,0.47959183673469385,0.0,0.0,0.5681236564643259,0.0,0.0,0.0,0.0
8882,41,1.4243902439024394,0.7804878048780368,1.1877605979930352,0.6656768380094196,0.02081254454739845,0.0,0.0,0.015479497756076165,0.0,0.0,0.7195121951219512,0.0,0.0,0.5694501331148883,0.0,0.0,0.0,0.0
8883,49,1.2971428571428578,0.7346938775510029,1.1898383135489132,0.667724109701186,0.017504819608924,0.0,0.0,0.015513949358272104,0.0,0.0,0.6530612244897959,0.0,0.0,0.5699959066721244,0.0,0.0,0.0,0.0
8884,49,1.1271428571428574,0.6530612244897522,1.1898025171390545,0.6674511408983925,0.012606710796620957,0.0,0.0,0.015498588485560919,0.0,0.0,0.5918367346938775,0.0,0.0,0.5703468740407245,0.0,0.0,0.0,0.0
8885,48,1.1335416666666671,0.8541666666666833,1.1881028840253611,0.6682348128451617,0.020477982687241936,0.0,0.0,0.015487359904441016,0.0,0.0,0.4583333333333333,0.0,0.0,0.569134792391082,0.0,0.0,0.0,0.0
8886,43,1.323255813953489,0.9767441860465197,1.1886003269309338,0.6697997548017973,0.01788183532369666,0.0,0.0,0.01549201098846952,0.0,0.0,0.5232558139534884,0.0,0.0,0.5687832039231713,0.0,0.0,0.0,0.0
8887,59,1.436440677966102,0.8813559322034209,1.1911351572070212,0.6719069007758263,0.016204588910133814,0.0,0.0,0.015509465160605961,0.0,0.0,0.5847457627118644,0.0,0.0,0.5694926500612495,0.0,0.0,0.0,0.0
8888,38,1.018684210526316,0.7368421052631534,1.190061343420916,0.6708925467743576,0.011435745937961846,0.0,0.0,0.015479409973323218,0.0,0.0,0.42105263157894735,0.0,0.0,0.5694969839484715,0.0,0.0,0.0,0.0
8889,43,1.1465116279069771,0.46511627906977454,1.1887548598322057,0.6699406588909342,0.014041583594416769,0.0,0.0,0.015464388579216597,0.0,0.0,0.7267441860465116,0.0,0.0,0.5695211786372008,0.0,0.0,0.0,0.0
8890,47,1.469787234042554,0.6808510638298052,1.1893337427080115,0.6689182274076342,0.022641756801049018,0.0,0.0,0.015493255935803021,0.0,0.0,0.7446808510638298,0.0,0.0,0.5700798280626344,0.0,0.0,0.0,0.0
8891,51,1.1239215686274513,0.5294117647058849,1.1901124629383477,0.6691544831816783,0.014042136207741102,0.0,0.0,0.015511263848283793,0.0,0.0,0.6127450980392157,0.0,0.0,0.5703660157448114,0.0,0.0,0.0,0.0
8892,45,1.055333333333334,0.5555555555555605,1.1894926869182756,0.6689168456581767,0.01431283905967496,0.0,0.0,0.015505234331669402,0.0,0.0,0.4388888888888889,0.0,0.0,0.5696788380893935,0.0,0.0,0.0,0.0
8893,51,1.1960784313725497,0.9019607843137174,1.189376724226012,0.6704812506386015,0.015517679979648868,0.0,0.0,0.015490315583560076,0.0,0.0,0.4950980392156863,0.0,0.0,0.5688157760294268,0.0,0.0,0.0,0.0
8894,40,1.0430000000000004,0.5250000000000086,1.1879247597628277,0.6701083622980979,0.014224343675418135,0.0,0.0,0.01550288437421617,0.0,0.0,0.5625,0.0,0.0,0.5682375792271519,0.0,0.0,0.0,0.0
8895,36,1.2052777777777781,0.7222222222222127,1.1868321392016357,0.6694984646878193,0.017495967741935695,0.0,0.0,0.01548332004705609,0.0,0.0,0.6111111111111112,0.0,0.0,0.5680399181166838,0.0,0.0,0.0,0.0
8896,56,1.2633928571428577,0.714285714285704,1.188339977512009,0.6702443013390569,0.02135526712948898,0.0,0.0,0.015527662689094897,0.0,0.0,0.625,0.0,0.0,0.5692272309107635,0.0,0.0,0.0,0.0
8897,47,1.320851063829788,0.6382978723404203,1.189110247494373,0.6690529760687254,0.01647121252321576,0.0,0.0,0.015529433763180882,0.0,0.0,0.6595744680851063,0.0,0.0,0.5702086316220086,0.0,0.0,0.0,0.0
8898,48,1.452916666666667,1.0833333333333557,1.190693322425604,0.6710297576439306,0.019767573696145575,0.0,0.0,0.015547047222804491,0.0,0.0,0.53125,0.0,0.0,0.5700991921464362,0.0,0.0,0.0,0.0
8899,38,1.2997368421052637,0.7105263157894508,1.1915175735218753,0.6725074290398603,0.019771817453962788,0.0,0.0,0.015555192881116923,0.0,0.0,0.6447368421052632,0.0,0.0,0.5698585920688595,0.0,0.0,0.0,0.0
8900,56,1.0032142857142863,0.6785714285714384,1.1898608126087382,0.6712721318186469,0.015208446128858058,0.0,0.0,0.015538259830585916,0.0,0.0,0.4330357142857143,0.0,0.0,0.5691843209497492,0.0,0.0,0.0,0.0
8901,58,1.3231034482758626,0.8965517241379368,1.191687314426127,0.6727756731852151,0.016814198071867733,0.0,0.0,0.01557689270753868,0.0,0.0,0.5172413793103449,0.0,0.0,0.5698013719668271,0.0,0.0,0.0,0.0
8902,57,1.180175438596492,0.7017543859649081,1.1909488229273268,0.6723643807574208,0.02466813348001488,0.0,0.0,0.015609582351773213,0.0,0.0,0.5701754385964912,0.0,0.0,0.5698822927328557,0.0,0.0,0.0,0.0
8903,56,0.9732142857142863,0.5714285714285686,1.189730226854689,0.6708563253627632,0.012606985889428178,0.0,0.0,0.015622144487426652,0.0,0.0,0.45982142857142855,0.0,0.0,0.5696913958716534,0.0,0.0,0.0,0.0
8904,49,1.1206122448979596,0.6530612244897773,1.188638080653393,0.6704441041347627,0.01585619405140036,0.0,0.0,0.01560446526938239,0.0,0.0,0.5204081632653061,0.0,0.0,0.5692700357325166,0.0,0.0,0.0,0.0
8905,42,1.3690476190476197,0.5714285714285766,1.1896213512961815,0.6701367626046134,0.02042628774422777,0.0,0.0,0.015635044446739667,0.0,0.0,0.7440476190476191,0.0,0.0,0.5701163502755664,0.0,0.0,0.0,0.0
8906,49,1.2328571428571433,0.6938775510203988,1.189497959183672,0.6687755102040814,0.020953867499132486,0.0,0.0,0.015647675348872136,0.0,0.0,0.6020408163265306,0.0,0.0,0.5713265306122449,0.0,0.0,0.0,0.0
8907,55,1.4270909090909099,0.6727272727273023,1.1907263823709433,0.6692511732299531,0.01718257443082355,0.0,0.0,0.0156814508381847,0.0,0.0,0.7136363636363636,0.0,0.0,0.5717455621301775,0.0,0.0,0.0,0.0
8908,53,1.1932075471698118,0.905660377358487,1.1901274729757279,0.6694880685294717,0.016868498266204644,0.0,0.0,0.01565209519160096,0.0,0.0,0.46226415094339623,0.0,0.0,0.5711299204568632,0.0,0.0,0.0,0.0
8909,52,1.0946153846153852,0.6538461538461671,1.1882437531871484,0.668230494645589,0.012618044779428286,0.0,0.0,0.015606491893839615,0.0,0.0,0.5,0.0,0.0,0.5704232534421214,0.0,0.0,0.0,0.0
8910,43,1.0595348837209306,0.5581395348837321,1.1883428629773318,0.6677557688380645,0.012641509433962335,0.0,0.0,0.015608578218374136,0.0,0.0,0.5581395348837209,0.0,0.0,0.5707831325301205,0.0,0.0,0.0,0.0
8911,54,1.4892592592592597,0.888888888888893,1.1890323568439305,0.6675512912115956,0.025883488896041702,0.0,0.0,0.01563781174404835,0.0,0.0,0.6481481481481481,0.0,0.0,0.5711187098091253,0.0,0.0,0.0,0.0
8912,51,1.0570588235294123,0.5098039215686403,1.187720911226886,0.6663602002247423,0.013129566488066256,0.0,0.0,0.01563120540677888,0.0,0.0,0.5490196078431373,0.0,0.0,0.5706660537337828,0.0,0.0,0.0,0.0
8913,51,1.2464705882352949,0.6666666666666915,1.1871957942017135,0.6659861167823607,0.014654218533886959,0.0,0.0,0.015614956819695346,0.0,0.0,0.5686274509803921,0.0,0.0,0.5701561861984483,0.0,0.0,0.0,0.0
8914,51,1.1715686274509811,0.509803921568597,1.1869666360575437,0.6660544842363028,0.016955164585697367,0.0,0.0,0.015614271736373088,0.0,0.0,0.6764705882352942,0.0,0.0,0.5699163350678502,0.0,0.0,0.0,0.0
8915,42,1.410238095238096,0.9047619047619128,1.1884252369789,0.6670064213637757,0.01617422173675611,0.0,0.0,0.015620352098429987,0.0,0.0,0.5833333333333334,0.0,0.0,0.5703037406992152,0.0,0.0,0.0,0.0
8916,56,1.3437500000000004,0.7142857142856976,1.1892572592969932,0.6667345899133982,0.016451683428071535,0.0,0.0,0.015624327377669714,0.0,0.0,0.6428571428571429,0.0,0.0,0.5712175241976567,0.0,0.0,0.0,0.0
8917,58,1.3910344827586214,0.8275862068965484,1.1903602320138382,0.6669380278823653,0.01611022364217247,0.0,0.0,0.015629694852931326,0.0,0.0,0.521551724137931,0.0,0.0,0.5712577592347614,0.0,0.0,0.0,0.0
8918,38,1.1513157894736847,0.6578947368421059,1.1912442678080086,0.6675838173851019,0.018483312209548068,0.0,0.0,0.015664101024827386,0.0,0.0,0.4342105263157895,0.0,0.0,0.5710027514521553,0.0,0.0,0.0,0.0
8919,51,1.1678431372549025,0.9019607843137388,1.1917218543046346,0.6676515537442698,0.011574038087835437,0.0,0.0,0.015661130190864455,0.0,0.0,0.38235294117647056,0.0,0.0,0.5714212939378502,0.0,0.0,0.0,0.0
8920,49,1.0457142857142863,0.5714285714285575,1.1896833638770097,0.6659539808592961,0.013826227738801718,0.0,0.0,0.015608167223445883,0.0,0.0,0.5510204081632653,0.0,0.0,0.5711667684789249,0.0,0.0,0.0,0.0
8921,41,0.9219512195121954,0.43902439024392886,1.189073130983906,0.6658178855163992,0.008910891089109148,0.0,0.0,0.015592745845476546,0.0,0.0,0.5426829268292683,0.0,0.0,0.5708138113668771,0.0,0.0,0.0,0.0
8922,46,1.265869565217392,0.6086956521739196,1.1894785619716863,0.6657500763825246,0.016641897685053024,0.0,0.0,0.015614938587026983,0.0,0.0,0.6195652173913043,0.0,0.0,0.5708575211324982,0.0,0.0,0.0,0.0
8923,40,1.0637500000000002,0.6500000000000258,1.1886146788990812,0.6661569826707452,0.013169297431135837,0.0,0.0,0.015617086191701978,0.0,0.0,0.425,0.0,0.0,0.5698012232415902,0.0,0.0,0.0,0.0
8924,45,1.4720000000000009,0.8888888888889094,1.1887887438825435,0.666292822185972,0.017169517884914744,0.0,0.0,0.01559569780864315,0.0,0.0,0.6111111111111112,0.0,0.0,0.569611541598695,0.0,0.0,0.0,0.0
8925,47,1.1823404255319154,0.723404255319142,1.188587478296393,0.6672454294760506,0.016617822966507517,0.0,0.0,0.01562565960315051,0.0,0.0,0.5638297872340425,0.0,0.0,0.5687621284853437,0.0,0.0,0.0,0.0
8926,47,1.3491489361702134,0.8936170212766491,1.1895526046986709,0.668947906026559,0.015334945586457675,0.0,0.0,0.015632888113296182,0.0,0.0,0.5106382978723404,0.0,0.0,0.5681818181818182,0.0,0.0,0.0,0.0
8927,54,1.0307407407407412,0.7037037037037172,1.188070713263845,0.6698344573881068,0.01257568910980577,0.0,0.0,0.015611937973670487,0.0,0.0,0.4583333333333333,0.0,0.0,0.5666002452483139,0.0,0.0,0.0,0.0
8928,54,1.1866666666666672,0.7777777777777414,1.1888169186759285,0.6717409072333481,0.01385214007782046,0.0,0.0,0.01561529088430114,0.0,0.0,0.48148148148148145,0.0,0.0,0.565820392317123,0.0,0.0,0.0,0.0
8929,58,1.2772413793103454,0.6206896551723983,1.1907558139534873,0.6720726234190136,0.012905923344947482,0.0,0.0,0.015611541192659426,0.0,0.0,0.6724137931034483,0.0,0.0,0.5667839657282742,0.0,0.0,0.0,0.0
8930,59,1.0705084745762716,0.6440677966101847,1.1904427480916018,0.672468193384225,0.011741959472020861,0.0,0.0,0.015603267373094446,0.0,0.0,0.4788135593220339,0.0,0.0,0.5667175572519084,0.0,0.0,0.0,0.0
8931,46,0.922173913043479,0.3043478260869604,1.1884186946339466,0.6698910497912649,0.013285311619166492,0.0,0.0,0.015616521202763238,0.0,0.0,0.5543478260869565,0.0,0.0,0.5662865288667142,0.0,0.0,0.0,0.0
8932,50,1.1400000000000008,0.6399999999999967,1.1889169638308696,0.6698930208863999,0.015043547110055568,0.0,0.0,0.015628056848680284,0.0,0.0,0.545,0.0,0.0,0.5663015792154865,0.0,0.0,0.0,0.0
8933,44,0.8936363636363641,0.5909090909090856,1.1897790673997137,0.6712482182854831,0.011231076835189818,0.0,0.0,0.015637495701231206,0.0,0.0,0.3465909090909091,0.0,0.0,0.5658216249236409,0.0,0.0,0.0,0.0
8934,45,1.3311111111111118,0.666666666666674,1.1894209989806308,0.6700305810397569,0.016330425299891028,0.0,0.0,0.015602582908888125,0.0,0.0,0.6444444444444445,0.0,0.0,0.5659785932721713,0.0,0.0,0.0,0.0
8935,48,1.001458333333334,0.604166666666681,1.1881213666496673,0.6702702702702719,0.012175785207700376,0.0,0.0,0.015565331601703824,0.0,0.0,0.4375,0.0,0.0,0.5646863844977053,0.0,0.0,0.0,0.0
8936,44,1.139545454545455,0.4772727272727341,1.1884037990196066,0.6686070261437924,0.015161778046567714,0.0,0.0,0.0155817419318556,0.0,0.0,0.5625,0.0,0.0,0.5653339460784313,0.0,0.0,0.0,0.0
8937,45,1.3008888888888894,0.7111111111111632,1.1893617890329815,0.669355662207701,0.011369197902506184,0.0,0.0,0.015571479564757603,0.0,0.0,0.6222222222222222,0.0,0.0,0.5654038598999285,0.0,0.0,0.0,0.0
8938,37,1.2089189189189196,0.8108108108108324,1.189682994171182,0.6697003783617974,0.017323780015492167,0.0,0.0,0.015584983964784138,0.0,0.0,0.4189189189189189,0.0,0.0,0.5652418447694039,0.0,0.0,0.0,0.0
8939,52,1.3251923076923084,0.9230769230769224,1.1904776027817539,0.6708938433217445,0.015078774617068011,0.0,0.0,0.015584257884512653,0.0,0.0,0.5288461538461539,0.0,0.0,0.5650184086725302,0.0,0.0,0.0,0.0
8940,51,0.9229411764705885,0.47058823529411375,1.1891575503527234,0.6694612002862712,0.009810337640683463,0.0,0.0,0.015543244836023611,0.0,0.0,0.4411764705882353,0.0,0.0,0.564385032205296,0.0,0.0,0.0,0.0
8941,62,1.3733870967741941,0.6290322580645133,1.1899418723230661,0.669284111768307,0.014951712028094945,0.0,0.0,0.015532164972605723,0.0,0.0,0.7298387096774194,0.0,0.0,0.5651131960024475,0.0,0.0,0.0,0.0
8942,59,1.3005084745762718,0.7457627118644115,1.190600264523348,0.6709736494048244,0.013544571932921594,0.0,0.0,0.015513154301561331,0.0,0.0,0.6949152542372882,0.0,0.0,0.5653169193203784,0.0,0.0,0.0,0.0
8943,57,1.3201754385964917,0.7543859649122475,1.1912055295791817,0.6710713559666615,0.015752564370943977,0.0,0.0,0.015489811213018805,0.0,0.0,0.6228070175438597,0.0,0.0,0.5662736328522058,0.0,0.0,0.0,0.0
8944,49,1.2834693877551027,0.5714285714286077,1.1911961819658803,0.6703899268887101,0.012180902576020952,0.0,0.0,0.015452473786817,0.0,0.0,0.673469387755102,0.0,0.0,0.5664094232331438,0.0,0.0,0.0,0.0
8945,49,1.4842857142857147,0.65306122448978,1.1919087305620477,0.6703933326557594,0.014809611077173655,0.0,0.0,0.015431041061931059,0.0,0.0,0.7755102040816326,0.0,0.0,0.5671308059762171,0.0,0.0,0.0,0.0
8946,59,1.258644067796611,0.6101694915254154,1.193206075949366,0.6702784810126597,0.016118949424788073,0.0,0.0,0.015436618721906846,0.0,0.0,0.6101694915254238,0.0,0.0,0.5678987341772151,0.0,0.0,0.0,0.0
8947,50,1.2810000000000001,0.7200000000000215,1.1925493371116271,0.669871470498939,0.014123484013230499,0.0,0.0,0.01542728988994702,0.0,0.0,0.59,0.0,0.0,0.567705697803866,0.0,0.0,0.0,0.0
8948,48,0.9635416666666671,0.708333333333333,1.1908966703774908,0.6692642445096668,0.015183847669073946,0.0,0.0,0.015413598835785193,0.0,0.0,0.4270833333333333,0.0,0.0,0.5670478696488209,0.0,0.0,0.0,0.0
8949,46,1.2223913043478265,0.8260869565217278,1.1919886593762645,0.6712231672742018,0.01739789603960326,0.0,0.0,0.01542724071547732,0.0,0.0,0.5217391304347826,0.0,0.0,0.5670311867152693,0.0,0.0,0.0,0.0
8950,45,1.1562222222222225,0.48888888888888093,1.1917833620427591,0.6714966055324771,0.010710168793742708,0.0,0.0,0.015398173434681174,0.0,0.0,0.6888888888888889,0.0,0.0,0.5665720944371263,0.0,0.0,0.0,0.0
8951,44,1.1852272727272732,0.6136363636363696,1.1921026473273142,0.6717719849883372,0.015415311853384864,0.0,0.0,0.01539679067043783,0.0,0.0,0.6079545454545454,0.0,0.0,0.5667156912465767,0.0,0.0,0.0,0.0
8952,45,1.3288888888888892,0.7555555555555225,1.191669711733657,0.6714372716199773,0.01401781528363768,0.0,0.0,0.01537463152339458,0.0,0.0,0.65,0.0,0.0,0.5666869671132765,0.0,0.0,0.0,0.0
8953,46,1.249782608695653,0.7826086956521455,1.1905040650406495,0.6718495934959364,0.016601212821252837,0.0,0.0,0.015354175076937595,0.0,0.0,0.5380434782608695,0.0,0.0,0.5655741869918699,0.0,0.0,0.0,0.0
8954,49,1.2328571428571433,0.857142857142857,1.1907715767002125,0.6723594591847123,0.016482946793997404,0.0,0.0,0.015349744140791363,0.0,0.0,0.5102040816326531,0.0,0.0,0.5658737419945106,0.0,0.0,0.0,0.0
8955,45,0.9715555555555557,0.42222222222222094,1.1895260374288028,0.6709723352318975,0.011427077888134346,0.0,0.0,0.015305176484136585,0.0,0.0,0.5555555555555556,0.0,0.0,0.5657038242473555,0.0,0.0,0.0,0.0
8956,42,1.0709523809523813,0.5000000000000184,1.1885689585028467,0.6708706265256323,0.012592385218364751,0.0,0.0,0.01528354176094082,0.0,0.0,0.5535714285714286,0.0,0.0,0.5649664361269324,0.0,0.0,0.0,0.0
8957,49,1.1355102040816332,0.4081632653061364,1.1889143031412004,0.6699196909626938,0.013806451612902804,0.0,0.0,0.015296197187519617,0.0,0.0,0.6581632653061225,0.0,0.0,0.5652892141913185,0.0,0.0,0.0,0.0
8958,58,1.4034482758620697,0.862068965517232,1.1899746398863855,0.6715358084804237,0.014068441064638141,0.0,0.0,0.015272232789271336,0.0,0.0,0.6206896551724138,0.0,0.0,0.5649726110772977,0.0,0.0,0.0,0.0
8959,42,1.2200000000000006,0.4761904761904608,1.1886702559934974,0.6704591629418948,0.018418404025880047,0.0,0.0,0.015277943524748228,0.0,0.0,0.7142857142857143,0.0,0.0,0.5644555058919138,0.0,0.0,0.0,0.0
8960,47,1.0012765957446812,0.5531914893616773,1.189095068632434,0.6694458566344701,0.012576162479957995,0.0,0.0,0.015263770643075948,0.0,0.0,0.5531914893617021,0.0,0.0,0.5653787493645145,0.0,0.0,0.0,0.0
8961,45,1.286666666666667,0.6666666666666621,1.19002647657841,0.6688391038696554,0.016885389326333416,0.0,0.0,0.015276095112354407,0.0,0.0,0.6222222222222222,0.0,0.0,0.5664460285132383,0.0,0.0,0.0,0.0
8962,54,1.0600000000000005,0.7037037037036823,1.1908429936953413,0.6695139312588991,0.012476024411508701,0.0,0.0,0.015282499331188784,0.0,0.0,0.5092592592592593,0.0,0.0,0.5669615619280048,0.0,0.0,0.0,0.0
8963,38,1.2644736842105269,0.7894736842104637,1.1906695156695146,0.6689051689051697,0.011985532551758509,0.0,0.0,0.015272504688680728,0.0,0.0,0.5921052631578947,0.0,0.0,0.5673076923076923,0.0,0.0,0.0,0.0
8964,48,1.2581250000000004,0.7083333333333698,1.1905573070273556,0.6697854164547961,0.013105468750000253,0.0,0.0,0.01527562476512589,0.0,0.0,0.6354166666666666,0.0,0.0,0.567019220990542,0.0,0.0,0.0,0.0
8965,46,1.111521739130435,0.6086956521738941,1.189965429588204,0.6696492119979676,0.01337781266352733,0.0,0.0,0.01525636479774739,0.0,0.0,0.5163043478260869,0.0,0.0,0.5667259786476868,0.0,0.0,0.0,0.0
8966,36,0.8275000000000001,0.4444444444444413,1.1896402731071016,0.67053908081117,0.008667442537096138,0.0,0.0,0.015251499485909214,0.0,0.0,0.4375,0.0,0.0,0.5660603281361459,0.0,0.0,0.0,0.0
8967,43,1.331162790697675,0.6046511627906792,1.1895810397553506,0.6701325178389409,0.019502555366269218,0.0,0.0,0.015253032362628753,0.0,0.0,0.7674418604651163,0.0,0.0,0.5664882772680938,0.0,0.0,0.0,0.0
8968,52,1.219807692307693,0.6153846153846168,1.1896687054026491,0.6693170234454651,0.01837485515643053,0.0,0.0,0.015262674703427575,0.0,0.0,0.5961538461538461,0.0,0.0,0.5672018348623853,0.0,0.0,0.0,0.0
8969,46,0.98304347826087,0.6521739130434494,1.1880582722086375,0.6687041564792185,0.012152647137866734,0.0,0.0,0.015236750132286377,0.0,0.0,0.42391304347826086,0.0,0.0,0.5666004482477588,0.0,0.0,0.0,0.0
8970,44,1.1040909090909097,0.9090909090909065,1.1873865143323459,0.66836682648169,0.01834592145015066,0.0,0.0,0.01522302348331477,0.0,0.0,0.375,0.0,0.0,0.566688768744262,0.0,0.0,0.0,0.0
8971,43,1.2688372093023261,0.6511627906976809,1.1870643513789567,0.6678243105209403,0.01655842185128979,0.0,0.0,0.015238709660499781,0.0,0.0,0.6162790697674418,0.0,0.0,0.5667007150153217,0.0,0.0,0.0,0.0
8972,45,1.290444444444445,0.7999999999999967,1.1877876558348648,0.6689147762109141,0.01773671350030509,0.0,0.0,0.015254927076511592,0.0,0.0,0.5777777777777777,0.0,0.0,0.566370324954016,0.0,0.0,0.0,0.0
8973,32,1.1653125000000004,0.7499999999999833,1.1890725558516075,0.6696044271367088,0.012222222222222199,0.0,0.0,0.015243778911426104,0.0,0.0,0.5078125,0.0,0.0,0.5670219307235089,0.0,0.0,0.0,0.0
8974,41,0.8973170731707322,0.39024390243902013,1.1882129667624115,0.6696758309396802,0.010288031319910977,0.0,0.0,0.01522080796028269,0.0,0.0,0.5304878048780488,0.0,0.0,0.5670137464095198,0.0,0.0,0.0,0.0
8975,49,1.2575510204081635,0.7142857142857213,1.1879380067740932,0.669506312224161,0.012053990610328672,0.0,0.0,0.015182426600413993,0.0,0.0,0.5969387755102041,0.0,0.0,0.5668172020938109,0.0,0.0,0.0,0.0
8976,35,1.2105714285714286,0.7999999999999879,1.1878655151141262,0.6698539995887314,0.010836317135551008,0.0,0.0,0.015139341888529115,0.0,0.0,0.5571428571428572,0.0,0.0,0.5667797655768044,0.0,0.0,0.0,0.0
8977,51,1.2266666666666672,0.7058823529411947,1.1876367187499988,0.6705386513157895,0.014609995329285582,0.0,0.0,0.015123565148070055,0.0,0.0,0.5784313725490197,0.0,0.0,0.5662520559210527,0.0,0.0,0.0,0.0
8978,57,1.0977192982456143,0.6666666666666834,1.1879821410243243,0.6709432413014474,0.013341151385928365,0.0,0.0,0.015122448019692042,0.0,0.0,0.49122807017543857,0.0,0.0,0.5663040131376372,0.0,0.0,0.0,0.0
8979,59,1.1738983050847462,0.6779661016949149,1.1888588126730226,0.6721008920332209,0.014581052631579137,0.0,0.0,0.015124400303663544,0.0,0.0,0.559322033898305,0.0,0.0,0.566517994463242,0.0,0.0,0.0,0.0
8980,54,1.1033333333333337,0.7777777777777675,1.1905812403895428,0.674423372629421,0.012714468629961916,0.0,0.0,0.015140985444519061,0.0,0.0,0.4537037037037037,0.0,0.0,0.566555612506407,0.0,0.0,0.0,0.0
8981,56,1.4092857142857151,0.9642857142856943,1.1921481253841417,0.6760909649661956,0.016628739991571682,0.0,0.0,0.015164654311946699,0.0,0.0,0.5714285714285714,0.0,0.0,0.5667383732841631,0.0,0.0,0.0,0.0
8982,46,1.3345652173913047,0.6956521739130627,1.1944164102564094,0.6761025641025641,0.016168027390044665,0.0,0.0,0.015180607299376647,0.0,0.0,0.6739130434782609,0.0,0.0,0.5683589743589743,0.0,0.0,0.0,0.0
8983,33,1.0039393939393944,0.6060606060605968,1.1932114614357594,0.6757728253055354,0.013451075923670723,0.0,0.0,0.015171751862467933,0.0,0.0,0.44696969696969696,0.0,0.0,0.5677570093457944,0.0,0.0,0.0,0.0
8984,40,1.3950000000000005,0.8000000000000375,1.193575396009051,0.6768154700678872,0.015325460038450974,0.0,0.0,0.01517819163547038,0.0,0.0,0.64375,0.0,0.0,0.567501542892409,0.0,0.0,0.0,0.0
8985,46,1.1450000000000007,0.5652173913043407,1.194142504626773,0.6769483857701007,0.022093120805369966,0.0,0.0,0.015221416504700411,0.0,0.0,0.5489130434782609,0.0,0.0,0.5676537117005963,0.0,0.0,0.0,0.0
8986,54,1.34425925925926,0.7777777777777822,1.1946761258482412,0.6773596545342381,0.019208785392961936,0.0,0.0,0.015228817191335665,0.0,0.0,0.6111111111111112,0.0,0.0,0.567859346082665,0.0,0.0,0.0,0.0
8987,44,1.167954545454546,0.7272727272727098,1.1948378127896195,0.6773761713520745,0.013751672464543391,0.0,0.0,0.015205475143660283,0.0,0.0,0.5681818181818182,0.0,0.0,0.5676552363299351,0.0,0.0,0.0,0.0
8988,43,0.904651162790698,0.46511627906976727,1.1930440160808158,0.6764251108133179,0.013053691275167782,0.0,0.0,0.015180162219447457,0.0,0.0,0.4418604651162791,0.0,0.0,0.5669003195546851,0.0,0.0,0.0,0.0
8989,61,1.3483606557377055,0.7868852459016775,1.194978894265417,0.6770307834860497,0.015856950067477275,0.0,0.0,0.015207353407456149,0.0,0.0,0.6229508196721312,0.0,0.0,0.5680273859775559,0.0,0.0,0.0,0.0
8990,41,1.3529268292682934,0.8780487804877941,1.1952489947417253,0.6771832147644087,0.01377110228401224,0.0,0.0,0.015184071860522707,0.0,0.0,0.5304878048780488,0.0,0.0,0.5678935972780699,0.0,0.0,0.0,0.0
8991,49,1.3432653061224498,0.6122448979591948,1.1972498452651115,0.6777388075098002,0.017194357366771575,0.0,0.0,0.015224242010845487,0.0,0.0,0.7193877551020408,0.0,0.0,0.5693470187744997,0.0,0.0,0.0,0.0
8992,56,1.096785714285715,0.6785714285714162,1.196336909428512,0.6775324943263877,0.014253887212810457,0.0,0.0,0.015205891299673282,0.0,0.0,0.44642857142857145,0.0,0.0,0.5685733443367031,0.0,0.0,0.0,0.0
8993,50,1.1564000000000008,0.760000000000003,1.1964502477291488,0.6780553261767135,0.016667627558375354,0.0,0.0,0.015219111317687802,0.0,0.0,0.465,0.0,0.0,0.5681255161023947,0.0,0.0,0.0,0.0
8994,50,1.3816000000000006,0.8000000000000362,1.1978673279603218,0.6791692498450095,0.016710208030963427,0.0,0.0,0.015230687978054522,0.0,0.0,0.56,0.0,0.0,0.5682217400289316,0.0,0.0,0.0,0.0
8995,46,1.361739130434783,0.6956521739130384,1.1988195162290667,0.6792433326442011,0.014621848739494882,0.0,0.0,0.015252265012737225,0.0,0.0,0.6358695652173914,0.0,0.0,0.5685859003514575,0.0,0.0,0.0,0.0
8996,60,1.2150000000000005,0.800000000000023,1.198831611570247,0.6810950413223144,0.01343531146332488,0.0,0.0,0.01523233041848355,0.0,0.0,0.5416666666666666,0.0,0.0,0.5677169421487603,0.0,0.0,0.0,0.0
8997,54,1.186481481481482,0.9629629629630556,1.1991837787638004,0.6831080383861322,0.012278650824071485,0.0,0.0,0.015208027167263218,0.0,0.0,0.35185185185185186,0.0,0.0,0.5663760189866887,0.0,0.0,0.0,0.0
8998,48,1.2287500000000005,0.6666666666666671,1.1989705730511089,0.683221476510068,0.016119158239957257,0.0,0.0,0.01519473602943682,0.0,0.0,0.6510416666666666,0.0,0.0,0.5664945792462571,0.0,0.0,0.0,0.0
8999,57,1.1970175438596498,0.6315789473684071,1.1992263315133398,0.6836303698362015,0.01241448326055352,0.0,0.0,0.015179624867644877,0.0,0.0,0.5526315789473685,0.0,0.0,0.5662923663335737,0.0,0.0,0.0,0.0
9000,51,0.9900000000000005,0.4313725490195926,1.1978177136972183,0.6836251287332654,0.013360677427891031,0.0,0.0,0.015161162492097363,0.0,0.0,0.5049019607843137,0.0,0.0,0.565010298661174,0.0,0.0,0.0,0.0
9001,47,1.1734042553191495,0.5957446808510526,1.1975670103092775,0.6829896907216507,0.015513361462728505,0.0,0.0,0.015165943602283731,0.0,0.0,0.5691489361702128,0.0,0.0,0.5651030927835051,0.0,0.0,0.0,0.0
9002,56,1.025178571428572,0.6071428571428632,1.1961110538786435,0.6823941485525922,0.013289351851851683,0.0,0.0,0.015134370303361348,0.0,0.0,0.4375,0.0,0.0,0.5641032244771814,0.0,0.0,0.0,0.0
9003,50,1.0980000000000003,0.9599999999999789,1.196220666941127,0.6833058871963782,0.010531363897947715,0.0,0.0,0.015099071384401168,0.0,0.0,0.36,0.0,0.0,0.563786537669823,0.0,0.0,0.0,0.0
9004,51,1.1092156862745102,0.3529411764705771,1.1957053194773115,0.6819631649346651,0.014390740269651925,0.0,0.0,0.01506278612794687,0.0,0.0,0.7058823529411765,0.0,0.0,0.5640497993620743,0.0,0.0,0.0,0.0
9005,46,1.2843478260869572,0.7826086956521764,1.195446694767142,0.6822247352729526,0.017340769004989667,0.0,0.0,0.015082637231503623,0.0,0.0,0.6304347826086957,0.0,0.0,0.5638943147938728,0.0,0.0,0.0,0.0
9006,56,1.1996428571428577,0.5357142857142931,1.1942038216560502,0.6809122662831322,0.01786227067269326,0.0,0.0,0.01507627380232885,0.0,0.0,0.6651785714285714,0.0,0.0,0.5640281487569344,0.0,0.0,0.0,0.0
9007,47,1.1468085106382986,0.723404255319132,1.1946816594783316,0.6818648593140283,0.015360501567398406,0.0,0.0,0.015076009781294548,0.0,0.0,0.5106382978723404,0.0,0.0,0.5638221400698296,0.0,0.0,0.0,0.0
9008,48,1.2360416666666671,0.9583333333333196,1.194580638538137,0.6832974027307263,0.015613157894736607,0.0,0.0,0.015062572973756676,0.0,0.0,0.3697916666666667,0.0,0.0,0.5626989015501489,0.0,0.0,0.0,0.0
9009,59,1.2813559322033905,0.779661016949194,1.1947881399404938,0.6830819739407005,0.016600790513833553,0.0,0.0,0.0150652253781313,0.0,0.0,0.4915254237288136,0.0,0.0,0.5621473273827845,0.0,0.0,0.0,0.0
9010,59,1.0818644067796614,0.5593220338983088,1.193944051644635,0.6821395634798653,0.011339491916858931,0.0,0.0,0.015022511139533007,0.0,0.0,0.4957627118644068,0.0,0.0,0.5618915872527923,0.0,0.0,0.0,0.0
9011,42,1.1900000000000004,0.7857142857142992,1.1942890849405,0.6828067295855567,0.018614525139665276,0.0,0.0,0.01500850211876156,0.0,0.0,0.49404761904761907,0.0,0.0,0.5613715633976201,0.0,0.0,0.0,0.0
9012,52,1.1036538461538465,0.7692307692307719,1.1941694880476037,0.6829793782702375,0.009498510427010954,0.0,0.0,0.014950567538858182,0.0,0.0,0.4519230769230769,0.0,0.0,0.5613778598543141,0.0,0.0,0.0,0.0
9013,41,0.8224390243902442,0.4390243902439027,1.1916601722723534,0.6811936013125517,0.008695203713254392,0.0,0.0,0.014917033247031355,0.0,0.0,0.35365853658536583,0.0,0.0,0.5601671452009844,0.0,0.0,0.0,0.0
9014,53,1.5047169811320762,0.8867924528302161,1.1929384031977033,0.6823818796761306,0.021909340659340602,0.0,0.0,0.014948903122066171,0.0,0.0,0.7358490566037735,0.0,0.0,0.5608281233985857,0.0,0.0,0.0,0.0
9015,50,1.2648000000000004,0.600000000000004,1.1932659345170884,0.6823360361285031,0.014062708472314568,0.0,0.0,0.014931513534826364,0.0,0.0,0.69,0.0,0.0,0.5611721235759006,0.0,0.0,0.0,0.0
9016,45,1.1051111111111116,0.6222222222222366,1.1930606589346189,0.6819254849635643,0.014091810711249823,0.0,0.0,0.014939171404776894,0.0,0.0,0.5222222222222223,0.0,0.0,0.5612747613671354,0.0,0.0,0.0,0.0
9017,47,0.8508510638297877,0.7446808510638536,1.1907425284995372,0.6824483927287672,0.008841476895865584,0.0,0.0,0.014916567388076852,0.0,0.0,0.21808510638297873,0.0,0.0,0.5589760706583137,0.0,0.0,0.0,0.0
9018,52,1.3990384615384621,0.7692307692308026,1.1904766796794732,0.6809122662831322,0.019029557938791474,0.0,0.0,0.014911903683419528,0.0,0.0,0.6346153846153846,0.0,0.0,0.5594565440723238,0.0,0.0,0.0,0.0
9019,48,1.2737500000000004,0.687500000000008,1.1905918618988895,0.6803329223181265,0.012145411203814462,0.0,0.0,0.01488610756379396,0.0,0.0,0.6614583333333334,0.0,0.0,0.5598540896013152,0.0,0.0,0.0,0.0
9020,37,1.1883783783783788,0.48648648648648296,1.1912644151565066,0.6802924217462937,0.0215644923982349,0.0,0.0,0.014905212384808793,0.0,0.0,0.6283783783783784,0.0,0.0,0.5605179159802306,0.0,0.0,0.0,0.0
9021,50,1.1748000000000005,1.0399999999999487,1.1912259194395791,0.6820850932316889,0.014582919563058157,0.0,0.0,0.01491844881150211,0.0,0.0,0.36,0.0,0.0,0.5597249407643968,0.0,0.0,0.0,0.0
9022,39,1.4453846153846157,0.7692307692307245,1.191952802967848,0.6820898598516077,0.012490582760912212,0.0,0.0,0.014899333268068535,0.0,0.0,0.717948717948718,0.0,0.0,0.5605162819455894,0.0,0.0,0.0,0.0
9023,56,0.9967857142857148,0.4821428571428469,1.191511257324971,0.6805798293410097,0.010358136945630621,0.0,0.0,0.014887309506438042,0.0,0.0,0.4419642857142857,0.0,0.0,0.5604502929988692,0.0,0.0,0.0,0.0
9024,55,1.2107272727272733,0.7636363636363871,1.1903267570900118,0.6796136457048912,0.01571260028315214,0.0,0.0,0.01487730735000063,0.0,0.0,0.5909090909090909,0.0,0.0,0.5602394163584052,0.0,0.0,0.0,0.0
9025,41,1.3343902439024395,0.7317073170731542,1.1922449819866179,0.6809058157488421,0.014251107059130219,0.0,0.0,0.014885250536542787,0.0,0.0,0.6097560975609756,0.0,0.0,0.5604734945959856,0.0,0.0,0.0,0.0
9026,49,1.2363265306122455,0.6938775510204201,1.194058000822706,0.6821266968325794,0.015529351448346098,0.0,0.0,0.01490512776076873,0.0,0.0,0.5612244897959183,0.0,0.0,0.5609831345125462,0.0,0.0,0.0,0.0
9027,42,1.1821428571428576,0.7142857142857008,1.1951168537012244,0.6833110264593846,0.01640237859266571,0.0,0.0,0.014907956787079324,0.0,0.0,0.5535714285714286,0.0,0.0,0.5613610624935653,0.0,0.0,0.0,0.0
9028,62,1.2293548387096775,0.709677419354869,1.1946500873497066,0.6826636522454019,0.012337325995468497,0.0,0.0,0.01486664935975074,0.0,0.0,0.6532258064516129,0.0,0.0,0.5620182920563148,0.0,0.0,0.0,0.0
9029,42,1.2909523809523815,0.8333333333333428,1.1942796915167089,0.6833933161953734,0.013909697280657779,0.0,0.0,0.01483843561315518,0.0,0.0,0.5714285714285714,0.0,0.0,0.5611568123393316,0.0,0.0,0.0,0.0
9030,50,1.1430000000000005,0.5600000000000046,1.193548586118251,0.682365038560412,0.011988672120830638,0.0,0.0,0.014803101605642124,0.0,0.0,0.605,0.0,0.0,0.5613367609254498,0.0,0.0,0.0,0.0
9031,56,1.217678571428572,0.6785714285714415,1.1950426559769753,0.6839346284304662,0.01897856944057912,0.0,0.0,0.014828352317438273,0.0,0.0,0.5491071428571429,0.0,0.0,0.560977489978415,0.0,0.0,0.0,0.0
9032,46,1.171739130434783,0.3913043478260902,1.195005138746145,0.6828365878725599,0.013732484076432537,0.0,0.0,0.014817712846758549,0.0,0.0,0.6847826086956522,0.0,0.0,0.5614850976361768,0.0,0.0,0.0,0.0
9033,45,1.0717777777777784,0.7999999999999668,1.1944820491718948,0.6832630387820189,0.011097560975609,0.0,0.0,0.01481209913205877,0.0,0.0,0.34444444444444444,0.0,0.0,0.5606676267873676,0.0,0.0,0.0,0.0
9034,44,1.3311363636363642,0.7727272727272724,1.194265870974379,0.6834036423500366,0.017036067481093174,0.0,0.0,0.014792238295442864,0.0,0.0,0.6363636363636364,0.0,0.0,0.5604743286346332,0.0,0.0,0.0,0.0
9035,48,1.2500000000000007,0.8749999999999885,1.194579391197037,0.6842863019333613,0.018298261665141893,0.0,0.0,0.014802733693034304,0.0,0.0,0.5364583333333334,0.0,0.0,0.5605974907445496,0.0,0.0,0.0,0.0
9036,53,1.2118867924528307,0.6415094339622801,1.195110996916751,0.6842754367934227,0.013987369337978457,0.0,0.0,0.014807797364289211,0.0,0.0,0.6320754716981132,0.0,0.0,0.5612281603288798,0.0,0.0,0.0,0.0
9037,52,1.4151923076923083,0.8461538461538114,1.1960887428101878,0.6844700082169268,0.01835619855325557,0.0,0.0,0.014821444480930283,0.0,0.0,0.6057692307692307,0.0,0.0,0.5621148315529991,0.0,0.0,0.0,0.0
9038,50,1.2650000000000008,0.8800000000000159,1.197277583727141,0.6862543661393056,0.023322271386431892,0.0,0.0,0.01485625344977704,0.0,0.0,0.53,0.0,0.0,0.56207622765564,0.0,0.0,0.0,0.0
9039,48,1.1839583333333341,0.7083333333333318,1.1971190794205266,0.6857084146717354,0.019725789656369137,0.0,0.0,0.014882526804121138,0.0,0.0,0.5260416666666666,0.0,0.0,0.5623137778691051,0.0,0.0,0.0,0.0
9040,45,1.3791111111111114,0.7555555555555952,1.1980552985918376,0.6855791962174945,0.0132437046521549,0.0,0.0,0.014859763995553303,0.0,0.0,0.6444444444444445,0.0,0.0,0.5626477541371159,0.0,0.0,0.0,0.0
9041,46,1.1971739130434786,0.7391304347826059,1.1980287769784161,0.686330935251799,0.016784516915573873,0.0,0.0,0.014880046362840339,0.0,0.0,0.5,0.0,0.0,0.5622045220966084,0.0,0.0,0.0,0.0
9042,50,1.2646000000000006,0.7599999999999715,1.1989028020116996,0.6874679256902394,0.011614621601762888,0.0,0.0,0.01485094902630885,0.0,0.0,0.48,0.0,0.0,0.5616853125320743,0.0,0.0,0.0,0.0
9043,34,1.5208823529411768,0.5882352941176352,1.1996637532133665,0.687506426735219,0.01551920768307323,0.0,0.0,0.014860315911618165,0.0,0.0,0.8529411764705882,0.0,0.0,0.5624164524421594,0.0,0.0,0.0,0.0
9044,54,1.2081481481481489,0.7407407407407517,1.2004867529266778,0.688642431710824,0.012028023598820773,0.0,0.0,0.014846384394605219,0.0,0.0,0.5833333333333334,0.0,0.0,0.5624614910659272,0.0,0.0,0.0,0.0
9045,47,1.0370212765957454,0.7234042553191208,1.1986622245002552,0.6878523833931321,0.012452733776187571,0.0,0.0,0.014821727810410922,0.0,0.0,0.43617021276595747,0.0,0.0,0.5617119425935417,0.0,0.0,0.0,0.0
9046,59,1.0705084745762716,0.627118644067784,1.1984111862323283,0.6876664617906169,0.01155295408816526,0.0,0.0,0.014808946465009644,0.0,0.0,0.5211864406779662,0.0,0.0,0.5619493956156525,0.0,0.0,0.0,0.0
9047,49,1.5679591836734699,0.979591836734657,1.201727421667007,0.6894327257833299,0.024936708860759535,0.0,0.0,0.014860261699094204,0.0,0.0,0.6785714285714286,0.0,0.0,0.5635623592054065,0.0,0.0,0.0,0.0
9048,45,1.1606666666666672,0.8888888888888451,1.2018024387744637,0.6907470027666769,0.011919214970332217,0.0,0.0,0.014835941047816785,0.0,0.0,0.4111111111111111,0.0,0.0,0.5628394302694948,0.0,0.0,0.0,0.0
9049,57,1.260350877192983,0.6491228070175318,1.2030527393753188,0.6910394265232972,0.01942671714440223,0.0,0.0,0.014844958154686809,0.0,0.0,0.5921052631578947,0.0,0.0,0.5632872503840246,0.0,0.0,0.0,0.0
9050,44,1.376363636363637,0.6818181818181915,1.203001536098309,0.6908346134152583,0.01723392145702944,0.0,0.0,0.014841325690721904,0.0,0.0,0.7045454545454546,0.0,0.0,0.5634920634920635,0.0,0.0,0.0,0.0
9051,45,1.2937777777777781,0.6666666666666614,1.2039023141511354,0.6913782510751585,0.015177267987488311,0.0,0.0,0.014856624778078989,0.0,0.0,0.6444444444444445,0.0,0.0,0.5637927503583863,0.0,0.0,0.0,0.0
9052,47,1.0529787234042558,0.7446808510638289,1.2027202046035792,0.6916624040920714,0.017656082768462138,0.0,0.0,0.014871838659527176,0.0,0.0,0.3882978723404255,0.0,0.0,0.5623785166240409,0.0,0.0,0.0,0.0
9053,42,1.3304761904761908,0.6904761904762085,1.2029918116683713,0.6921187308085975,0.01675562218890639,0.0,0.0,0.014871971696609167,0.0,0.0,0.6904761904761905,0.0,0.0,0.562308085977482,0.0,0.0,0.0,0.0
9054,49,1.1734693877551026,0.46938775510202146,1.2028151561699936,0.6915514592933947,0.019373315363880962,0.0,0.0,0.014893291387865031,0.0,0.0,0.6377551020408163,0.0,0.0,0.5621607782898106,0.0,0.0,0.0,0.0
9055,50,1.1382000000000005,0.5999999999999921,1.202476951444375,0.6895103462405242,0.016912332838039033,0.0,0.0,0.01491840905278253,0.0,0.0,0.57,0.0,0.0,0.5630249948780988,0.0,0.0,0.0,0.0
9056,47,1.5259574468085109,0.8085106382978909,1.2045596226801998,0.6897364913359991,0.020591444157335846,0.0,0.0,0.01497735179866118,0.0,0.0,0.7021276595744681,0.0,0.0,0.5643135445503947,0.0,0.0,0.0,0.0
9057,56,1.382321428571429,0.7142857142857567,1.205052275522754,0.6893193931939324,0.021058215451578356,0.0,0.0,0.014994509299754034,0.0,0.0,0.6964285714285714,0.0,0.0,0.5648831488314883,0.0,0.0,0.0,0.0
9058,44,1.247954545454546,0.6363636363636311,1.20553767298821,0.6891850333162486,0.01874061433447182,0.0,0.0,0.015018242791958165,0.0,0.0,0.5454545454545454,0.0,0.0,0.5651973347001538,0.0,0.0,0.0,0.0
9059,50,1.2310000000000003,0.9199999999999423,1.2062614044079947,0.6912352639671963,0.012724829439734759,0.0,0.0,0.01499294761614142,0.0,0.0,0.49,0.0,0.0,0.5645053818554587,0.0,0.0,0.0,0.0
9060,49,1.3924489795918373,0.8367346938775837,1.207343237704917,0.6922131147540985,0.016617145640526073,0.0,0.0,0.015002559062135622,0.0,0.0,0.6224489795918368,0.0,0.0,0.564702868852459,0.0,0.0,0.0,0.0
9061,48,1.060416666666667,0.583333333333342,1.2058025197172988,0.6915906995800475,0.015144302290984596,0.0,0.0,0.01499388004895967,0.0,0.0,0.5520833333333334,0.0,0.0,0.5639916009423332,0.0,0.0,0.0,0.0
9062,48,1.4254166666666672,0.8333333333332994,1.2056864754098349,0.691393442622951,0.02182456140350889,0.0,0.0,0.01498365072654955,0.0,0.0,0.6666666666666666,0.0,0.0,0.5639344262295082,0.0,0.0,0.0,0.0
9063,55,1.166545454545455,0.6545454545454154,1.2053965817214192,0.6924572715177566,0.015434207361077895,0.0,0.0,0.014980069698819761,0.0,0.0,0.5318181818181819,0.0,0.0,0.5627110838194658,0.0,0.0,0.0,0.0
9064,52,1.1598076923076928,0.5000000000000145,1.2066884977486685,0.6923864101514531,0.015138052208835429,0.0,0.0,0.015007012408526952,0.0,0.0,0.6778846153846154,0.0,0.0,0.563932664756447,0.0,0.0,0.0,0.0
9065,48,1.217083333333334,0.749999999999969,1.20641687141687,0.6929770679770675,0.018581424936386072,0.0,0.0,0.015014996801871544,0.0,0.0,0.5416666666666666,0.0,0.0,0.5631910319410319,0.0,0.0,0.0,0.0
9066,37,1.100540540540541,0.702702702702704,1.2055661538461526,0.6928205128205125,0.015319789315274642,0.0,0.0,0.01500382937333588,0.0,0.0,0.5,0.0,0.0,0.5625897435897436,0.0,0.0,0.0,0.0
9067,38,0.9552631578947371,0.5789473684210533,1.2044756323257235,0.6928850503804231,0.01274131274131251,0.0,0.0,0.01497111141498481,0.0,0.0,0.4276315789473684,0.0,0.0,0.5615103845362944,0.0,0.0,0.0,0.0
9068,37,1.3437837837837843,0.6486486486486637,1.2058895516248442,0.6930275606746189,0.025721676151059907,0.0,0.0,0.01500539377086653,0.0,0.0,0.7432432432432432,0.0,0.0,0.5628599341834636,0.0,0.0,0.0,0.0
9069,50,1.1882000000000006,0.6800000000000062,1.2060289884868405,0.6930509868421048,0.018788741302973058,0.0,0.0,0.015007732680777855,0.0,0.0,0.55,0.0,0.0,0.5630396792763158,0.0,0.0,0.0,0.0
9070,44,1.1415909090909098,0.590909090909096,1.2064673185795147,0.6935666495110648,0.016324341891452272,0.0,0.0,0.014998937863749727,0.0,0.0,0.48863636363636365,0.0,0.0,0.5625321667524447,0.0,0.0,0.0,0.0
9071,45,1.2684444444444452,0.7111111111111051,1.2057354911864742,0.6933305844758266,0.018472491909385262,0.0,0.0,0.015008860186134534,0.0,0.0,0.6333333333333333,0.0,0.0,0.5625708689825791,0.0,0.0,0.0,0.0
9072,52,1.107307692307693,0.7307692307692609,1.204568716467188,0.6934585224927772,0.0160703321239195,0.0,0.0,0.015001117886962413,0.0,0.0,0.46153846153846156,0.0,0.0,0.561287659925712,0.0,0.0,0.0,0.0
9073,55,1.0374545454545459,0.4000000000000052,1.2043991327689434,0.6924427008052858,0.012825354012137526,0.0,0.0,0.014991434978442936,0.0,0.0,0.6181818181818182,0.0,0.0,0.5616869708858145,0.0,0.0,0.0,0.0
9074,53,0.9964150943396229,0.7169811320754451,1.2037601898668855,0.6929109483025486,0.010360996664704835,0.0,0.0,0.01497449405289121,0.0,0.0,0.42924528301886794,0.0,0.0,0.5609328242699412,0.0,0.0,0.0,0.0
9075,44,1.0315909090909097,0.590909090909125,1.2026099071207415,0.6917440660474719,0.010039814200397734,0.0,0.0,0.014936630170908903,0.0,0.0,0.4772727272727273,0.0,0.0,0.5605263157894737,0.0,0.0,0.0,0.0
9076,52,1.3350000000000006,0.6153846153846252,1.2045048483598089,0.6913554776150199,0.016715627257404272,0.0,0.0,0.01495137413680296,0.0,0.0,0.6730769230769231,0.0,0.0,0.562358159686404,0.0,0.0,0.0,0.0
9077,38,1.3786842105263164,0.7894736842105464,1.2066263565891457,0.6926098191214475,0.01835669236159789,0.0,0.0,0.014952219693350527,0.0,0.0,0.631578947368421,0.0,0.0,0.5634108527131783,0.0,0.0,0.0,0.0
9078,45,1.1760000000000008,0.6444444444444295,1.20676981991306,0.6926102256261647,0.02226335717290765,0.0,0.0,0.014989137197834193,0.0,0.0,0.5111111111111111,0.0,0.0,0.5629786793624508,0.0,0.0,0.0,0.0
9079,36,0.9138888888888894,0.4444444444444552,1.206043523316061,0.6927461139896378,0.012126796903796068,0.0,0.0,0.014999091418740037,0.0,0.0,0.4305555555555556,0.0,0.0,0.5623316062176166,0.0,0.0,0.0,0.0
9080,52,1.4853846153846157,0.9230769230768792,1.2073787313432824,0.6943407960199007,0.015935630286775204,0.0,0.0,0.014976337500144701,0.0,0.0,0.6442307692307693,0.0,0.0,0.5623445273631841,0.0,0.0,0.0,0.0
9081,47,0.9502127659574473,0.6382978723404228,1.2065332780427105,0.6942774206925153,0.013135294117647314,0.0,0.0,0.01496374850371779,0.0,0.0,0.3882978723404255,0.0,0.0,0.5619168567281775,0.0,0.0,0.0,0.0
9082,50,1.0780000000000003,0.7199999999999978,1.204942516830656,0.6940445365095809,0.011507258753202798,0.0,0.0,0.014921931817161602,0.0,0.0,0.43,0.0,0.0,0.5605644743656136,0.0,0.0,0.0,0.0
9083,50,1.1948000000000005,0.7600000000000197,1.2044221209610588,0.6941797845898928,0.014429951690821534,0.0,0.0,0.014907299640581085,0.0,0.0,0.49,0.0,0.0,0.5597297017398508,0.0,0.0,0.0,0.0
9084,42,1.366428571428572,0.6428571428571507,1.2055197429785454,0.6941651984661631,0.018596889176928314,0.0,0.0,0.014934859338026631,0.0,0.0,0.7619047619047619,0.0,0.0,0.5604466784122707,0.0,0.0,0.0,0.0
9085,50,1.2244000000000004,0.45999999999999575,1.205975546575483,0.6921562532380072,0.014906257608960702,0.0,0.0,0.014915833977314013,0.0,0.0,0.78,0.0,0.0,0.5620920111905502,0.0,0.0,0.0,0.0
9086,48,1.1610416666666672,0.8333333333333485,1.2052299088649527,0.6915907207953612,0.018206468474355655,0.0,0.0,0.014916647654009007,0.0,0.0,0.4166666666666667,0.0,0.0,0.5615420463960232,0.0,0.0,0.0,0.0
9087,40,1.2390000000000005,0.5999999999999983,1.2039545501712134,0.6900487703642217,0.015472994068061269,0.0,0.0,0.014910281370678149,0.0,0.0,0.625,0.0,0.0,0.5616633807201411,0.0,0.0,0.0,0.0
9088,58,1.4236206896551729,0.7586206896552262,1.2060028994511736,0.6902764833799326,0.015195068089804413,0.0,0.0,0.014927339516331692,0.0,0.0,0.6206896551724138,0.0,0.0,0.5625711918815367,0.0,0.0,0.0,0.0
9089,52,1.2736538461538467,0.8461538461538982,1.206631491827021,0.692116697703291,0.014916666666667359,0.0,0.0,0.014931260105513475,0.0,0.0,0.5769230769230769,0.0,0.0,0.5619180633147114,0.0,0.0,0.0,0.0
9090,36,1.181944444444445,0.7777777777778033,1.2052584153288433,0.6924909373381679,0.012084635046861868,0.0,0.0,0.014888338453153403,0.0,0.0,0.4444444444444444,0.0,0.0,0.5605903676851373,0.0,0.0,0.0,0.0
9091,46,1.309565217391305,0.8695652173913094,1.2061854922279776,0.694196891191711,0.019615760338652113,0.0,0.0,0.01491136214565363,0.0,0.0,0.5543478260869565,0.0,0.0,0.5602849740932643,0.0,0.0,0.0,0.0
9092,50,0.9616000000000006,0.5800000000000017,1.2056219575349543,0.6942516830657701,0.017276320517426995,0.0,0.0,0.014922345418347707,0.0,0.0,0.41,0.0,0.0,0.560072501294666,0.0,0.0,0.0,0.0
9093,60,1.2350000000000005,0.7333333333333593,1.2058547185430448,0.6933981788079483,0.017902875090601945,0.0,0.0,0.014935156645498724,0.0,0.0,0.5,0.0,0.0,0.5600424254966887,0.0,0.0,0.0,0.0
9094,58,1.2843103448275865,0.6206896551724241,1.2069975211733097,0.6936583350547421,0.01451198129748679,0.0,0.0,0.014935045017988098,0.0,0.0,0.6767241379310345,0.0,0.0,0.5607312538731667,0.0,0.0,0.0,0.0
9095,33,1.1072727272727274,0.6666666666666602,1.2066639115611102,0.6934600681888639,0.013272793316381697,0.0,0.0,0.01492108470522711,0.0,0.0,0.3939393939393939,0.0,0.0,0.5599752040500051,0.0,0.0,0.0,0.0
9096,49,0.9538775510204086,0.6122448979591797,1.2050547973531829,0.6929280397022346,0.012622198217661439,0.0,0.0,0.014882994861631891,0.0,0.0,0.3877551020408163,0.0,0.0,0.5587262200165426,0.0,0.0,0.0,0.0
9097,42,1.0054761904761909,0.3809523809523807,1.2036247025964608,0.6918382124754333,0.01581055784350332,0.0,0.0,0.014878508497116553,0.0,0.0,0.6071428571428571,0.0,0.0,0.5584462604737768,0.0,0.0,0.0,0.0
9098,58,1.2300000000000006,0.620689655172401,1.2025462436705574,0.6894698770280058,0.021219512195122105,0.0,0.0,0.014883713791656933,0.0,0.0,0.5732758620689655,0.0,0.0,0.5586700423685026,0.0,0.0,0.0,0.0
9099,59,1.1215254237288141,0.8305084745762873,1.2016725097958327,0.6902454114250375,0.015431436567164338,0.0,0.0,0.014871129350453208,0.0,0.0,0.3686440677966102,0.0,0.0,0.5571767374716436,0.0,0.0,0.0,0.0
9100,43,1.1755813953488374,0.4186046511627683,1.2027041817243145,0.6891068662880756,0.017552083333333038,0.0,0.0,0.01487940064380979,0.0,0.0,0.7674418604651163,0.0,0.0,0.5588280846670108,0.0,0.0,0.0,0.0
9101,49,1.0422448979591843,0.2653061224489794,1.2011699049193867,0.6857172385283188,0.01747775496235463,0.0,0.0,0.0148778158674242,0.0,0.0,0.673469387755102,0.0,0.0,0.5596579164944192,0.0,0.0,0.0,0.0
9102,65,1.1860000000000004,0.7384615384615839,1.2011916563403537,0.6859768690623727,0.015241202056147785,0.0,0.0,0.014846087381577508,0.0,0.0,0.5307692307692308,0.0,0.0,0.5594021065675341,0.0,0.0,0.0,0.0
9103,46,1.1645652173913048,0.8695652173912933,1.202337192474673,0.6875129212321703,0.017726671078756893,0.0,0.0,0.014869590451888773,0.0,0.0,0.44565217391304346,0.0,0.0,0.5594376679760182,0.0,0.0,0.0,0.0
9104,61,1.1255737704918036,0.6393442622951004,1.202267189758413,0.6873838529836895,0.013726509396241579,0.0,0.0,0.014857936095804047,0.0,0.0,0.5204918032786885,0.0,0.0,0.5593898410076399,0.0,0.0,0.0,0.0
9105,50,1.3350000000000009,0.6799999999999682,1.2022292139467698,0.68784815349701,0.016941624365482355,0.0,0.0,0.01484842500624296,0.0,0.0,0.58,0.0,0.0,0.5586961006808335,0.0,0.0,0.0,0.0
9106,47,1.329574468085107,0.957446808510682,1.2026919108543115,0.6891250515889412,0.018670451150284626,0.0,0.0,0.014842300816445095,0.0,0.0,0.526595744680851,0.0,0.0,0.558321295914156,0.0,0.0,0.0,0.0
9107,56,1.379642857142858,0.7678571428571178,1.202440936758484,0.6896729598679474,0.01786771507863076,0.0,0.0,0.01484534690591922,0.0,0.0,0.6339285714285714,0.0,0.0,0.5578768183225008,0.0,0.0,0.0,0.0
9108,49,1.1261224489795925,0.8367346938775593,1.2021054804417368,0.6892352151924879,0.02837017994858685,0.0,0.0,0.014869246835216867,0.0,0.0,0.4030612244897959,0.0,0.0,0.5576168851274641,0.0,0.0,0.0,0.0
9109,46,1.2150000000000003,0.47826086956521074,1.2027439843023842,0.6884230093979153,0.015616093880972085,0.0,0.0,0.014885643220139742,0.0,0.0,0.6195652173913043,0.0,0.0,0.5582205927914903,0.0,0.0,0.0,0.0
9110,61,1.1639344262295086,0.6885245901638811,1.2031347283785163,0.6890011339037223,0.013709210272253141,0.0,0.0,0.014888188164821587,0.0,0.0,0.5450819672131147,0.0,0.0,0.5581383362539944,0.0,0.0,0.0,0.0
9111,43,1.3383720930232563,0.8837209302325251,1.2021403508771917,0.6887512899896809,0.014813384813384818,0.0,0.0,0.01484428382282297,0.0,0.0,0.5697674418604651,0.0,0.0,0.557688338493292,0.0,0.0,0.0,0.0
9112,49,1.0563265306122456,0.5306122448979642,1.2021665978530127,0.6888934764657315,0.01798471160528268,0.0,0.0,0.01486480553311361,0.0,0.0,0.5204081632653061,0.0,0.0,0.5575454170107349,0.0,0.0,0.0,0.0
9113,40,1.1682500000000007,0.6000000000000004,1.2017929110261434,0.688643174537564,0.018204129333852678,0.0,0.0,0.014876939608304718,0.0,0.0,0.5625,0.0,0.0,0.5575074919913197,0.0,0.0,0.0,0.0
9114,61,1.3852459016393448,0.7213114754098576,1.2031072571487549,0.6897904407969453,0.01914797190120121,0.0,0.0,0.014891665037521517,0.0,0.0,0.6844262295081968,0.0,0.0,0.5576803964075565,0.0,0.0,0.0,0.0
9115,48,1.2425000000000004,0.4999999999999931,1.2024048282265538,0.6879191168884771,0.016659217877094696,0.0,0.0,0.01489374943293423,0.0,0.0,0.671875,0.0,0.0,0.5581347364077169,0.0,0.0,0.0,0.0
9116,47,0.7991489361702131,0.5106382978723353,1.199630318050391,0.6869062370921116,0.01155692307692344,0.0,0.0,0.014870745878524876,0.0,0.0,0.40425531914893614,0.0,0.0,0.5568979760429574,0.0,0.0,0.0,0.0
9117,50,1.1482000000000006,0.6800000000000175,1.198217238528316,0.6860272840016546,0.015885445489762402,0.0,0.0,0.014867488481301504,0.0,0.0,0.52,0.0,0.0,0.5569191814799503,0.0,0.0,0.0,0.0
9118,44,1.3311363636363642,0.5454545454545254,1.1990053707911574,0.6854988638711018,0.018493842753394125,0.0,0.0,0.014871236800539133,0.0,0.0,0.7613636363636364,0.0,0.0,0.5583298905184879,0.0,0.0,0.0,0.0
9119,62,1.4217741935483876,0.8387096774194023,1.2005942432683367,0.685339936036316,0.013713441194772214,0.0,0.0,0.014883418744828378,0.0,0.0,0.6008064516129032,0.0,0.0,0.559527494067884,0.0,0.0,0.0,0.0
9120,53,1.1715094339622647,0.7169811320754615,1.2012179024440537,0.6860884809734982,0.017976259409380253,0.0,0.0,0.014902098000509248,0.0,0.0,0.5,0.0,0.0,0.559245127358977,0.0,0.0,0.0,0.0
9121,48,1.2762500000000008,0.7499999999999852,1.2027689612530903,0.6874484748557306,0.017839254513686547,0.0,0.0,0.014947562948154686,0.0,0.0,0.5104166666666666,0.0,0.0,0.5590735779060181,0.0,0.0,0.0,0.0
9122,52,1.0075000000000005,0.4423076923076851,1.2014243048403697,0.6865087538619988,0.011608686018169594,0.0,0.0,0.014920707803876743,0.0,0.0,0.625,0.0,0.0,0.5591400617919671,0.0,0.0,0.0,0.0
9123,36,1.2416666666666671,0.9444444444444476,1.2021409437461352,0.6876159076859681,0.011834789515488662,0.0,0.0,0.014913043311550026,0.0,0.0,0.4166666666666667,0.0,0.0,0.5591644343704925,0.0,0.0,0.0,0.0
9124,49,0.9385714285714291,0.5510204081632567,1.199560247167867,0.6859938208032962,0.013919491525423312,0.0,0.0,0.014897710165799768,0.0,0.0,0.39285714285714285,0.0,0.0,0.5580844490216272,0.0,0.0,0.0,0.0
9125,44,1.1834090909090915,0.49999999999998845,1.1995704131039444,0.6849696095601119,0.015084009269988458,0.0,0.0,0.014891176602234206,0.0,0.0,0.6590909090909091,0.0,0.0,0.5585144740908623,0.0,0.0,0.0,0.0
9126,54,1.0338888888888893,0.6666666666666616,1.1979256742845368,0.6838583487749643,0.013805637982195642,0.0,0.0,0.014883214983680086,0.0,0.0,0.39351851851851855,0.0,0.0,0.5578289067325509,0.0,0.0,0.0,0.0
9127,54,1.3779629629629637,0.7407407407407655,1.1998558781140614,0.684064237183447,0.016113035946297736,0.0,0.0,0.014903536319649807,0.0,0.0,0.6666666666666666,0.0,0.0,0.5589870290302656,0.0,0.0,0.0,0.0
9128,61,1.174918032786886,0.6065573770491792,1.199772657134039,0.6830572986318286,0.017683197631383898,0.0,0.0,0.014924176213686092,0.0,0.0,0.6270491803278688,0.0,0.0,0.5598446661866063,0.0,0.0,0.0,0.0
9129,47,0.9448936170212772,0.4680851063829714,1.1980762100926874,0.6823892893923796,0.01600360360360385,0.0,0.0,0.014942904338756524,0.0,0.0,0.4574468085106383,0.0,0.0,0.5586766220391349,0.0,0.0,0.0,0.0
9130,51,0.9258823529411767,0.2745098039215678,1.1974211502782925,0.6804782519068239,0.012338646459367443,0.0,0.0,0.014952237292236792,0.0,0.0,0.6274509803921569,0.0,0.0,0.5595238095238095,0.0,0.0,0.0,0.0
9131,36,1.524166666666667,0.8333333333333539,1.1999411886091615,0.6828312009905083,0.014508196721310946,0.0,0.0,0.014956922661419516,0.0,0.0,0.6944444444444444,0.0,0.0,0.5600495253817581,0.0,0.0,0.0,0.0
9132,49,1.1820408163265312,0.7346938775510244,1.2001599422144251,0.6833144154370041,0.02215761285386307,0.0,0.0,0.014980743965583927,0.0,0.0,0.5204081632653061,0.0,0.0,0.5599267361469404,0.0,0.0,0.0,0.0
9133,54,1.225370370370371,0.6666666666666976,1.2016905473662505,0.683640861766829,0.014338028169014621,0.0,0.0,0.014993813457081407,0.0,0.0,0.6157407407407407,0.0,0.0,0.5612050304092362,0.0,0.0,0.0,0.0
9134,60,1.3155000000000006,0.6999999999999812,1.201793948126801,0.683820502264307,0.01917638483964995,0.0,0.0,0.015009640821552312,0.0,0.0,0.7083333333333334,0.0,0.0,0.5617280773981063,0.0,0.0,0.0,0.0
9135,52,1.192307692307693,0.6153846153846045,1.2027325102880657,0.683847736625515,0.01597938144329923,0.0,0.0,0.015028860715231579,0.0,0.0,0.5528846153846154,0.0,0.0,0.5622942386831276,0.0,0.0,0.0,0.0
9136,52,1.2900000000000007,0.8461538461538644,1.2034847861842102,0.6856496710526322,0.013980825343892963,0.0,0.0,0.01502184470690889,0.0,0.0,0.4519230769230769,0.0,0.0,0.5617033305921053,0.0,0.0,0.0,0.0
9137,52,0.9292307692307696,0.5576923076923228,1.20156959424756,0.6848484848484853,0.013205793932768497,0.0,0.0,0.015037480314960685,0.0,0.0,0.47596153846153844,0.0,0.0,0.5609655880842321,0.0,0.0,0.0,0.0
9138,45,1.3382222222222224,0.7777777777777752,1.2021728420404392,0.6847993431181365,0.017230329041488236,0.0,0.0,0.015039741238950834,0.0,0.0,0.5888888888888889,0.0,0.0,0.5616339936364569,0.0,0.0,0.0,0.0
9139,49,1.1508163265306126,0.36734693877549174,1.2012577002053386,0.6819301848049284,0.01345823389021461,0.0,0.0,0.015030999167531731,0.0,0.0,0.7346938775510204,0.0,0.0,0.5626796714579055,0.0,0.0,0.0,0.0
9140,56,1.2082142857142861,0.5714285714285836,1.2027542329399687,0.6824012314007187,0.01778654048370005,0.0,0.0,0.015076703017954442,0.0,0.0,0.65625,0.0,0.0,0.5638532580810672,0.0,0.0,0.0,0.0
9141,44,1.0390909090909093,0.5909090909090672,1.2009262876529245,0.6823275418936984,0.01118121790168706,0.0,0.0,0.015057088867348661,0.0,0.0,0.5454545454545454,0.0,0.0,0.5627120386552894,0.0,0.0,0.0,0.0
9142,61,1.3431147540983612,0.5245901639344233,1.2012138965977999,0.6809538493164767,0.018411235955057132,0.0,0.0,0.015087420103202631,0.0,0.0,0.7622950819672131,0.0,0.0,0.5631616815705622,0.0,0.0,0.0,0.0
9143,51,0.9229411764705888,0.3921568627451187,1.1990568754499635,0.6790085364599409,0.014554730983301704,0.0,0.0,0.015081081430696634,0.0,0.0,0.5784313725490197,0.0,0.0,0.5628921114882238,0.0,0.0,0.0,0.0
9144,39,1.1143589743589748,0.8717948717949002,1.1982909502728298,0.6803253371769798,0.015362318840579729,0.0,0.0,0.015101541942816857,0.0,0.0,0.4551282051282051,0.0,0.0,0.5619015752084835,0.0,0.0,0.0,0.0
9145,43,1.3118604651162797,0.9999999999999527,1.1973503657154627,0.6818790563510873,0.019820801124384942,0.0,0.0,0.015120880607714082,0.0,0.0,0.43023255813953487,0.0,0.0,0.5602400329659009,0.0,0.0,0.0,0.0
9146,54,1.3411111111111116,0.5185185185185369,1.1977777777777776,0.6814058956916105,0.02033127456485195,0.0,0.0,0.015139068740994781,0.0,0.0,0.7962962962962963,0.0,0.0,0.5612502576788291,0.0,0.0,0.0,0.0
9147,34,1.4085294117647063,1.0294117647059196,1.1980879620070204,0.6824282469543677,0.017357738310982158,0.0,0.0,0.015153075747881434,0.0,0.0,0.5441176470588235,0.0,0.0,0.5610417096840801,0.0,0.0,0.0,0.0
9148,48,1.2272916666666673,0.6666666666666982,1.1993950030972536,0.6822217633698129,0.019915483434753706,0.0,0.0,0.0151713501414315,0.0,0.0,0.53125,0.0,0.0,0.5615579186454677,0.0,0.0,0.0,0.0
9149,49,1.1953061224489803,0.6122448979591976,1.1992651460419028,0.6811848487976063,0.014846641318123051,0.0,0.0,0.015160289906126306,0.0,0.0,0.5918367346938775,0.0,0.0,0.561900092888843,0.0,0.0,0.0,0.0
9150,42,1.1204761904761908,0.7142857142857137,1.1991234771835635,0.682221763369813,0.01736531365313708,0.0,0.0,0.015196393595767197,0.0,0.0,0.5714285714285714,0.0,0.0,0.5613514350609127,0.0,0.0,0.0,0.0
9151,51,0.9425490196078435,0.7058823529411842,1.1978365831012068,0.682657587950068,0.014063779988297,0.0,0.0,0.015190359812754026,0.0,0.0,0.3627450980392157,0.0,0.0,0.5600949138553596,0.0,0.0,0.0,0.0
9152,44,1.3540909090909097,1.0000000000000477,1.1979374742055302,0.6837598018984743,0.020432098765433334,0.0,0.0,0.01521694853943428,0.0,0.0,0.4772727272727273,0.0,0.0,0.5593014857614528,0.0,0.0,0.0,0.0
9153,54,1.2144444444444449,0.6851851851851826,1.1977835051546388,0.6832989690721663,0.019276895943562106,0.0,0.0,0.01522876904988792,0.0,0.0,0.5370370370370371,0.0,0.0,0.5592783505154639,0.0,0.0,0.0,0.0
9154,46,1.5158695652173917,0.826086956521791,1.19911519026503,0.6830978653191725,0.015564732142855996,0.0,0.0,0.015224721307869418,0.0,0.0,0.7391304347826086,0.0,0.0,0.5603794988140662,0.0,0.0,0.0,0.0
9155,42,1.1557142857142861,0.5714285714285738,1.1999834949453267,0.6838250464204679,0.01145621902289302,0.0,0.0,0.015222840332549505,0.0,0.0,0.6309523809523809,0.0,0.0,0.5607076542191046,0.0,0.0,0.0,0.0
9156,47,1.174893617021277,0.7234042553191314,1.2004206619239093,0.6848128673059094,0.01175393784589173,0.0,0.0,0.015213822860301394,0.0,0.0,0.5425531914893617,0.0,0.0,0.5606505825342819,0.0,0.0,0.0,0.0
9157,42,1.2992857142857148,0.6666666666666606,1.2011772595955423,0.6861328931077192,0.021715081575805727,0.0,0.0,0.015242639761392932,0.0,0.0,0.6547619047619048,0.0,0.0,0.5605654147750723,0.0,0.0,0.0,0.0
9158,45,1.215111111111112,0.7555555555555369,1.20002996177291,0.6854013844405429,0.023528399311531657,0.0,0.0,0.015276902396936015,0.0,0.0,0.5277777777777778,0.0,0.0,0.560052691393739,0.0,0.0,0.0,0.0
9159,44,1.2404545454545461,0.7500000000000058,1.2001270529903931,0.6866026236959006,0.018775369797041513,0.0,0.0,0.01527878342356754,0.0,0.0,0.5681818181818182,0.0,0.0,0.5594205144096684,0.0,0.0,0.0,0.0
9160,43,1.083255813953489,0.7441860465116403,1.2005735248527434,0.6875064586132085,0.01821666014861141,0.0,0.0,0.015301997776735854,0.0,0.0,0.47674418604651164,0.0,0.0,0.5590833936137233,0.0,0.0,0.0,0.0
9161,46,0.9926086956521745,0.7826086956521764,1.1991847489150649,0.6880553833436679,0.01359333134861567,0.0,0.0,0.015287285918643211,0.0,0.0,0.3858695652173913,0.0,0.0,0.5579665220086795,0.0,0.0,0.0,0.0
9162,48,1.3731250000000006,0.7499999999999875,1.2008250620347392,0.688275434243178,0.016930387875674226,0.0,0.0,0.015312724544779804,0.0,0.0,0.6354166666666666,0.0,0.0,0.5586228287841191,0.0,0.0,0.0,0.0
9163,57,1.0450877192982462,0.3859649122806987,1.199659477866061,0.6861005056237767,0.014803677932405727,0.0,0.0,0.015327609710821762,0.0,0.0,0.631578947368421,0.0,0.0,0.5589206480239397,0.0,0.0,0.0,0.0
9164,54,1.5462962962962967,1.037037037037007,1.2013004021862428,0.6879447251727356,0.020262072312544902,0.0,0.0,0.015367945150902354,0.0,0.0,0.6527777777777778,0.0,0.0,0.5590646591729401,0.0,0.0,0.0,0.0
9165,41,1.274146341463415,0.9268292682926629,1.2020346677672304,0.6893314073462666,0.020779634049323155,0.0,0.0,0.015395976471490033,0.0,0.0,0.5121951219512195,0.0,0.0,0.5590693355344614,0.0,0.0,0.0,0.0
9166,44,1.2245454545454548,0.4999999999999915,1.2035268041237106,0.6893814432989709,0.014570037858301455,0.0,0.0,0.015422492601986942,0.0,0.0,0.6931818181818182,0.0,0.0,0.5601288659793815,0.0,0.0,0.0,0.0
9167,41,1.2841463414634153,0.7804878048780453,1.203301711693132,0.690142297380905,0.015164170506911781,0.0,0.0,0.015405499955775444,0.0,0.0,0.5304878048780488,0.0,0.0,0.5590843472881006,0.0,0.0,0.0,0.0
9168,47,1.281914893617022,0.8085106382978837,1.2035943464355716,0.6911173011451581,0.020570160464322227,0.0,0.0,0.015411942814416392,0.0,0.0,0.6063829787234043,0.0,0.0,0.5591148251315382,0.0,0.0,0.0,0.0
9169,48,0.9979166666666672,0.3750000000000023,1.2036224858174311,0.6897369778236225,0.01384793292859304,0.0,0.0,0.015420820602818554,0.0,0.0,0.5520833333333334,0.0,0.0,0.5597215059308922,0.0,0.0,0.0,0.0
9170,41,1.279756097560976,0.7804878048780579,1.204396409409822,0.6891250515889414,0.01116858237547917,0.0,0.0,0.015384283872940442,0.0,0.0,0.5304878048780488,0.0,0.0,0.5604364424267437,0.0,0.0,0.0,0.0
9171,63,1.001428571428572,0.587301587301575,1.2027944810543654,0.6886326194398702,0.015283430232557876,0.0,0.0,0.015378642566104352,0.0,0.0,0.5,0.0,0.0,0.55979715815486,0.0,0.0,0.0,0.0
9172,50,1.2414000000000005,0.6399999999999759,1.2025872182772455,0.6878666255017,0.016278520849724074,0.0,0.0,0.015373000023680082,0.0,0.0,0.62,0.0,0.0,0.5600236698569517,0.0,0.0,0.0,0.0
9173,38,1.1239473684210528,0.8684210526315714,1.2024025506530902,0.6883677877198414,0.010379100850547033,0.0,0.0,0.01535863205105641,0.0,0.0,0.3157894736842105,0.0,0.0,0.5592409750077136,0.0,0.0,0.0,0.0
9174,49,1.2426530612244904,0.8571428571428923,1.2038906587195557,0.6904737437056849,0.012706594323873735,0.0,0.0,0.015365746169404074,0.0,0.0,0.42857142857142855,0.0,0.0,0.5587041414037611,0.0,0.0,0.0,0.0
9175,47,1.2321276595744686,0.9361702127659578,1.2037568095384927,0.6915407544454744,0.018091221493283145,0.0,0.0,0.015399479029011114,0.0,0.0,0.48936170212765956,0.0,0.0,0.5581765854661321,0.0,0.0,0.0,0.0
9176,40,1.0242500000000005,0.30000000000001387,1.2029946579001434,0.6895418122046457,0.010890483785220288,0.0,0.0,0.015400635229596744,0.0,0.0,0.66875,0.0,0.0,0.5586346825559894,0.0,0.0,0.0,0.0
9177,45,1.3162222222222228,0.7555555555555417,1.2033943256578945,0.6897615131578967,0.013525919159625527,0.0,0.0,0.015394291815920044,0.0,0.0,0.5777777777777777,0.0,0.0,0.5586194490131579,0.0,0.0,0.0,0.0
9178,40,1.2850000000000006,0.6999999999999843,1.204350736278447,0.6899392441561134,0.015256752745622073,0.0,0.0,0.015406365963186891,0.0,0.0,0.6125,0.0,0.0,0.5592369477911646,0.0,0.0,0.0,0.0
9179,52,1.2930769230769235,0.8461538461538682,1.205011335531739,0.6908491343775781,0.01669314796425045,0.0,0.0,0.015418369244035906,0.0,0.0,0.5576923076923077,0.0,0.0,0.5592281533388294,0.0,0.0,0.0,0.0
9180,56,1.0403571428571434,0.4821428571428569,1.2046270348238197,0.6891613434988686,0.017601208459214004,0.0,0.0,0.015444650365307754,0.0,0.0,0.5982142857142857,0.0,0.0,0.5600401813311354,0.0,0.0,0.0,0.0
9181,47,1.2782978723404261,0.7659574468084984,1.203802206868103,0.6879447251727359,0.02502290712203351,0.0,0.0,0.015467676708785651,0.0,0.0,0.574468085106383,0.0,0.0,0.5600443436114262,0.0,0.0,0.0,0.0
9182,49,1.2530612244897963,0.6938775510204411,1.203430927835051,0.6879381443298991,0.015919108115115592,0.0,0.0,0.015466460328480536,0.0,0.0,0.5918367346938775,0.0,0.0,0.5596649484536083,0.0,0.0,0.0,0.0
9183,52,1.248461538461539,0.6153846153846074,1.204349212881983,0.6878279658401092,0.023982268193571955,0.0,0.0,0.015503568249729835,0.0,0.0,0.6442307692307693,0.0,0.0,0.560500051445622,0.0,0.0,0.0,0.0
9184,50,1.0082000000000004,0.4800000000000134,1.2025573029088286,0.6862986946243212,0.011410140334993091,0.0,0.0,0.015480497347734594,0.0,0.0,0.52,0.0,0.0,0.5599496351115223,0.0,0.0,0.0,0.0
9185,43,1.076744186046512,0.6511627906976633,1.2022732880937688,0.6867160189183652,0.012432867883996016,0.0,0.0,0.015444684979309488,0.0,0.0,0.5523255813953488,0.0,0.0,0.5599681266707793,0.0,0.0,0.0,0.0
9186,48,1.1543750000000006,0.9166666666666708,1.2012479423868305,0.6873456790123478,0.013950151057401867,0.0,0.0,0.015418063071271462,0.0,0.0,0.3854166666666667,0.0,0.0,0.5588220164609053,0.0,0.0,0.0,0.0
9187,37,1.2264864864864868,0.6486486486486637,1.2014949037372584,0.6870173993616826,0.014676584734799384,0.0,0.0,0.015423263116577287,0.0,0.0,0.5945945945945946,0.0,0.0,0.5589158859260784,0.0,0.0,0.0,0.0
9188,46,1.381739130434783,0.9130434782608718,1.2036620008233831,0.6890695759571863,0.015393557762170114,0.0,0.0,0.01543241937910233,0.0,0.0,0.5760869565217391,0.0,0.0,0.5595152326060107,0.0,0.0,0.0,0.0
9189,55,1.0574545454545459,0.8363636363635943,1.2019248197734285,0.6892893923789926,0.013046209062359069,0.0,0.0,0.015415459722062635,0.0,0.0,0.39545454545454545,0.0,0.0,0.5581874356333677,0.0,0.0,0.0,0.0
9190,38,1.1242105263157898,0.7368421052631483,1.2009827959204689,0.6886782734109426,0.012836538461538888,0.0,0.0,0.015412869508195004,0.0,0.0,0.4605263157894737,0.0,0.0,0.5579221180591326,0.0,0.0,0.0,0.0
9191,41,1.4446341463414638,0.8780487804878647,1.201293947829672,0.6898649345293351,0.01665167275794239,0.0,0.0,0.015409678008109993,0.0,0.0,0.5975609756097561,0.0,0.0,0.5572739457676049,0.0,0.0,0.0,0.0
9192,40,1.1970000000000005,0.6500000000000019,1.2018806155117203,0.6897655685221546,0.010946502057613532,0.0,0.0,0.01539044739880267,0.0,0.0,0.5625,0.0,0.0,0.5579365898998244,0.0,0.0,0.0,0.0
9193,52,1.105192307692308,0.5000000000000235,1.201596282911718,0.6883840991223567,0.012672546857772507,0.0,0.0,0.01536831929765715,0.0,0.0,0.6682692307692307,0.0,0.0,0.5590087764584409,0.0,0.0,0.0,0.0
9194,40,0.9930000000000003,0.5999999999999772,1.1998036175710582,0.6874418604651183,0.010469161834475597,0.0,0.0,0.015336432830358699,0.0,0.0,0.3625,0.0,0.0,0.5581912144702842,0.0,0.0,0.0,0.0
9195,37,1.100540540540541,0.6486486486486495,1.1986530105524507,0.6872542933995469,0.014511760513185978,0.0,0.0,0.015337422013478628,0.0,0.0,0.5,0.0,0.0,0.5575987999172357,0.0,0.0,0.0,0.0
9196,59,1.2669491525423733,0.6101694915254123,1.19896844283497,0.6860838075530282,0.014262545315778797,0.0,0.0,0.015343628597229476,0.0,0.0,0.635593220338983,0.0,0.0,0.5581738230729436,0.0,0.0,0.0,0.0
9197,43,1.2513953488372096,0.651162790697694,1.199271804433394,0.6843795318002914,0.01650613496932513,0.0,0.0,0.015369890982853561,0.0,0.0,0.5872093023255814,0.0,0.0,0.5594572198052621,0.0,0.0,0.0,0.0
9198,51,1.3413725490196082,0.6274509803921671,1.1998757378067708,0.6841669255462374,0.014374868669888768,0.0,0.0,0.015359979638800803,0.0,0.0,0.6372549019607843,0.0,0.0,0.5594128611369991,0.0,0.0,0.0,0.0
9199,45,1.2453333333333336,0.5111111111111343,1.2001047174701907,0.6836702954898929,0.012233136869679362,0.0,0.0,0.015362454061988601,0.0,0.0,0.6777777777777778,0.0,0.0,0.5600051840331778,0.0,0.0,0.0,0.0
9200,52,1.1198076923076927,0.5384615384615468,1.2007827078581783,0.6842214389384219,0.012476965931005994,0.0,0.0,0.015354630283860653,0.0,0.0,0.6538461538461539,0.0,0.0,0.5608024051420278,0.0,0.0,0.0,0.0
9201,47,1.2674468085106387,0.7659574468085306,1.201240928882437,0.6850507982583474,0.015081012658228275,0.0,0.0,0.015352450632267365,0.0,0.0,0.5851063829787234,0.0,0.0,0.5608801575782708,0.0,0.0,0.0,0.0
9202,61,1.4180327868852467,0.7540983606557248,1.2036327841674423,0.6859392809035351,0.014718393738300358,0.0,0.0,0.015359308000386082,0.0,0.0,0.6434426229508197,0.0,0.0,0.5621179152419439,0.0,0.0,0.0,0.0
9203,48,1.1835416666666672,0.8333333333333498,1.2040802155663786,0.6852523577572825,0.01203856749311279,0.0,0.0,0.015371874036625738,0.0,0.0,0.4322916666666667,0.0,0.0,0.562519432065499,0.0,0.0,0.0,0.0
9204,43,0.896744186046512,0.558139534883758,1.2032112851363954,0.6864433150088187,0.011576103272291067,0.0,0.0,0.015360238980835706,0.0,0.0,0.45348837209302323,0.0,0.0,0.5612747640286277,0.0,0.0,0.0,0.0
9205,49,1.341632653061225,0.8571428571428669,1.203527581916216,0.6868519286603093,0.016744778400406283,0.0,0.0,0.015358502949481668,0.0,0.0,0.5612244897959183,0.0,0.0,0.5609446287847366,0.0,0.0,0.0,0.0
9206,56,1.3542857142857148,0.7857142857142676,1.2044255495644944,0.6883036084612216,0.016429809358752625,0.0,0.0,0.01535259278253087,0.0,0.0,0.6116071428571429,0.0,0.0,0.560633554541684,0.0,0.0,0.0,0.0
9207,43,1.008837209302326,0.6976744186046665,1.203834024896264,0.6881742738589234,0.010037019898194886,0.0,0.0,0.015322223307815993,0.0,0.0,0.5,0.0,0.0,0.560606846473029,0.0,0.0,0.0,0.0
9208,54,1.305370370370371,0.6666666666667109,1.2042421729214168,0.6867095168981988,0.017521749937857236,0.0,0.0,0.015332443701764856,0.0,0.0,0.6157407407407407,0.0,0.0,0.5618650217706821,0.0,0.0,0.0,0.0
9209,47,1.1638297872340428,0.319148936170209,1.2035727631305777,0.6843471040066454,0.009740028490028902,0.0,0.0,0.015283433441547728,0.0,0.0,0.776595744680851,0.0,0.0,0.5633433672410214,0.0,0.0,0.0,0.0
9210,43,1.0597674418604657,0.4651162790697693,1.2036764400083164,0.684133915574966,0.019838920330866726,0.0,0.0,0.015326677672645806,0.0,0.0,0.5581395348837209,0.0,0.0,0.5637346641713454,0.0,0.0,0.0,0.0
9211,45,1.0608888888888894,0.4888888888889027,1.2030682881197368,0.682777258081283,0.014353577871317278,0.0,0.0,0.015310719217765353,0.0,0.0,0.5111111111111111,0.0,0.0,0.5637927450368985,0.0,0.0,0.0,0.0
9212,52,0.9896153846153849,0.42307692307692235,1.2024519280740034,0.6809063506911988,0.009647544056992632,0.0,0.0,0.01531722010380255,0.0,0.0,0.6298076923076923,0.0,0.0,0.5647541835568028,0.0,0.0,0.0,0.0
9213,53,1.2875471698113212,0.754716981132097,1.2045375272500765,0.6823419495484299,0.016056470588235783,0.0,0.0,0.015355361992028064,0.0,0.0,0.5754716981132075,0.0,0.0,0.5657116163189038,0.0,0.0,0.0,0.0
9214,46,1.1989130434782613,0.6739130434782625,1.2028578848950742,0.6811759817161878,0.012742606284658448,0.0,0.0,0.015308869027157094,0.0,0.0,0.5597826086956522,0.0,0.0,0.5647465198420943,0.0,0.0,0.0,0.0
9215,49,1.1644897959183678,0.4489795918367403,1.2023407792207776,0.6804155844155868,0.01356310910387453,0.0,0.0,0.01530656702599034,0.0,0.0,0.673469387755102,0.0,0.0,0.5646493506493506,0.0,0.0,0.0,0.0
9216,59,1.303389830508475,0.6949152542373002,1.2034132171387055,0.6807760141093498,0.011727924355649623,0.0,0.0,0.015281301789802882,0.0,0.0,0.635593220338983,0.0,0.0,0.5652816682228446,0.0,0.0,0.0,0.0
9217,46,1.407173913043479,0.8695652173913236,1.2061050010375578,0.6813654285121418,0.014980328627633092,0.0,0.0,0.015317970261281153,0.0,0.0,0.5760869565217391,0.0,0.0,0.5670263540153558,0.0,0.0,0.0,0.0
9218,52,1.1009615384615392,0.653846153846149,1.204496783565053,0.6807428927163334,0.01524633821571234,0.0,0.0,0.015298916194874057,0.0,0.0,0.4807692307692308,0.0,0.0,0.5661963062876115,0.0,0.0,0.0,0.0
9219,51,1.3590196078431378,0.5882352941176281,1.204969401514364,0.6802198942018483,0.01567744854105392,0.0,0.0,0.015322060947381597,0.0,0.0,0.7696078431372549,0.0,0.0,0.5667980499948139,0.0,0.0,0.0,0.0
9220,40,1.0037500000000006,0.6499999999999875,1.2041984653670659,0.6808378266279571,0.015179584120982938,0.0,0.0,0.015304790056945086,0.0,0.0,0.41875,0.0,0.0,0.5659477395271671,0.0,0.0,0.0,0.0
9221,47,1.0568085106382985,0.5319148936170214,1.2036324032776666,0.6782491442796412,0.01696379781420748,0.0,0.0,0.01531503851783222,0.0,0.0,0.5159574468085106,0.0,0.0,0.5667721190747848,0.0,0.0,0.0,0.0
9222,44,1.1450000000000005,0.6363636363636669,1.2023875181422332,0.6776902342940103,0.01112632508833917,0.0,0.0,0.015306829999630461,0.0,0.0,0.4772727272727273,0.0,0.0,0.5657526435828323,0.0,0.0,0.0,0.0
9223,50,1.2182000000000004,0.6799999999999429,1.2036639004149359,0.6788381742738611,0.0133340630472852,0.0,0.0,0.015330158080050714,0.0,0.0,0.53,0.0,0.0,0.5662863070539419,0.0,0.0,0.0,0.0
9224,39,1.1612820512820516,0.6410256410256101,1.2034517871986683,0.6782003325020801,0.016031858407079144,0.0,0.0,0.01533063660021018,0.0,0.0,0.5833333333333334,0.0,0.0,0.5662146716541978,0.0,0.0,0.0,0.0
9225,46,1.1554347826086961,0.6521739130434774,1.2026648665489648,0.6778481669955363,0.015410263844592797,0.0,0.0,0.0153364887987159,0.0,0.0,0.5489130434782609,0.0,0.0,0.5659466195866653,0.0,0.0,0.0,0.0
9226,39,1.206666666666667,0.5897435897435883,1.202509616384238,0.6774092941054183,0.017913970308336438,0.0,0.0,0.015344473069096238,0.0,0.0,0.5897435897435898,0.0,0.0,0.5660671587483106,0.0,0.0,0.0,0.0
9227,57,1.2498245614035093,0.7017543859649228,1.202878347519201,0.6773925679883767,0.015436619718309987,0.0,0.0,0.015340796869497974,0.0,0.0,0.6228070175438597,0.0,0.0,0.5664573385924849,0.0,0.0,0.0,0.0
9228,34,1.1926470588235298,0.6470588235294222,1.2026712471372043,0.6770768269831376,0.014908088235294093,0.0,0.0,0.015363908142584306,0.0,0.0,0.5735294117647058,0.0,0.0,0.5659223402040391,0.0,0.0,0.0,0.0
9229,52,1.2225000000000006,0.6730769230769333,1.2023928868552396,0.6763727121464247,0.016304180559117764,0.0,0.0,0.015376322064395298,0.0,0.0,0.5480769230769231,0.0,0.0,0.5658017886855241,0.0,0.0,0.0,0.0
9230,48,1.202708333333334,0.5416666666666512,1.202703349282295,0.6763053879758705,0.015868609125892746,0.0,0.0,0.015400215764097887,0.0,0.0,0.65625,0.0,0.0,0.5660495111296027,0.0,0.0,0.0,0.0
9231,42,1.08452380952381,0.40476190476188656,1.2020989583333317,0.6751041666666685,0.016267857142857254,0.0,0.0,0.015386312759407298,0.0,0.0,0.5357142857142857,0.0,0.0,0.566015625,0.0,0.0,0.0,0.0
9232,66,1.3319696969696975,0.6969696969697048,1.2031351351351334,0.6766112266112285,0.014598140152772379,0.0,0.0,0.015388632725454812,0.0,0.0,0.6590909090909091,0.0,0.0,0.5660862785862786,0.0,0.0,0.0,0.0
9233,54,1.149444444444445,0.6296296296296012,1.2034479177484667,0.6757711081109168,0.015109542356378035,0.0,0.0,0.015411910848187061,0.0,0.0,0.5740740740740741,0.0,0.0,0.5671668916813791,0.0,0.0,0.0,0.0
9234,61,1.2172131147540988,0.6229508196721303,1.2029525191789328,0.6749948165042522,0.017057201929703513,0.0,0.0,0.015414007154613212,0.0,0.0,0.6065573770491803,0.0,0.0,0.567100352477711,0.0,0.0,0.0,0.0
9235,37,1.1367567567567571,0.43243243243243024,1.2024639335755045,0.6730669434353936,0.01326395458845839,0.0,0.0,0.015392384411705673,0.0,0.0,0.6216216216216216,0.0,0.0,0.5674623767514271,0.0,0.0,0.0,0.0
9236,58,1.2862068965517248,0.7758620689655452,1.2029159751037333,0.6738589211618277,0.01869205712853883,0.0,0.0,0.015418472740037097,0.0,0.0,0.5603448275862069,0.0,0.0,0.5670643153526971,0.0,0.0,0.0,0.0
9237,49,1.351836734693878,0.734693877551025,1.202527757600912,0.6732385597177567,0.016872134488027803,0.0,0.0,0.015410400673396163,0.0,0.0,0.673469387755102,0.0,0.0,0.5673964926844454,0.0,0.0,0.0,0.0
9238,47,1.3455319148936176,0.8510638297872318,1.202901183309112,0.6730330080963276,0.01723160762942873,0.0,0.0,0.01539078073806684,0.0,0.0,0.5212765957446809,0.0,0.0,0.5673655802366618,0.0,0.0,0.0,0.0
9239,56,1.3091071428571435,0.6428571428571671,1.203612321095207,0.6726820161792181,0.013618799925691342,0.0,0.0,0.015361623044757591,0.0,0.0,0.6741071428571429,0.0,0.0,0.56819124662933,0.0,0.0,0.0,0.0
9240,47,1.1251063829787236,0.6382978723404066,1.2024108253836567,0.6721277478224822,0.011367153912295298,0.0,0.0,0.015350162489161837,0.0,0.0,0.5531914893617021,0.0,0.0,0.5677623392783078,0.0,0.0,0.0,0.0
9241,40,1.0390000000000006,0.5250000000000042,1.201757626063497,0.671197343847273,0.026187775677378154,0.0,0.0,0.015366737380612136,0.0,0.0,0.575,0.0,0.0,0.5681157916580203,0.0,0.0,0.0,0.0
9242,51,1.3217647058823534,0.8235294117647299,1.202066604419544,0.6715426911505363,0.017405112316034532,0.0,0.0,0.01540438996503447,0.0,0.0,0.5686274509803921,0.0,0.0,0.5685755783794999,0.0,0.0,0.0,0.0
9243,53,1.1777358490566043,0.6603773584905379,1.2008107268585613,0.6717746945537398,0.01610838709677507,0.0,0.0,0.015407505915269142,0.0,0.0,0.49056603773584906,0.0,0.0,0.5671464071236281,0.0,0.0,0.0,0.0
9244,50,1.2812000000000003,0.7200000000000196,1.2011860368759049,0.6716386989848787,0.014876915931258703,0.0,0.0,0.015428854635807817,0.0,0.0,0.61,0.0,0.0,0.56727781230578,0.0,0.0,0.0,0.0
9245,59,1.114745762711865,0.6779661016949239,1.2014566521829078,0.6714256155596959,0.01564090368608806,0.0,0.0,0.015445532966433714,0.0,0.0,0.4491525423728814,0.0,0.0,0.5671942892613284,0.0,0.0,0.0,0.0
9246,48,1.1539583333333339,0.5416666666666649,1.2020207146556172,0.6710512687726589,0.014279453467389082,0.0,0.0,0.015467867434006197,0.0,0.0,0.5416666666666666,0.0,0.0,0.5673485240807872,0.0,0.0,0.0,0.0
9247,51,1.2139215686274514,0.6470588235294198,1.200226778502639,0.6693590141866027,0.01761809903244188,0.0,0.0,0.015439072051107498,0.0,0.0,0.6078431372549019,0.0,0.0,0.5669980325152739,0.0,0.0,0.0,0.0
9248,48,1.0045833333333338,0.41666666666667046,1.1994389233954437,0.6670807453416174,0.01166424770198373,0.0,0.0,0.015438830726345554,0.0,0.0,0.5104166666666666,0.0,0.0,0.5674430641821946,0.0,0.0,0.0,0.0
9249,54,1.1233333333333337,0.500000000000001,1.1986538262400317,0.6662524593559103,0.013212807667175402,0.0,0.0,0.01540560252124102,0.0,0.0,0.6064814814814815,0.0,0.0,0.5675157916537227,0.0,0.0,0.0,0.0
9250,46,1.3710869565217398,0.56521739130437,1.1986654933222887,0.6657003830624315,0.018009708737864272,0.0,0.0,0.01540918915465739,0.0,0.0,0.717391304347826,0.0,0.0,0.5676053421679262,0.0,0.0,0.0,0.0
9251,49,1.008367346938776,0.6326530612244996,1.197257580461553,0.6655283038393902,0.01256932078351574,0.0,0.0,0.015395517253768984,0.0,0.0,0.42857142857142855,0.0,0.0,0.5665424816309634,0.0,0.0,0.0,0.0
9252,50,1.0264000000000004,0.5200000000000056,1.1970753155390015,0.664390647630874,0.012975979772439507,0.0,0.0,0.015374383313557718,0.0,0.0,0.585,0.0,0.0,0.5675046554934823,0.0,0.0,0.0,0.0
9253,40,1.3602500000000008,0.9000000000000027,1.197170943708608,0.6652524834437116,0.019864914202263693,0.0,0.0,0.015384613338829657,0.0,0.0,0.4625,0.0,0.0,0.5665355960264901,0.0,0.0,0.0,0.0
9254,46,0.9813043478260873,0.6086956521739229,1.196263326777765,0.6659766069765065,0.008776978417265888,0.0,0.0,0.01532385738341795,0.0,0.0,0.44021739130434784,0.0,0.0,0.565572922057758,0.0,0.0,0.0,0.0
9255,61,1.0613114754098365,0.6393442622950706,1.1957123655913968,0.6661497105045522,0.011365870786516588,0.0,0.0,0.015286991372347866,0.0,0.0,0.4918032786885246,0.0,0.0,0.5650847808105872,0.0,0.0,0.0,0.0
9256,52,1.3219230769230774,0.5384615384615419,1.1947866074196536,0.664772140126075,0.01920648225761317,0.0,0.0,0.0152811131655778,0.0,0.0,0.7115384615384616,0.0,0.0,0.5652061589335537,0.0,0.0,0.0,0.0
9257,44,1.3897727272727278,0.8181818181817943,1.1945876875323318,0.6651836523538566,0.014947445612318734,0.0,0.0,0.015251257542613748,0.0,0.0,0.6193181818181818,0.0,0.0,0.564692188308329,0.0,0.0,0.0,0.0
9258,51,1.2547058823529416,0.588235294117643,1.1946619106699738,0.6649090157154699,0.014643020594965766,0.0,0.0,0.015234273644907089,0.0,0.0,0.6225490196078431,0.0,0.0,0.5650847808105872,0.0,0.0,0.0,0.0
9259,53,1.174528301886793,0.5849056603773605,1.1943638242894044,0.6631524547803646,0.01733017817371914,0.0,0.0,0.015260245606667451,0.0,0.0,0.5471698113207547,0.0,0.0,0.5653746770025839,0.0,0.0,0.0,0.0
9260,55,1.3070909090909093,0.6909090909090884,1.1940016527218247,0.6624315669868842,0.01382765916522447,0.0,0.0,0.015243076801350319,0.0,0.0,0.6454545454545455,0.0,0.0,0.5655407499225287,0.0,0.0,0.0,0.0
9261,54,1.2727777777777785,0.592592592592623,1.1951027149788362,0.6624341901517525,0.01318940702360382,0.0,0.0,0.015229435521001849,0.0,0.0,0.6481481481481481,0.0,0.0,0.5660679260865077,0.0,0.0,0.0,0.0
9262,53,1.1301886792452833,0.6981132075471539,1.1936070986380505,0.6617829137432963,0.013463699707799126,0.0,0.0,0.015191967263921463,0.0,0.0,0.44339622641509435,0.0,0.0,0.5648988856789104,0.0,0.0,0.0,0.0
9263,49,1.0112244897959188,0.4489795918367299,1.1928381168697073,0.6607474705760923,0.011175011276499938,0.0,0.0,0.01516726374807843,0.0,0.0,0.6020408163265306,0.0,0.0,0.5652746231674581,0.0,0.0,0.0,0.0
9264,51,1.0652941176470594,0.5882352941176853,1.1923438306659768,0.6612287041817275,0.013733569261880619,0.0,0.0,0.01515997075090612,0.0,0.0,0.4950980392156863,0.0,0.0,0.5643004646360351,0.0,0.0,0.0,0.0
9265,53,1.2311320754716986,0.943396226415082,1.1924334365325062,0.6623323013415925,0.016683712605471607,0.0,0.0,0.015153678688524555,0.0,0.0,0.42452830188679247,0.0,0.0,0.5636480908152735,0.0,0.0,0.0,0.0
9266,56,1.3107142857142862,0.785714285714253,1.193465856421875,0.6628901019672498,0.016769476810600748,0.0,0.0,0.015162355293443336,0.0,0.0,0.5982142857142857,0.0,0.0,0.5640900195694716,0.0,0.0,0.0,0.0
9267,45,1.2751111111111115,0.7999999999999664,1.1947756278303812,0.6638534376286566,0.011862724829439723,0.0,0.0,0.015150527207399532,0.0,0.0,0.6111111111111112,0.0,0.0,0.5648414985590778,0.0,0.0,0.0,0.0
9268,52,1.238461538461539,0.7307692307692155,1.19444250333984,0.6642688315692145,0.01508903467666346,0.0,0.0,0.015123597669353105,0.0,0.0,0.6057692307692307,0.0,0.0,0.5643818723666633,0.0,0.0,0.0,0.0
9269,45,1.3477777777777782,0.8000000000000395,1.1951840427719496,0.6648159572280514,0.017579710144928044,0.0,0.0,0.015119545283092457,0.0,0.0,0.5722222222222222,0.0,0.0,0.5644920830762904,0.0,0.0,0.0,0.0
9270,41,1.3058536585365859,0.5365853658536307,1.1958932428262867,0.6646096883677906,0.01584961515689744,0.0,0.0,0.015117931795753877,0.0,0.0,0.7439024390243902,0.0,0.0,0.5655918955055024,0.0,0.0,0.0,0.0
9271,43,1.1155813953488376,0.46511627906976727,1.1952021396975603,0.6635119843637514,0.013997665596731861,0.0,0.0,0.01509947132304394,0.0,0.0,0.6337209302325582,0.0,0.0,0.5655796728731612,0.0,0.0,0.0,0.0
9272,43,1.022558139534884,0.5581395348837214,1.1949083607907725,0.6626853377265265,0.011017288900024716,0.0,0.0,0.015073791104021909,0.0,0.0,0.48255813953488375,0.0,0.0,0.5657691515650741,0.0,0.0,0.0,0.0
9273,52,1.060961538461539,0.5961538461538475,1.1950829127613538,0.6638170769389252,0.01610332749562086,0.0,0.0,0.015091389381325128,0.0,0.0,0.46634615384615385,0.0,0.0,0.5649397466268411,0.0,0.0,0.0,0.0
9274,51,0.8774509803921573,0.3921568627450961,1.1944988152879348,0.6620995158133333,0.01647643593519894,0.0,0.0,0.015127754177582442,0.0,0.0,0.4803921568627451,0.0,0.0,0.5652364273204904,0.0,0.0,0.0,0.0
9275,48,1.0187500000000005,0.5416666666666662,1.1943682421995658,0.6618267943569175,0.014917632702867348,0.0,0.0,0.015156913812727914,0.0,0.0,0.5,0.0,0.0,0.5653125321800021,0.0,0.0,0.0,0.0
9276,50,1.3616000000000006,0.6400000000000297,1.1944762591410014,0.6619631269955738,0.017882847386392984,0.0,0.0,0.015162018243312984,0.0,0.0,0.69,0.0,0.0,0.5653774848079102,0.0,0.0,0.0,0.0
9277,48,1.2479166666666675,0.6249999999999728,1.1940199609013256,0.6612820248996836,0.01571765940697964,0.0,0.0,0.01515287788572021,0.0,0.0,0.6666666666666666,0.0,0.0,0.5656188908323901,0.0,0.0,0.0,0.0
9278,48,1.1431250000000002,0.7291666666666332,1.1938520880477252,0.66169512445999,0.011447944919674317,0.0,0.0,0.015107763557980627,0.0,0.0,0.5,0.0,0.0,0.5655472125077144,0.0,0.0,0.0,0.0
9279,45,1.058666666666667,0.6666666666667095,1.194262665707531,0.662521837426783,0.012412714955706425,0.0,0.0,0.01510483102650048,0.0,0.0,0.4388888888888889,0.0,0.0,0.5654608981605179,0.0,0.0,0.0,0.0
9280,43,1.199069767441861,0.9767441860465855,1.1927268051841167,0.6625180004114409,0.012361543994246946,0.0,0.0,0.015084707397506156,0.0,0.0,0.3488372093023256,0.0,0.0,0.5640814647191936,0.0,0.0,0.0,0.0
9281,40,1.2305000000000006,0.4999999999999966,1.1940555841482228,0.6619660319094214,0.018672230652503962,0.0,0.0,0.01510565264779452,0.0,0.0,0.6625,0.0,0.0,0.5653371075656202,0.0,0.0,0.0,0.0
9282,49,1.0967346938775517,0.5918367346938934,1.1941620341774741,0.661313568046122,0.013716181725370001,0.0,0.0,0.015120526607358124,0.0,0.0,0.5612244897959183,0.0,0.0,0.5660129709697344,0.0,0.0,0.0,0.0
9283,44,0.917727272727273,0.3181818181818211,1.1929058508446624,0.6592501030078315,0.011796669588080747,0.0,0.0,0.015109412387893357,0.0,0.0,0.5113636363636364,0.0,0.0,0.5661567779151215,0.0,0.0,0.0,0.0
9284,53,1.2716981132075476,0.7547169811320714,1.192585656960591,0.659841547484312,0.016519607843136094,0.0,0.0,0.015102885913386066,0.0,0.0,0.6320754716981132,0.0,0.0,0.5656703364543677,0.0,0.0,0.0,0.0
9285,47,1.448297872340426,0.7021276595744639,1.193658913132975,0.661074516261839,0.019719003476246205,0.0,0.0,0.015124720101930448,0.0,0.0,0.7553191489361702,0.0,0.0,0.5654847673939893,0.0,0.0,0.0,0.0
9286,44,1.1568181818181824,0.49999999999999223,1.1936532125205912,0.6594934102141708,0.014891749561146828,0.0,0.0,0.01511138571916455,0.0,0.0,0.6022727272727273,0.0,0.0,0.5663869439868204,0.0,0.0,0.0,0.0
9287,51,1.3376470588235296,0.8627450980391775,1.1942219479584473,0.6608042785148643,0.01372635814889296,0.0,0.0,0.015100927143360577,0.0,0.0,0.5784313725490197,0.0,0.0,0.5662089889951661,0.0,0.0,0.0,0.0
9288,36,1.2425000000000006,0.6111111111111125,1.1930295845789076,0.660035047933205,0.02554540262707084,0.0,0.0,0.015124157451668584,0.0,0.0,0.5972222222222222,0.0,0.0,0.5659983506854963,0.0,0.0,0.0,0.0
9289,48,1.3454166666666671,0.7499999999999919,1.1933515520263982,0.6594823141177704,0.018910688140556894,0.0,0.0,0.015142283630349078,0.0,0.0,0.59375,0.0,0.0,0.566077137258946,0.0,0.0,0.0,0.0
9290,60,1.1486666666666672,0.4999999999999961,1.1931179919761323,0.6580598703837073,0.014927442061944423,0.0,0.0,0.015155055016993083,0.0,0.0,0.6083333333333333,0.0,0.0,0.5667883962555292,0.0,0.0,0.0,0.0
9291,56,1.1810714285714288,0.678571428571382,1.1924982016236751,0.6571780906381682,0.013464983713354108,0.0,0.0,0.015126376849377506,0.0,0.0,0.59375,0.0,0.0,0.5670023635803103,0.0,0.0,0.0,0.0
9292,55,1.231454545454546,0.5818181818181614,1.1939040673787984,0.6571487263763367,0.014475315238298488,0.0,0.0,0.015114635535455553,0.0,0.0,0.6727272727272727,0.0,0.0,0.5684059161873459,0.0,0.0,0.0,0.0
9293,44,1.2627272727272731,0.7954545454545369,1.1939619341563767,0.6573045267489726,0.014115853658536218,0.0,0.0,0.015094512143571505,0.0,0.0,0.5340909090909091,0.0,0.0,0.5686728395061729,0.0,0.0,0.0,0.0
9294,50,1.3246000000000007,0.6400000000000021,1.1940949341021396,0.6574341021416817,0.013256605284227124,0.0,0.0,0.015086456980952337,0.0,0.0,0.7,0.0,0.0,0.568703665568369,0.0,0.0,0.0,0.0
9295,53,1.1066037735849061,0.528301886792452,1.1939128647759951,0.6566995478832731,0.015108191653787038,0.0,0.0,0.015093052407333975,0.0,0.0,0.5613207547169812,0.0,0.0,0.5692560624743116,0.0,0.0,0.0,0.0
9296,45,1.0606666666666673,0.644444444444442,1.1945055509868403,0.6568667763157908,0.01334731543624171,0.0,0.0,0.015096828927333416,0.0,0.0,0.37777777777777777,0.0,0.0,0.5692845394736842,0.0,0.0,0.0,0.0
9297,48,1.0950000000000004,0.3958333333333366,1.1948304910622543,0.6567700842408067,0.012454976303317919,0.0,0.0,0.01507990203006255,0.0,0.0,0.6354166666666666,0.0,0.0,0.5694472981302651,0.0,0.0,0.0,0.0
9298,53,1.253018867924529,0.6792452830188723,1.1949378147805512,0.6571076164045649,0.0170675918786948,0.0,0.0,0.015063178134871524,0.0,0.0,0.6132075471698113,0.0,0.0,0.5696628636036591,0.0,0.0,0.0,0.0
9299,47,0.8697872340425534,0.42553191489361164,1.1938108469692275,0.6549346506123301,0.009159758010307429,0.0,0.0,0.01502700265946072,0.0,0.0,0.5106382978723404,0.0,0.0,0.5705979211690851,0.0,0.0,0.0,0.0
9300,54,1.0011111111111115,0.4444444444444437,1.1928217516447353,0.6548108552631592,0.012450483648088708,0.0,0.0,0.015003135412316362,0.0,0.0,0.6111111111111112,0.0,0.0,0.5699527138157895,0.0,0.0,0.0,0.0
9301,50,1.2514000000000005,0.5199999999999969,1.1938811799773856,0.6560797615376722,0.01347620073228422,0.0,0.0,0.014984660914617098,0.0,0.0,0.63,0.0,0.0,0.5697399527186762,0.0,0.0,0.0,0.0
9302,57,1.3084210526315794,0.5263157894736983,1.1946054932620085,0.6547680279806615,0.015595984943538074,0.0,0.0,0.014986759035087213,0.0,0.0,0.7017543859649122,0.0,0.0,0.5707746116654665,0.0,0.0,0.0,0.0
9303,46,0.8563043478260873,0.7608695652173564,1.193146795597159,0.6542536776051857,0.008474612736660602,0.0,0.0,0.014937114774872636,0.0,0.0,0.18478260869565216,0.0,0.0,0.5695401707643246,0.0,0.0,0.0,0.0
9304,53,1.2211320754716986,0.5094339622641443,1.1937238752187773,0.6535570884381765,0.01626539331490321,0.0,0.0,0.014951739007648193,0.0,0.0,0.6981132075471698,0.0,0.0,0.5705497786471739,0.0,0.0,0.0,0.0
9305,54,1.0874074074074078,0.7037037037037074,1.192406092415353,0.6536997015539786,0.011117001135933493,0.0,0.0,0.01491557170129742,0.0,0.0,0.48148148148148145,0.0,0.0,0.5700061747452918,0.0,0.0,0.0,0.0
9306,60,1.0040000000000004,0.5666666666666698,1.1905817060637187,0.6516957862281612,0.0128690450758385,0.0,0.0,0.014887110019058028,0.0,0.0,0.48333333333333334,0.0,0.0,0.5696813977389517,0.0,0.0,0.0,0.0
9307,52,1.2800000000000007,0.7307692307692429,1.1899712111865088,0.6514497223935852,0.013692655832133622,0.0,0.0,0.014863102362447351,0.0,0.0,0.6057692307692307,0.0,0.0,0.5695044211392145,0.0,0.0,0.0,0.0
9308,64,0.8864062500000004,0.40624999999999795,1.188297916025047,0.648906683092086,0.009076800000000558,0.0,0.0,0.014783362218370824,0.0,0.0,0.5078125,0.0,0.0,0.5699363515039524,0.0,0.0,0.0,0.0
9309,54,1.2077777777777783,0.6666666666666714,1.1882798235716467,0.6498102369473804,0.011458186929022621,0.0,0.0,0.014755458526407972,0.0,0.0,0.6203703703703703,0.0,0.0,0.5699815365678531,0.0,0.0,0.0,0.0
9310,47,1.1289361702127663,0.6808510638297812,1.1881458654339994,0.6497175141242952,0.01254373522458599,0.0,0.0,0.014750437733452467,0.0,0.0,0.5212765957446809,0.0,0.0,0.5699024139702106,0.0,0.0,0.0,0.0
9311,43,0.9041860465116281,0.4651162790697649,1.1862280431432957,0.6478685156651275,0.01135514018691612,0.0,0.0,0.014735291415505012,0.0,0.0,0.4883720930232558,0.0,0.0,0.569542886492039,0.0,0.0,0.0,0.0
9312,70,0.9942857142857148,0.5714285714285696,1.1855032800327987,0.6479089790897926,0.014945243719132802,0.0,0.0,0.014724630190038784,0.0,0.0,0.4785714285714286,0.0,0.0,0.5691369413694137,0.0,0.0,0.0,0.0
9313,53,1.1820754716981137,0.6415094339622849,1.1855553280786144,0.6480704268604787,0.012570224719101065,0.0,0.0,0.014699665434681012,0.0,0.0,0.5613207547169812,0.0,0.0,0.5691217115364929,0.0,0.0,0.0,0.0
9314,56,1.3678571428571435,0.6964285714285825,1.185353338795574,0.6478902089307678,0.023141993957702615,0.0,0.0,0.014710232147282861,0.0,0.0,0.5982142857142857,0.0,0.0,0.5685682097501025,0.0,0.0,0.0,0.0
9315,53,1.3473584905660383,0.8679245283018915,1.1859514791687975,0.6498106254478468,0.01878716127335009,0.0,0.0,0.014721056764497285,0.0,0.0,0.5660377358490566,0.0,0.0,0.5680468829972362,0.0,0.0,0.0,0.0
9316,52,1.161538461538462,0.576923076923068,1.1876816042561882,0.6500920810313092,0.015587096774193948,0.0,0.0,0.01473837368006078,0.0,0.0,0.6346153846153846,0.0,0.0,0.5691886638019235,0.0,0.0,0.0,0.0
9317,51,1.1464705882352946,0.6078431372548906,1.1876685421994868,0.6497186700767278,0.01150531286894828,0.0,0.0,0.014712298456847551,0.0,0.0,0.5441176470588235,0.0,0.0,0.569309462915601,0.0,0.0,0.0,0.0
9318,57,1.0601754385964919,0.5964912280701826,1.1862811606048203,0.6498774008990615,0.014579010856453271,0.0,0.0,0.014696440979803166,0.0,0.0,0.49122807017543857,0.0,0.0,0.5679914180629342,0.0,0.0,0.0,0.0
9319,45,1.071555555555556,0.5333333333333491,1.1842585201105293,0.6481424623887024,0.010875056382498508,0.0,0.0,0.01468295852086639,0.0,0.0,0.5888888888888889,0.0,0.0,0.5678794391566881,0.0,0.0,0.0,0.0
9320,43,1.4279069767441868,1.0232558139535177,1.1854010859543063,0.6494211658641548,0.019399684044234266,0.0,0.0,0.014687469059170228,0.0,0.0,0.5116279069767442,0.0,0.0,0.5680002048970393,0.0,0.0,0.0,0.0
9321,41,1.2007317073170736,0.43902439024390166,1.1850184539676012,0.6480418289932351,0.022185669220369707,0.0,0.0,0.014694862181675268,0.0,0.0,0.6829268292682927,0.0,0.0,0.5687666598318638,0.0,0.0,0.0,0.0
9322,44,1.1565909090909097,0.49999999999999045,1.185837266570899,0.6484711676585282,0.011898527004909681,0.0,0.0,0.01469736489038492,0.0,0.0,0.5681818181818182,0.0,0.0,0.5684639852247075,0.0,0.0,0.0,0.0
9323,52,1.3573076923076928,0.7692307692307516,1.186544765416921,0.6480229461176004,0.016452214452214044,0.0,0.0,0.014720673160019048,0.0,0.0,0.6442307692307693,0.0,0.0,0.5694273714402787,0.0,0.0,0.0,0.0
9324,54,1.2577777777777783,0.9444444444444652,1.18818265588205,0.6501484590969608,0.015335290133212649,0.0,0.0,0.014727487084079371,0.0,0.0,0.48148148148148145,0.0,0.0,0.5698269683628545,0.0,0.0,0.0,0.0
9325,42,1.398571428571429,0.7142857142856972,1.1891090629800287,0.6511008704557109,0.018454288407163684,0.0,0.0,0.01474098401446207,0.0,0.0,0.7261904761904762,0.0,0.0,0.5700972862263185,0.0,0.0,0.0,0.0
9326,59,1.3503389830508483,0.7118644067796537,1.1909406345956992,0.6513817809621306,0.017556192155134414,0.0,0.0,0.014761991154596579,0.0,0.0,0.6483050847457628,0.0,0.0,0.5715455475946776,0.0,0.0,0.0,0.0
9327,45,0.9011111111111114,0.6222222222222374,1.1885698186661184,0.6507529966192005,0.012723564480702767,0.0,0.0,0.014745804073591492,0.0,0.0,0.4111111111111111,0.0,0.0,0.5702796844585596,0.0,0.0,0.0,0.0
9328,50,1.2278000000000004,0.5799999999999966,1.1888564102564083,0.6506666666666684,0.02057305630026842,0.0,0.0,0.014752782847528146,0.0,0.0,0.65,0.0,0.0,0.5703333333333334,0.0,0.0,0.0,0.0
9329,54,1.1650000000000007,0.6666666666666904,1.1898995592907635,0.6516347237880514,0.01556407718951063,0.0,0.0,0.014752539159539085,0.0,0.0,0.5370370370370371,0.0,0.0,0.570692835912678,0.0,0.0,0.0,0.0
9330,57,1.3214035087719302,0.701754385964867,1.1920465020997624,0.6538973676124158,0.012888432580423582,0.0,0.0,0.01475044043650737,0.0,0.0,0.618421052631579,0.0,0.0,0.5706749974393117,0.0,0.0,0.0,0.0
9331,57,1.0756140350877197,0.5964912280701661,1.1901461569910037,0.6529026982829123,0.014291375291374052,0.0,0.0,0.014749106394189656,0.0,0.0,0.5043859649122807,0.0,0.0,0.5698334014717906,0.0,0.0,0.0,0.0
9332,56,1.5103571428571436,0.7499999999999417,1.1920181799611869,0.6530487182106026,0.020873642645607045,0.0,0.0,0.014755997956851055,0.0,0.0,0.6875,0.0,0.0,0.5707537534470432,0.0,0.0,0.0,0.0
9333,54,1.367407407407408,0.7777777777777459,1.192801552446122,0.6536615258911251,0.024329489291597447,0.0,0.0,0.014795250812054312,0.0,0.0,0.6620370370370371,0.0,0.0,0.5710090899805944,0.0,0.0,0.0,0.0
9334,43,1.2958139534883724,0.5581395348837178,1.192501534683853,0.6529568242275432,0.017893384714193446,0.0,0.0,0.01478461452596161,0.0,0.0,0.7441860465116279,0.0,0.0,0.5709279721710661,0.0,0.0,0.0,0.0
9335,46,1.0808695652173916,0.4130434782608747,1.191976863226861,0.6520270270270279,0.010064777327935386,0.0,0.0,0.014749206373335082,0.0,0.0,0.5869565217391305,0.0,0.0,0.5710995085995086,0.0,0.0,0.0,0.0
9336,50,1.1462000000000006,0.6399999999999937,1.1912205611304505,0.6509318042187188,0.011455126923846195,0.0,0.0,0.01473300414503697,0.0,0.0,0.605,0.0,0.0,0.5719076387466722,0.0,0.0,0.0,0.0
9337,35,1.106571428571429,0.6285714285714269,1.192314083495741,0.6513488562929538,0.018575539568345335,0.0,0.0,0.014750261723632465,0.0,0.0,0.4857142857142857,0.0,0.0,0.572109959995897,0.0,0.0,0.0,0.0
9338,41,1.3224390243902444,0.5853658536585463,1.1921877886095413,0.6504874294510011,0.019666303953572675,0.0,0.0,0.014756467299287245,0.0,0.0,0.6707317073170732,0.0,0.0,0.5724474089276552,0.0,0.0,0.0,0.0
9339,55,1.1647272727272733,0.5999999999999824,1.1922407958158119,0.6516254743103278,0.01207995474259805,0.0,0.0,0.01474536414601347,0.0,0.0,0.5818181818181818,0.0,0.0,0.5716849553891908,0.0,0.0,0.0,0.0
9340,48,1.449583333333334,1.0416666666666108,1.1934168120702024,0.6540080057477167,0.016425873465533012,0.0,0.0,0.014739723040570276,0.0,0.0,0.53125,0.0,0.0,0.5709996920866263,0.0,0.0,0.0,0.0
9341,39,0.7641025641025644,0.5128205128205159,1.1923947422468661,0.6537276648182382,0.010860058309037489,0.0,0.0,0.014744681634575875,0.0,0.0,0.30128205128205127,0.0,0.0,0.5700349147668926,0.0,0.0,0.0,0.0
9342,43,1.2937209302325585,0.7441860465116189,1.191897119341562,0.6549382716049387,0.015741369552915312,0.0,0.0,0.014728416673976617,0.0,0.0,0.6453488372093024,0.0,0.0,0.5691615226337449,0.0,0.0,0.0,0.0
9343,57,1.1561403508771932,0.7017543859649159,1.1930978819658629,0.6565905819453015,0.013697775930160805,0.0,0.0,0.014722838278133529,0.0,0.0,0.4649122807017544,0.0,0.0,0.5685019535266297,0.0,0.0,0.0,0.0
9344,57,1.3173684210526322,0.6666666666666721,1.1941399835796367,0.6557881773399017,0.018463240717973256,0.0,0.0,0.014739817026979709,0.0,0.0,0.6491228070175439,0.0,0.0,0.5694273399014779,0.0,0.0,0.0,0.0
9345,49,1.0624489795918373,0.7755102040816535,1.1929589743589726,0.6548717948717954,0.014747875354107922,0.0,0.0,0.014721550709412784,0.0,0.0,0.41836734693877553,0.0,0.0,0.5692820512820512,0.0,0.0,0.0,0.0
9346,48,1.4250000000000007,0.9166666666666131,1.1932809934318533,0.6569170771756979,0.016090331686660773,0.0,0.0,0.01470364033440435,0.0,0.0,0.625,0.0,0.0,0.5682984400656814,0.0,0.0,0.0,0.0
9347,51,1.1956862745098042,0.6666666666667126,1.192543796742135,0.6556705255609059,0.01229683403912026,0.0,0.0,0.014679354686567912,0.0,0.0,0.6225490196078431,0.0,0.0,0.568666120274562,0.0,0.0,0.0,0.0
9348,49,1.1885714285714293,0.8571428571428664,1.1923530014341304,0.6566277402171686,0.015091992744234428,0.0,0.0,0.01466185065753002,0.0,0.0,0.4387755102040816,0.0,0.0,0.5681981151403401,0.0,0.0,0.0,0.0
9349,49,1.1765306122448984,0.7551020408163134,1.1922587584511353,0.6573448063921327,0.015472356414384878,0.0,0.0,0.014664737211479383,0.0,0.0,0.5663265306122449,0.0,0.0,0.5680700676090965,0.0,0.0,0.0,0.0
9350,54,1.413518518518519,0.7777777777777991,1.193789645999589,0.6577655003069368,0.01597196066122574,0.0,0.0,0.01466339084865461,0.0,0.0,0.6712962962962963,0.0,0.0,0.5686259463883774,0.0,0.0,0.0,0.0
9351,42,1.2871428571428578,0.7142857142857304,1.1955033282130036,0.657757296466974,0.01479474548439983,0.0,0.0,0.014666568672531152,0.0,0.0,0.6309523809523809,0.0,0.0,0.5699692780337942,0.0,0.0,0.0,0.0
9352,47,0.9357446808510642,0.7234042553191801,1.1935391072891055,0.6565315315315317,0.01184168012924133,0.0,0.0,0.014632300154123345,0.0,0.0,0.35638297872340424,0.0,0.0,0.5693591318591319,0.0,0.0,0.0,0.0
9353,50,0.9180000000000004,0.7599999999999746,1.192012494879146,0.6569029086439984,0.013620178041543073,0.0,0.0,0.014608186943664787,0.0,0.0,0.31,0.0,0.0,0.568209750102417,0.0,0.0,0.0,0.0
9354,55,1.3301818181818186,0.6363636363636757,1.191265732119102,0.6559909956001226,0.01833583959899723,0.0,0.0,0.01462148442307733,0.0,0.0,0.6136363636363636,0.0,0.0,0.5676609024864422,0.0,0.0,0.0,0.0
9355,45,1.0306666666666668,0.35555555555555407,1.190679214402617,0.654971358428805,0.00979100696643466,0.0,0.0,0.014609597586169601,0.0,0.0,0.6,0.0,0.0,0.5675378477905073,0.0,0.0,0.0,0.0
9356,53,1.3503773584905665,0.7924528301887169,1.191620323042321,0.655387446329994,0.016225345726594252,0.0,0.0,0.014635390574483115,0.0,0.0,0.6415094339622641,0.0,0.0,0.5680586792067062,0.0,0.0,0.0,0.0
9357,52,1.241538461538462,0.7307692307692741,1.1914236111111096,0.6557393790849677,0.011839354483770588,0.0,0.0,0.014594061759205338,0.0,0.0,0.5673076923076923,0.0,0.0,0.5676828022875817,0.0,0.0,0.0,0.0
9358,52,1.1940384615384623,0.8269230769230572,1.191328707010918,0.6561894070823556,0.016575013347571117,0.0,0.0,0.014577400329913018,0.0,0.0,0.47115384615384615,0.0,0.0,0.5673538116134299,0.0,0.0,0.0,0.0
9359,58,1.4294827586206902,0.913793103448247,1.1925160501375711,0.6572913482115562,0.018201975850713478,0.0,0.0,0.014582766849644472,0.0,0.0,0.6120689655172413,0.0,0.0,0.5676143890757159,0.0,0.0,0.0,0.0
9360,48,1.1143750000000006,0.5416666666666435,1.192612548380524,0.6563454878794052,0.015585664335664334,0.0,0.0,0.014575484850748067,0.0,0.0,0.5677083333333334,0.0,0.0,0.5680128335709921,0.0,0.0,0.0,0.0
9361,45,1.5460000000000007,0.9111111111111171,1.195169603748598,0.6569216664968931,0.02119744058500874,0.0,0.0,0.014606648133923697,0.0,0.0,0.7,0.0,0.0,0.5694713252521136,0.0,0.0,0.0,0.0
9362,52,1.4659615384615388,0.8846153846153602,1.1957336320130318,0.6576723347927909,0.016665937909925703,0.0,0.0,0.014607111938144884,0.0,0.0,0.6923076923076923,0.0,0.0,0.569799409428775,0.0,0.0,0.0,0.0
9363,52,1.3505769230769233,0.769230769230788,1.1974286878565594,0.659841075794621,0.01597588717015474,0.0,0.0,0.014613609576335607,0.0,0.0,0.6442307692307693,0.0,0.0,0.5698349633251834,0.0,0.0,0.0,0.0
9364,64,1.4314062500000007,0.7968749999999933,1.1970354162426202,0.6586606961123551,0.02025425602476304,0.0,0.0,0.014616387355570469,0.0,0.0,0.640625,0.0,0.0,0.5698402198249543,0.0,0.0,0.0,0.0
9365,38,1.2165789473684214,0.4999999999999993,1.1967891682785285,0.6569276188537111,0.01387454981992789,0.0,0.0,0.01459408393914109,0.0,0.0,0.631578947368421,0.0,0.0,0.5703196579456378,0.0,0.0,0.0,0.0
9366,46,1.3532608695652182,0.7391304347826096,1.1973974554707367,0.6580152671755729,0.016325727773406337,0.0,0.0,0.014602389868565865,0.0,0.0,0.6521739130434783,0.0,0.0,0.5701526717557251,0.0,0.0,0.0,0.0
9367,42,1.2666666666666668,0.7142857142857684,1.197331569305922,0.6577447588031758,0.010863794159690342,0.0,0.0,0.014577288879857616,0.0,0.0,0.6190476190476191,0.0,0.0,0.570527172806839,0.0,0.0,0.0,0.0
9368,56,1.2366071428571435,0.8214285714285797,1.1971509913573959,0.6579562785968487,0.015002166377816486,0.0,0.0,0.014558010195817516,0.0,0.0,0.5178571428571429,0.0,0.0,0.5700559227249619,0.0,0.0,0.0,0.0
9369,53,1.1111320754716985,0.5660377358490746,1.1976595528455274,0.6588414634146347,0.013198117436127662,0.0,0.0,0.014553550037912139,0.0,0.0,0.5754716981132075,0.0,0.0,0.5701727642276423,0.0,0.0,0.0,0.0
9370,50,1.2364000000000006,0.9600000000000227,1.1975144684739558,0.6598639455782319,0.01210258418167604,0.0,0.0,0.0145577257287305,0.0,0.0,0.435,0.0,0.0,0.5696517412935324,0.0,0.0,0.0,0.0
9371,46,1.261956521739131,0.5869565217391407,1.1990724165988595,0.6599877949552491,0.0148048967100226,0.0,0.0,0.014555223718438558,0.0,0.0,0.6630434782608695,0.0,0.0,0.5705349877949553,0.0,0.0,0.0,0.0
9372,46,1.1789130434782613,0.69565217391303,1.1987627187627174,0.6602564102564111,0.017232284715601922,0.0,0.0,0.01455751430551964,0.0,0.0,0.4891304347826087,0.0,0.0,0.5699023199023199,0.0,0.0,0.0,0.0
9373,51,1.2923529411764711,0.7450980392156561,1.1995366324560501,0.6598922873691705,0.01645282076884764,0.0,0.0,0.014588145735138872,0.0,0.0,0.5882352941176471,0.0,0.0,0.5709785590895234,0.0,0.0,0.0,0.0
9374,54,0.9518518518518524,0.4074074074074134,1.1979636400568745,0.6575258988421698,0.012591866731993912,0.0,0.0,0.014589218834262592,0.0,0.0,0.5462962962962963,0.0,0.0,0.5715518992484258,0.0,0.0,0.0,0.0
9375,53,0.995094339622642,0.4150943396226503,1.1967092976045457,0.6548924076329685,0.011386010362694706,0.0,0.0,0.014557058456751589,0.0,0.0,0.5188679245283019,0.0,0.0,0.5716605765326838,0.0,0.0,0.0,0.0
9376,48,1.1197916666666672,0.666666666666646,1.1970344827586192,0.6563894523326577,0.017756854971918867,0.0,0.0,0.014586074791764454,0.0,0.0,0.5520833333333334,0.0,0.0,0.5711713995943205,0.0,0.0,0.0,0.0
9377,52,1.0800000000000005,0.6538461538461539,1.1958741258741243,0.6559237863585694,0.016175115207372758,0.0,0.0,0.014598644269943397,0.0,0.0,0.5336538461538461,0.0,0.0,0.5709435492044188,0.0,0.0,0.0,0.0
9378,54,1.0953703703703708,0.6666666666666425,1.1949640724623,0.6558040684141285,0.013103677447938465,0.0,0.0,0.014587567857398714,0.0,0.0,0.5509259259259259,0.0,0.0,0.5706659245015687,0.0,0.0,0.0,0.0
9379,49,0.7889795918367352,0.44897959183672104,1.1924336910305715,0.6537760680299657,0.013986975397973675,0.0,0.0,0.014575019117643357,0.0,0.0,0.4030612244897959,0.0,0.0,0.5699028143348857,0.0,0.0,0.0,0.0
9380,47,1.1734042553191495,0.680851063829777,1.1932059985814152,0.6548789137703921,0.013725734196117386,0.0,0.0,0.01455841663967395,0.0,0.0,0.526595744680851,0.0,0.0,0.5695359205593272,0.0,0.0,0.0,0.0
9381,54,1.359444444444445,0.6111111111111153,1.1937100040502215,0.6541109761036858,0.016208876131596245,0.0,0.0,0.01453665273307926,0.0,0.0,0.6759259259259259,0.0,0.0,0.5700941676792224,0.0,0.0,0.0,0.0
9382,62,1.0122580645161297,0.6774193548387293,1.1922782890079877,0.6540600667408232,0.011684974865016151,0.0,0.0,0.01451123932928324,0.0,0.0,0.4435483870967742,0.0,0.0,0.5691930427748003,0.0,0.0,0.0,0.0
9383,46,1.1500000000000006,0.6086956521739251,1.1917858949711613,0.6540524132348479,0.013822837731904496,0.0,0.0,0.014476490369015601,0.0,0.0,0.5760869565217391,0.0,0.0,0.5688303146817768,0.0,0.0,0.0,0.0
9384,48,1.2393750000000006,0.6666666666666687,1.192946058091285,0.6549944337617651,0.017527990571596305,0.0,0.0,0.014505906965296514,0.0,0.0,0.5989583333333334,0.0,0.0,0.5692237627770469,0.0,0.0,0.0,0.0
9385,44,1.2400000000000004,0.6590909090909242,1.1936612021857909,0.6550293462861771,0.015055187637969708,0.0,0.0,0.014517858461538398,0.0,0.0,0.625,0.0,0.0,0.5695456385347095,0.0,0.0,0.0,0.0
9386,41,1.3870731707317079,0.975609756097592,1.1946551898734166,0.655088607594937,0.013469919469446217,0.0,0.0,0.014515189172562231,0.0,0.0,0.5975609756097561,0.0,0.0,0.5705569620253165,0.0,0.0,0.0,0.0
9387,38,1.3173684210526322,0.6315789473684338,1.1950081004455233,0.6550222762251928,0.01851331360946762,0.0,0.0,0.014527882889647658,0.0,0.0,0.6973684210526315,0.0,0.0,0.5709548400162009,0.0,0.0,0.0,0.0
9388,47,1.2600000000000002,0.765957446808544,1.1944477067935597,0.6543484863825054,0.012278664731495364,0.0,0.0,0.01451014444269516,0.0,0.0,0.5957446808510638,0.0,0.0,0.5710489014883061,0.0,0.0,0.0,0.0
9389,37,1.1837837837837843,0.9189189189189354,1.1951719241302352,0.6543259965513755,0.014551495016611918,0.0,0.0,0.014518338902524318,0.0,0.0,0.39864864864864863,0.0,0.0,0.5713814788518106,0.0,0.0,0.0,0.0
9390,51,0.9523529411764712,0.6274509803921727,1.1941906401944884,0.6538695299837938,0.011018602540834593,0.0,0.0,0.014506243478432013,0.0,0.0,0.37254901960784315,0.0,0.0,0.5707809967585089,0.0,0.0,0.0,0.0
9391,49,1.1577551020408168,0.6938775510204035,1.1929706477732782,0.6531376518218632,0.014196696696696917,0.0,0.0,0.014495337136757182,0.0,0.0,0.5510204081632653,0.0,0.0,0.5705718623481781,0.0,0.0,0.0,0.0
9392,51,1.3347058823529416,0.7254901960784218,1.1936851683348488,0.6535234051157626,0.015013233348037046,0.0,0.0,0.01451731061728511,0.0,0.0,0.6176470588235294,0.0,0.0,0.5708472348599737,0.0,0.0,0.0,0.0
9393,48,1.2481250000000006,0.7499999999999841,1.1944148882370778,0.6547992313138471,0.016196269261962454,0.0,0.0,0.014535251972118877,0.0,0.0,0.6458333333333334,0.0,0.0,0.5706988975422271,0.0,0.0,0.0,0.0
9394,43,0.9976744186046517,0.32558139534883596,1.1943741152679461,0.6535894843276043,0.015588662790698206,0.0,0.0,0.014557837046421667,0.0,0.0,0.686046511627907,0.0,0.0,0.5720424671385238,0.0,0.0,0.0,0.0
9395,52,1.2725000000000006,0.8076923076922922,1.195134780413931,0.6544169611307425,0.016174529454900017,0.0,0.0,0.014566134362995121,0.0,0.0,0.5336538461538461,0.0,0.0,0.5721100454316002,0.0,0.0,0.0,0.0
9396,44,0.9997727272727278,0.6818181818182046,1.1938372093023244,0.6548028311425689,0.01423164024587554,0.0,0.0,0.014566821788823259,0.0,0.0,0.3693181818181818,0.0,0.0,0.5708291203235591,0.0,0.0,0.0,0.0
9397,45,0.9291111111111114,0.3999999999999988,1.192382733522037,0.6536595228467453,0.011584926572458023,0.0,0.0,0.014545753878748445,0.0,0.0,0.5388888888888889,0.0,0.0,0.57061261625556,0.0,0.0,0.0,0.0
9398,42,1.2216666666666671,0.4761904761904734,1.1917383385611646,0.6530405747242745,0.019311253293186843,0.0,0.0,0.014562414764753763,0.0,0.0,0.6726190476190477,0.0,0.0,0.5707022159263382,0.0,0.0,0.0,0.0
9399,41,1.4402439024390248,0.8048780487804543,1.1925255592671313,0.6543172385869018,0.01738298498675239,0.0,0.0,0.014587491193117391,0.0,0.0,0.7195121951219512,0.0,0.0,0.5708320680230793,0.0,0.0,0.0,0.0
9400,60,1.441833333333334,0.8666666666666203,1.1944209568119744,0.6562152321229898,0.02066157153092939,0.0,0.0,0.014631204259057066,0.0,0.0,0.6291666666666667,0.0,0.0,0.5707494689996966,0.0,0.0,0.0,0.0
9401,48,1.0741666666666672,0.5000000000000007,1.193490088996763,0.654935275080906,0.014760950472372915,0.0,0.0,0.014629563514200295,0.0,0.0,0.53125,0.0,0.0,0.5704894822006472,0.0,0.0,0.0,0.0
9402,44,0.9029545454545457,0.7272727272727312,1.1908074156620394,0.6546449194610475,0.013624828532235884,0.0,0.0,0.014625268598460337,0.0,0.0,0.3068181818181818,0.0,0.0,0.5688633370479181,0.0,0.0,0.0,0.0
9403,53,1.1584905660377363,0.6603773584905851,1.1906692993114611,0.6538072093965169,0.0124720698760916,0.0,0.0,0.014627266880868902,0.0,0.0,0.5188679245283019,0.0,0.0,0.5692588092345079,0.0,0.0,0.0,0.0
9404,49,1.0322448979591843,0.755102040816325,1.1911627200971453,0.6547257640153812,0.013600430223178727,0.0,0.0,0.01463515524660539,0.0,0.0,0.3877551020408163,0.0,0.0,0.56886257842542,0.0,0.0,0.0,0.0
9405,50,1.2042000000000004,0.700000000000018,1.1904826469695426,0.6539512293837901,0.012282741738066294,0.0,0.0,0.014610550158516844,0.0,0.0,0.63,0.0,0.0,0.5692097541232419,0.0,0.0,0.0,0.0
9406,55,1.0150909090909095,0.6545454545454347,1.1885782230317739,0.6532078526614045,0.012354503208674249,0.0,0.0,0.014587458704885817,0.0,0.0,0.45,0.0,0.0,0.5683060109289617,0.0,0.0,0.0,0.0
9407,44,1.1684090909090914,0.6363636363636348,1.1892704644338754,0.6529393908732165,0.02007418976962141,0.0,0.0,0.014629427484288976,0.0,0.0,0.5795454545454546,0.0,0.0,0.5686532429424264,0.0,0.0,0.0,0.0
9408,54,1.1248148148148152,0.777777777777709,1.188283921886066,0.6535464939795602,0.012709771918810626,0.0,0.0,0.014603550222277443,0.0,0.0,0.4074074074074074,0.0,0.0,0.567514924618031,0.0,0.0,0.0,0.0
9409,48,1.0581250000000002,0.7916666666666597,1.187768110076891,0.6558073654390928,0.009931560422369801,0.0,0.0,0.014607806906540299,0.0,0.0,0.3697916666666667,0.0,0.0,0.565560501821125,0.0,0.0,0.0,0.0
9410,54,1.1094444444444451,0.5555555555555544,1.1878969176351684,0.6560889338049514,0.013696844993141069,0.0,0.0,0.014587949115730633,0.0,0.0,0.5,0.0,0.0,0.5652349671551289,0.0,0.0,0.0,0.0
9411,52,1.132884615384616,0.6538461538461746,1.188185215108058,0.6568370026257316,0.014749624436655508,0.0,0.0,0.014589716499383646,0.0,0.0,0.5096153846153846,0.0,0.0,0.5651888507372248,0.0,0.0,0.0,0.0
9412,53,1.205660377358491,0.5471698113207389,1.1893214177521951,0.6574775320609908,0.014599040438656341,0.0,0.0,0.014622495688804252,0.0,0.0,0.6415094339622641,0.0,0.0,0.565258002625467,0.0,0.0,0.0,0.0
9413,35,1.2417142857142862,0.5428571428571489,1.188980273141122,0.6565503287809804,0.01291914387633809,0.0,0.0,0.014607799148618783,0.0,0.0,0.7214285714285714,0.0,0.0,0.565756196256955,0.0,0.0,0.0,0.0
9414,52,1.269038461538462,0.8269230769230659,1.1893549691638856,0.6573652815691023,0.014121549325914848,0.0,0.0,0.0146150052179098,0.0,0.0,0.4951923076923077,0.0,0.0,0.5654130017187342,0.0,0.0,0.0,0.0
9415,50,0.9544000000000002,0.280000000000005,1.1882905378083293,0.6564900930044472,0.010977685760294887,0.0,0.0,0.014600862047549202,0.0,0.0,0.64,0.0,0.0,0.5652547513141933,0.0,0.0,0.0,0.0
9416,37,1.3437837837837843,0.8108108108108054,1.1881854103343459,0.6568389057750751,0.017662522202486316,0.0,0.0,0.014635126129701269,0.0,0.0,0.5945945945945946,0.0,0.0,0.5649442755825734,0.0,0.0,0.0,0.0
9417,50,1.2114000000000005,0.600000000000007,1.1872827628114233,0.6555600567146029,0.01630417227456263,0.0,0.0,0.014641007003766596,0.0,0.0,0.58,0.0,0.0,0.564968604415637,0.0,0.0,0.0,0.0
9418,55,1.249454545454546,0.7454545454545383,1.1880834261415403,0.6560696567783729,0.013351466873907255,0.0,0.0,0.014629898367293965,0.0,0.0,0.5818181818181818,0.0,0.0,0.5655057203604333,0.0,0.0,0.0,0.0
9419,41,0.9607317073170736,0.4390243902438988,1.1862551940812802,0.6555183946488283,0.01257261410788428,0.0,0.0,0.014616066612055657,0.0,0.0,0.573170731707317,0.0,0.0,0.5644826188304449,0.0,0.0,0.0,0.0
9420,59,1.206101694915255,0.47457627118645196,1.1871120776856152,0.6544608537325501,0.013562035448828546,0.0,0.0,0.014607327692434032,0.0,0.0,0.6483050847457628,0.0,0.0,0.5655725268055837,0.0,0.0,0.0,0.0
9421,61,1.03688524590164,0.6885245901639314,1.1868050505050496,0.6552525252525243,0.014764239028945665,0.0,0.0,0.014599589449957342,0.0,0.0,0.45081967213114754,0.0,0.0,0.5651010101010101,0.0,0.0,0.0,0.0
9422,41,1.0743902439024393,0.5609756097560928,1.1865252096594918,0.6549459432151147,0.015127060439560358,0.0,0.0,0.014621083273776727,0.0,0.0,0.5487804878048781,0.0,0.0,0.5654238658179246,0.0,0.0,0.0,0.0
9423,49,1.205510204081633,0.6530612244897899,1.186459175424413,0.6548100242522223,0.017648640573647636,0.0,0.0,0.014641050356823499,0.0,0.0,0.6224489795918368,0.0,0.0,0.5658852061438965,0.0,0.0,0.0,0.0
9424,58,1.3060344827586212,0.7586206896552198,1.187257690368128,0.6554715078164394,0.015465496120868054,0.0,0.0,0.01464118605489979,0.0,0.0,0.5689655172413793,0.0,0.0,0.56583459404942,0.0,0.0,0.0,0.0
9425,47,1.0970212765957452,0.4042553191489338,1.1869776119402973,0.6542960871319077,0.01614276768941769,0.0,0.0,0.01464385291537842,0.0,0.0,0.6702127659574468,0.0,0.0,0.566407825736184,0.0,0.0,0.0,0.0
9426,47,1.1400000000000006,0.6170212765957396,1.186677750906891,0.6543732365981455,0.02101176470588236,0.0,0.0,0.014653368637688204,0.0,0.0,0.5638297872340425,0.0,0.0,0.566303909713825,0.0,0.0,0.0,0.0
9427,49,1.2867346938775515,0.4897959183673474,1.1868091972569572,0.6532876159741827,0.01350685518423357,0.0,0.0,0.014642212382003413,0.0,0.0,0.7244897959183674,0.0,0.0,0.5667607906413876,0.0,0.0,0.0,0.0
9428,50,1.5666000000000009,1.1000000000000312,1.1887011679420043,0.6555577929923477,0.024562558795860258,0.0,0.0,0.014680651579209131,0.0,0.0,0.645,0.0,0.0,0.56713149416029,0.0,0.0,0.0,0.0
9429,48,1.061666666666667,0.5416666666666733,1.187909951651892,0.6549153908138595,0.011550317316409965,0.0,0.0,0.014655622563572336,0.0,0.0,0.5677083333333334,0.0,0.0,0.5672340854149879,0.0,0.0,0.0,0.0
9430,38,1.2842105263157897,0.7894736842105179,1.1882072998588409,0.6559790280298445,0.018733205374280353,0.0,0.0,0.014663348596456285,0.0,0.0,0.5592105263157895,0.0,0.0,0.5667725347852389,0.0,0.0,0.0,0.0
9431,45,0.9751111111111114,0.44444444444444076,1.1876796693881646,0.6560830561435338,0.012678416642588602,0.0,0.0,0.014649222158263704,0.0,0.0,0.5444444444444444,0.0,0.0,0.5668027416591069,0.0,0.0,0.0,0.0
9432,47,1.1431914893617026,0.4255319148936108,1.1865067663098345,0.6547162189456673,0.016848541862652847,0.0,0.0,0.014658356498001256,0.0,0.0,0.6914893617021277,0.0,0.0,0.5667794384972733,0.0,0.0,0.0,0.0
9433,52,1.1103846153846157,0.5384615384615214,1.1863090909090892,0.6542424242424242,0.011406558672461212,0.0,0.0,0.014635534143672827,0.0,0.0,0.6057692307692307,0.0,0.0,0.5669444444444445,0.0,0.0,0.0,0.0
9434,60,1.0126666666666673,0.6333333333333393,1.1850661682998265,0.6543085160117182,0.01266889074228562,0.0,0.0,0.014610657549772373,0.0,0.0,0.45,0.0,0.0,0.5659915142943732,0.0,0.0,0.0,0.0
9435,50,1.3486000000000007,0.9799999999999714,1.1860714285714269,0.6567796610169488,0.020152420800956732,0.0,0.0,0.014639064601285038,0.0,0.0,0.48,0.0,0.0,0.5653500807102502,0.0,0.0,0.0,0.0
9436,41,1.2656097560975614,0.7317073170731506,1.185814047498735,0.6563921172309243,0.017018694653985263,0.0,0.0,0.014627944318807973,0.0,0.0,0.6097560975609756,0.0,0.0,0.5655634158665993,0.0,0.0,0.0,0.0
9437,49,1.2293877551020413,0.489795918367342,1.1852076806467895,0.6551793835270334,0.01660876757650979,0.0,0.0,0.01462591617519227,0.0,0.0,0.6836734693877551,0.0,0.0,0.5656139464375948,0.0,0.0,0.0,0.0
9438,44,1.3313636363636372,0.7272727272727239,1.1850960372017774,0.6545693489688633,0.01709366793113587,0.0,0.0,0.014624536549583574,0.0,0.0,0.625,0.0,0.0,0.5660887585928023,0.0,0.0,0.0,0.0
9439,54,1.2377777777777783,0.7037037037036916,1.18468149646107,0.6549039433771479,0.021145207212907476,0.0,0.0,0.014657094176192867,0.0,0.0,0.5879629629629629,0.0,0.0,0.5655965621840243,0.0,0.0,0.0,0.0
9440,62,1.2058064516129037,0.5967741935483644,1.1850964159515378,0.654618879353861,0.018840725806452994,0.0,0.0,0.014697041405301186,0.0,0.0,0.6612903225806451,0.0,0.0,0.5662544169611308,0.0,0.0,0.0,0.0
9441,47,1.4093617021276603,0.8936170212765732,1.1867493946731216,0.6562752219531872,0.021999335768847675,0.0,0.0,0.014701730003474509,0.0,0.0,0.6170212765957447,0.0,0.0,0.5664598466505246,0.0,0.0,0.0,0.0
9442,51,1.0550980392156868,0.3529411764705864,1.1853773204196913,0.6538539144471338,0.01422040169133182,0.0,0.0,0.014686366051060908,0.0,0.0,0.7107843137254902,0.0,0.0,0.5671912832929782,0.0,0.0,0.0,0.0
9443,46,1.3204347826086964,0.47826086956522706,1.1860454316002,0.6530035335689037,0.019973692864189645,0.0,0.0,0.0146995899603474,0.0,0.0,0.8260869565217391,0.0,0.0,0.5688036345280162,0.0,0.0,0.0,0.0
9444,41,1.1231707317073176,0.4878048780487615,1.1853041632983004,0.6519805982215026,0.013390520500145619,0.0,0.0,0.014692994323106912,0.0,0.0,0.6585365853658537,0.0,0.0,0.5689672594987873,0.0,0.0,0.0,0.0
9445,52,1.4405769230769236,0.9615384615384568,1.1870674486803499,0.6534533319850327,0.01674340634778711,0.0,0.0,0.01469949022843927,0.0,0.0,0.6057692307692307,0.0,0.0,0.5698756193750631,0.0,0.0,0.0,0.0
9446,62,1.2435483870967747,0.8064516129032373,1.1875815409471855,0.654953044531959,0.016779107725789312,0.0,0.0,0.014713483771607727,0.0,0.0,0.5645161290322581,0.0,0.0,0.5699787943047562,0.0,0.0,0.0,0.0
9447,40,0.8677500000000002,0.7499999999999944,1.1861524464213484,0.6553780832996351,0.008549261083743773,0.0,0.0,0.014669433834882572,0.0,0.0,0.2,0.0,0.0,0.5682875050545896,0.0,0.0,0.0,0.0
9448,45,1.1088888888888893,0.5333333333333347,1.1866821721104235,0.6559813934674881,0.014603453321627645,0.0,0.0,0.01468469776183838,0.0,0.0,0.6222222222222222,0.0,0.0,0.568813833552432,0.0,0.0,0.0,0.0
9449,46,1.3202173913043482,0.6521739130434501,1.1876500354215138,0.656816111729581,0.020304246071549233,0.0,0.0,0.014714245590805706,0.0,0.0,0.6739130434782609,0.0,0.0,0.5690972573626151,0.0,0.0,0.0,0.0
9450,56,1.218571428571429,0.7857142857142636,1.186971994742693,0.6579718936406822,0.018840419657647944,0.0,0.0,0.014718513448119372,0.0,0.0,0.5267857142857143,0.0,0.0,0.5681680315438277,0.0,0.0,0.0,0.0
9451,56,1.1803571428571435,0.9107142857142987,1.1878187512628795,0.6595271772075154,0.020357252848784025,0.0,0.0,0.014752087270099155,0.0,0.0,0.4642857142857143,0.0,0.0,0.5682713679531218,0.0,0.0,0.0,0.0
9452,49,1.5561224489795924,0.9183673469387993,1.190457714458925,0.6615135899767595,0.025433622414942597,0.0,0.0,0.014801141181658184,0.0,0.0,0.7448979591836735,0.0,0.0,0.5690613317166818,0.0,0.0,0.0,0.0
9453,58,1.5879310344827593,0.9999999999999815,1.192097831568329,0.662531517902167,0.025033976624082542,0.0,0.0,0.014830975824291652,0.0,0.0,0.6810344827586207,0.0,0.0,0.5701462430660615,0.0,0.0,0.0,0.0
9454,35,0.9777142857142861,0.5999999999999939,1.192319264943455,0.6625605815831972,0.013409090909090647,0.0,0.0,0.014865603512738464,0.0,0.0,0.45714285714285713,0.0,0.0,0.5703503634894992,0.0,0.0,0.0,0.0
9455,60,1.4935000000000007,0.8833333333333621,1.194951024941935,0.6640411996364727,0.026614196614197484,0.0,0.0,0.014940716153412035,0.0,0.0,0.65,0.0,0.0,0.5713167726951429,0.0,0.0,0.0,0.0
9456,42,1.152380952380953,0.571428571428576,1.1941029010411384,0.6643080966339825,0.02367906066536192,0.0,0.0,0.014943997611644257,0.0,0.0,0.5476190476190477,0.0,0.0,0.5704791266552107,0.0,0.0,0.0,0.0
9457,61,1.06016393442623,0.37704918032786816,1.19240968718466,0.6618567103935409,0.016426212852425723,0.0,0.0,0.014951363196971476,0.0,0.0,0.6188524590163934,0.0,0.0,0.5705600403632695,0.0,0.0,0.0,0.0
9458,59,0.9111864406779667,0.6949152542372532,1.1904164145997158,0.6624319419237737,0.01162378378378332,0.0,0.0,0.014933601314439751,0.0,0.0,0.3050847457627119,0.0,0.0,0.5687134502923976,0.0,0.0,0.0,0.0
9459,40,1.4472500000000006,0.75000000000003,1.1915386168601698,0.6632004038364452,0.014900900900900585,0.0,0.0,0.014922556189435792,0.0,0.0,0.6875,0.0,0.0,0.5693084300858152,0.0,0.0,0.0,0.0
9460,48,1.3868750000000007,0.8333333333333216,1.1918438068296608,0.6638714891897342,0.01772836218375424,0.0,0.0,0.01494311243748829,0.0,0.0,0.625,0.0,0.0,0.5691553849262477,0.0,0.0,0.0,0.0
9461,44,1.1438636363636372,0.4999999999999991,1.1911883090614872,0.6635315533980569,0.017822237960340447,0.0,0.0,0.014965053712209292,0.0,0.0,0.5625,0.0,0.0,0.5686943770226537,0.0,0.0,0.0,0.0
9462,42,0.8742857142857146,0.19047619047619158,1.190168067226889,0.6613344132833845,0.012223701731025723,0.0,0.0,0.014963073750668273,0.0,0.0,0.6309523809523809,0.0,0.0,0.5696314670446492,0.0,0.0,0.0,0.0
9463,34,1.1852941176470593,0.4705882352941207,1.1910403569255712,0.6617319002230772,0.01671505599336383,0.0,0.0,0.014989899144585811,0.0,0.0,0.6397058823529411,0.0,0.0,0.5697120259582235,0.0,0.0,0.0,0.0
9464,46,1.1684782608695659,0.4782608695652072,1.1915856751547107,0.6612559602313061,0.021500000000000675,0.0,0.0,0.015017062140969477,0.0,0.0,0.5978260869565217,0.0,0.0,0.5702292786851983,0.0,0.0,0.0,0.0
9465,42,1.3190476190476197,0.8095238095238231,1.1919165143205344,0.6603696932764559,0.017399497487437236,0.0,0.0,0.015018428131566636,0.0,0.0,0.6071428571428571,0.0,0.0,0.5711710339224051,0.0,0.0,0.0,0.0
9466,39,1.4117948717948725,0.846153846153839,1.19211211720419,0.6603927154339188,0.017964110929853033,0.0,0.0,0.015020176848668522,0.0,0.0,0.6025641025641025,0.0,0.0,0.5711415199918608,0.0,0.0,0.0,0.0
9467,46,1.296739130434783,0.7826086956522198,1.1922217700915545,0.6603255340793479,0.01937946718648431,0.0,0.0,0.01505703783550441,0.0,0.0,0.625,0.0,0.0,0.5712105798575788,0.0,0.0,0.0,0.0
9468,59,1.0494915254237294,0.6101694915254176,1.1911212768120343,0.6596523330283613,0.012023300970873991,0.0,0.0,0.01503681221726717,0.0,0.0,0.5338983050847458,0.0,0.0,0.5708041069431737,0.0,0.0,0.0,0.0
9469,58,1.3951724137931043,0.9827586206897054,1.1916071065989828,0.6609137055837556,0.015844918738986295,0.0,0.0,0.015030862537489673,0.0,0.0,0.5344827586206896,0.0,0.0,0.5705837563451777,0.0,0.0,0.0,0.0
9470,60,1.4336666666666673,0.8333333333333977,1.192604113891983,0.6624784679298812,0.016989926920798145,0.0,0.0,0.015040002964602407,0.0,0.0,0.6291666666666667,0.0,0.0,0.5702198804336812,0.0,0.0,0.0,0.0
9471,32,1.1731250000000004,0.9062499999999987,1.1928768512882917,0.6641306553053354,0.010710413694721447,0.0,0.0,0.015025177443157511,0.0,0.0,0.40625,0.0,0.0,0.5694106309596267,0.0,0.0,0.0,0.0
9472,42,1.121190476190477,0.4999999999999953,1.1933143958608075,0.6638936796185448,0.018524783634933352,0.0,0.0,0.015057040742656149,0.0,0.0,0.5595238095238095,0.0,0.0,0.5697473876432991,0.0,0.0,0.0,0.0
9473,53,1.2907547169811326,0.8679245283019269,1.194536417123147,0.6653479407587745,0.015414601171698716,0.0,0.0,0.015054486786123403,0.0,0.0,0.5849056603773585,0.0,0.0,0.5703743152769324,0.0,0.0,0.0,0.0
9474,51,1.1488235294117652,0.666666666666679,1.19594035301278,0.6667681071211199,0.01843612334801691,0.0,0.0,0.015063283376135552,0.0,0.0,0.5686274509803921,0.0,0.0,0.570830797321972,0.0,0.0,0.0,0.0
9475,51,1.1386274509803926,0.7058823529411505,1.1965064395091758,0.6675793530067945,0.01076167531504917,0.0,0.0,0.015034314999719692,0.0,0.0,0.45098039215686275,0.0,0.0,0.5705557245715445,0.0,0.0,0.0,0.0
9476,43,0.9627906976744193,0.6046511627906991,1.194648873553885,0.6674446925106554,0.01644162033359846,0.0,0.0,0.015024996841093635,0.0,0.0,0.4186046511627907,0.0,0.0,0.5692865841282728,0.0,0.0,0.0,0.0
9477,51,1.3609803921568633,1.0196078431372555,1.1952500760880576,0.6694734706300091,0.01437655343827694,0.0,0.0,0.015017641450270005,0.0,0.0,0.5882352941176471,0.0,0.0,0.5689104189915796,0.0,0.0,0.0,0.0
9478,54,1.5709259259259265,1.0000000000000229,1.1975605799452484,0.6709925986008316,0.022323684210526155,0.0,0.0,0.015074911649051814,0.0,0.0,0.6898148148148148,0.0,0.0,0.5699077359829666,0.0,0.0,0.0,0.0
9479,48,1.470208333333334,0.8749999999999681,1.1995205757145735,0.6720048651935939,0.01752856433184284,0.0,0.0,0.015100553647964648,0.0,0.0,0.6458333333333334,0.0,0.0,0.5708747212649503,0.0,0.0,0.0,0.0
9480,52,1.2819230769230774,0.5384615384615599,1.199956455696201,0.6699746835443035,0.01566259398496224,0.0,0.0,0.015118181261450706,0.0,0.0,0.7355769230769231,0.0,0.0,0.5727088607594937,0.0,0.0,0.0,0.0
9481,55,1.3240000000000003,0.9272727272727163,1.200522750252779,0.6720930232558135,0.013752596789424134,0.0,0.0,0.015097074848529183,0.0,0.0,0.4590909090909091,0.0,0.0,0.5717138523761375,0.0,0.0,0.0,0.0
9482,49,1.4608163265306129,0.9387755102040637,1.2023265925176931,0.6738119312436799,0.01822301425661934,0.0,0.0,0.01511956666857396,0.0,0.0,0.5918367346938775,0.0,0.0,0.5718655207280081,0.0,0.0,0.0,0.0
9483,57,1.4750877192982461,0.912280701754441,1.205161062304351,0.6767646167827928,0.016890317396545045,0.0,0.0,0.015145186670389103,0.0,0.0,0.6491228070175439,0.0,0.0,0.5725790164596587,0.0,0.0,0.0,0.0
9484,43,1.2723255813953491,0.8372093023255707,1.2050965329020504,0.6770443748104716,0.011476819802811232,0.0,0.0,0.01511590489243791,0.0,0.0,0.5581395348837209,0.0,0.0,0.5721975133933084,0.0,0.0,0.0,0.0
9485,60,1.4741666666666675,0.7999999999999585,1.2055723803755287,0.6776700989299407,0.01989428699955021,0.0,0.0,0.015122685674704765,0.0,0.0,0.7166666666666667,0.0,0.0,0.5722037149202504,0.0,0.0,0.0,0.0
9486,50,1.4118000000000008,0.919999999999987,1.2068290960451964,0.6796811945117022,0.024725043782836964,0.0,0.0,0.015158426029414408,0.0,0.0,0.58,0.0,0.0,0.5721095641646489,0.0,0.0,0.0,0.0
9487,55,1.4474545454545462,0.8727272727272977,1.2074909237595794,0.6798104074223473,0.019798557572744197,0.0,0.0,0.015191128016249953,0.0,0.0,0.6,0.0,0.0,0.5722317466720451,0.0,0.0,0.0,0.0
9488,47,1.3046808510638304,0.8936170212765884,1.207824116047143,0.6810718243175174,0.016626898047722067,0.0,0.0,0.015174883499593776,0.0,0.0,0.5372340425531915,0.0,0.0,0.5719754205701622,0.0,0.0,0.0,0.0
9489,47,1.5834042553191496,0.9361702127659287,1.2089371347975004,0.6819464033850489,0.02344675488342817,0.0,0.0,0.015191970983117836,0.0,0.0,0.776595744680851,0.0,0.0,0.5728390086641144,0.0,0.0,0.0,0.0
9490,57,1.2970175438596498,0.8421052631579398,1.2098075178877346,0.6839665423762973,0.01748580889309342,0.0,0.0,0.015205802182658348,0.0,0.0,0.5789473684210527,0.0,0.0,0.5726594779804495,0.0,0.0,0.0,0.0
9491,52,1.1842307692307699,0.538461538461542,1.2098356689182368,0.683234196995665,0.016364602710603183,0.0,0.0,0.015222180080599073,0.0,0.0,0.6826923076923077,0.0,0.0,0.5731172497227544,0.0,0.0,0.0,0.0
9492,49,1.1969387755102046,0.6122448979591768,1.2096519721577719,0.6834459800262284,0.017408726625110813,0.0,0.0,0.015235980011104992,0.0,0.0,0.6887755102040817,0.0,0.0,0.5731362856854635,0.0,0.0,0.0,0.0
9493,38,1.5236842105263164,0.7368421052631635,1.2106207731906726,0.6831533259311602,0.02196509863429399,0.0,0.0,0.01526416599956479,0.0,0.0,0.7894736842105263,0.0,0.0,0.5741394973251237,0.0,0.0,0.0,0.0
9494,46,1.0634782608695659,0.3913043478260886,1.2093618095526601,0.6820155508431791,0.016701946056674924,0.0,0.0,0.015282338229101588,0.0,0.0,0.5760869565217391,0.0,0.0,0.5735130768454004,0.0,0.0,0.0,0.0
9495,49,1.091632653061225,0.4897959183673769,1.2093292251742593,0.6818870592989195,0.01446457544618689,0.0,0.0,0.015279341302844005,0.0,0.0,0.5459183673469388,0.0,0.0,0.5734417617941207,0.0,0.0,0.0,0.0
9496,48,1.260208333333334,0.7291666666666762,1.2102514643506357,0.6822864067865083,0.01593519494204457,0.0,0.0,0.015291333739948447,0.0,0.0,0.5260416666666666,0.0,0.0,0.5741011916784488,0.0,0.0,0.0,0.0
9497,51,1.1352941176470592,0.7450980392157076,1.2104240282685508,0.6839979808177693,0.013985507246376844,0.0,0.0,0.015299709300099839,0.0,0.0,0.5490196078431373,0.0,0.0,0.5736749116607773,0.0,0.0,0.0,0.0
9498,40,1.3412500000000005,0.7000000000000288,1.2107248281439542,0.6840881520420548,0.017015540754836134,0.0,0.0,0.015297833151102115,0.0,0.0,0.61875,0.0,0.0,0.5736453699959563,0.0,0.0,0.0,0.0
9499,45,1.4311111111111114,1.022222222222253,1.213347826086956,0.6868554095045508,0.017196261682242812,0.0,0.0,0.01534194612424413,0.0,0.0,0.5666666666666667,0.0,0.0,0.5739130434782609,0.0,0.0,0.0,0.0
9500,53,1.4620754716981137,0.9056603773584634,1.215839822024471,0.689351805035899,0.016218082879867094,0.0,0.0,0.015363337362606515,0.0,0.0,0.6556603773584906,0.0,0.0,0.5741480432804126,0.0,0.0,0.0,0.0
9501,51,1.2041176470588242,0.745098039215699,1.215599595551061,0.6904954499494446,0.016362909672262085,0.0,0.0,0.015379344928337195,0.0,0.0,0.6176470588235294,0.0,0.0,0.5740899898887766,0.0,0.0,0.0,0.0
9502,28,1.0853571428571431,0.7857142857142875,1.214693235980123,0.6917148362235072,0.025452261306532546,0.0,0.0,0.015393469968951176,0.0,0.0,0.4642857142857143,0.0,0.0,0.573040259608559,0.0,0.0,0.0,0.0
9503,58,1.1655172413793107,0.7586206896551775,1.2160741415982979,0.6917856781120233,0.01723171042569544,0.0,0.0,0.0154441132848729,0.0,0.0,0.45689655172413796,0.0,0.0,0.5741669198825079,0.0,0.0,0.0,0.0
9504,61,1.2080327868852465,0.7540983606557166,1.2159973686873793,0.6931484667543778,0.01787724405628349,0.0,0.0,0.015452809222862757,0.0,0.0,0.5286885245901639,0.0,0.0,0.5732213338730898,0.0,0.0,0.0,0.0
9505,39,1.3523076923076929,0.8205128205128701,1.2172400162173116,0.693594161767688,0.01953333333333453,0.0,0.0,0.015496577905554382,0.0,0.0,0.5512820512820513,0.0,0.0,0.5736367322116359,0.0,0.0,0.0,0.0
9506,55,1.266545454545455,0.836363636363626,1.2188124936619003,0.6951627623973234,0.015166557805356026,0.0,0.0,0.015510494582359044,0.0,0.0,0.5045454545454545,0.0,0.0,0.5738008315586655,0.0,0.0,0.0,0.0
9507,42,1.3028571428571432,0.9285714285713839,1.2188478327073387,0.695969952289108,0.01267840593141761,0.0,0.0,0.015506120767475463,0.0,0.0,0.5238095238095238,0.0,0.0,0.5734189422393665,0.0,0.0,0.0,0.0
9508,51,0.9917647058823534,0.6274509803921706,1.2198332994511074,0.6974994917666196,0.014011080332410277,0.0,0.0,0.015551198601512838,0.0,0.0,0.4411764705882353,0.0,0.0,0.5731601951616182,0.0,0.0,0.0,0.0
9509,49,1.3387755102040824,0.8571428571428104,1.2204922200752564,0.698464354723889,0.024633871573412746,0.0,0.0,0.01561297423314805,0.0,0.0,0.5612244897959183,0.0,0.0,0.5728414522526187,0.0,0.0,0.0,0.0
9510,50,1.4148000000000005,0.6400000000000063,1.2219174461163071,0.6982513216754781,0.019770821688093902,0.0,0.0,0.015649249358732367,0.0,0.0,0.67,0.0,0.0,0.5735817405449369,0.0,0.0,0.0,0.0
9511,60,1.3886666666666672,0.9333333333333336,1.22431949660002,0.7007002943266013,0.016663999999999846,0.0,0.0,0.01567494730933261,0.0,0.0,0.5791666666666667,0.0,0.0,0.5739876179843703,0.0,0.0,0.0,0.0
9512,51,1.3050980392156868,0.8235294117647707,1.226375838926174,0.7022574740695553,0.012606060606060739,0.0,0.0,0.015658321312786588,0.0,0.0,0.5686274509803921,0.0,0.0,0.5746390075249136,0.0,0.0,0.0,0.0
9513,48,1.2375000000000005,0.6250000000000197,1.2266690405941598,0.7022077525689294,0.013570938999315363,0.0,0.0,0.01566644837201573,0.0,0.0,0.6041666666666666,0.0,0.0,0.5748550208566487,0.0,0.0,0.0,0.0
9514,39,1.1769230769230774,0.5897435897436021,1.225665511618426,0.7017937219730946,0.016800878477305846,0.0,0.0,0.015638302575732423,0.0,0.0,0.5128205128205128,0.0,0.0,0.5744751324908276,0.0,0.0,0.0,0.0
9515,44,1.253863636363637,0.7045454545454675,1.225134142609405,0.7009078853412228,0.027244444444444488,0.0,0.0,0.01565333503638986,0.0,0.0,0.5738636363636364,0.0,0.0,0.5745180046924411,0.0,0.0,0.0,0.0
9516,51,1.349411764705883,0.862745098039257,1.226118139155274,0.702407671903694,0.012512727272727396,0.0,0.0,0.015631203072549105,0.0,0.0,0.6127450980392157,0.0,0.0,0.5743980820240767,0.0,0.0,0.0,0.0
9517,49,1.021428571428572,0.6326530612245047,1.2255091836734688,0.7025510204081643,0.010556844547563315,0.0,0.0,0.015627182732794537,0.0,0.0,0.37755102040816324,0.0,0.0,0.5735714285714286,0.0,0.0,0.0,0.0
9518,48,1.1264583333333338,0.7291666666666278,1.2259861096925742,0.7032989480134826,0.014384144719340318,0.0,0.0,0.015626755851101293,0.0,0.0,0.4583333333333333,0.0,0.0,0.5734858543560413,0.0,0.0,0.0,0.0
9519,44,0.9486363636363642,0.4999999999999983,1.2254494382022465,0.7031664964249242,0.016190845616757807,0.0,0.0,0.015656148455545624,0.0,0.0,0.45454545454545453,0.0,0.0,0.5728804902962207,0.0,0.0,0.0,0.0
9520,50,1.3080000000000007,0.7200000000000266,1.2249821373889958,0.7018475043380634,0.017040125065138332,0.0,0.0,0.0156476257655194,0.0,0.0,0.62,0.0,0.0,0.573389813208125,0.0,0.0,0.0,0.0
9521,41,1.159756097560976,0.6097560975609815,1.2248106563233636,0.7025620087781982,0.013462627406568612,0.0,0.0,0.0156186969266254,0.0,0.0,0.524390243902439,0.0,0.0,0.5727263447994284,0.0,0.0,0.0,0.0
9522,50,1.4994000000000005,0.9199999999999982,1.226517392634907,0.7045802305416716,0.015006004803843535,0.0,0.0,0.015635407252322913,0.0,0.0,0.615,0.0,0.0,0.5729623584616954,0.0,0.0,0.0,0.0
9523,61,1.2313114754098367,0.63934426229509,1.2258540562576432,0.7038320423970659,0.01831058020477854,0.0,0.0,0.015645122898204702,0.0,0.0,0.6147540983606558,0.0,0.0,0.572844476151651,0.0,0.0,0.0,0.0
9524,40,0.9427500000000004,0.849999999999994,1.2245223515003054,0.703102674015106,0.009102099927588645,0.0,0.0,0.015611635856404786,0.0,0.0,0.25,0.0,0.0,0.5720300061236987,0.0,0.0,0.0,0.0
9525,44,1.0565909090909096,0.818181818181833,1.2230224489795913,0.7035714285714297,0.014647132955261806,0.0,0.0,0.015595878789140654,0.0,0.0,0.35795454545454547,0.0,0.0,0.5704081632653061,0.0,0.0,0.0,0.0
9526,42,1.4876190476190483,0.8095238095238412,1.2233905754880912,0.7039762853930299,0.022101167315175647,0.0,0.0,0.015608260813431472,0.0,0.0,0.7321428571428571,0.0,0.0,0.5706327302463458,0.0,0.0,0.0,0.0
9527,42,1.275476190476191,0.7619047619047805,1.2250971370143144,0.7046012269938662,0.017275072557238952,0.0,0.0,0.015626993080871072,0.0,0.0,0.6190476190476191,0.0,0.0,0.5715746421267893,0.0,0.0,0.0,0.0
9528,63,1.23936507936508,0.6349206349206867,1.225175125089349,0.7047891350964992,0.014855403348553071,0.0,0.0,0.01560252644062911,0.0,0.0,0.6111111111111112,0.0,0.0,0.5714285714285714,0.0,0.0,0.0,0.0
9529,45,1.416444444444445,0.9777777777777454,1.2263869582992635,0.7062551103843022,0.01878573533745859,0.0,0.0,0.015616785841647883,0.0,0.0,0.5,0.0,0.0,0.571289860997547,0.0,0.0,0.0,0.0
9530,47,1.3382978723404262,0.7659574468084982,1.2263709842439117,0.70656844689994,0.01561181434599104,0.0,0.0,0.01563756077769363,0.0,0.0,0.6382978723404256,0.0,0.0,0.5713372211990997,0.0,0.0,0.0,0.0
9531,47,1.409574468085107,0.7659574468084847,1.2281329373207694,0.7074969274887356,0.015142857142856866,0.0,0.0,0.01564227088681576,0.0,0.0,0.6276595744680851,0.0,0.0,0.5719991806636624,0.0,0.0,0.0,0.0
9532,53,1.4179245283018875,0.830188679245244,1.2275443089847342,0.7079192705665418,0.018338213762811077,0.0,0.0,0.0156290321318353,0.0,0.0,0.6367924528301887,0.0,0.0,0.5716883516033193,0.0,0.0,0.0,0.0
9533,43,1.0344186046511632,0.5581395348837075,1.2259179487179481,0.7068717948717966,0.013175355450238057,0.0,0.0,0.015583804327277316,0.0,0.0,0.48255813953488375,0.0,0.0,0.5707948717948718,0.0,0.0,0.0,0.0
9534,48,1.1802083333333337,0.6249999999999598,1.2253849308047144,0.7071245515120467,0.015675152185943727,0.0,0.0,0.01557486367989377,0.0,0.0,0.5989583333333334,0.0,0.0,0.5701691440287032,0.0,0.0,0.0,0.0
9535,53,1.4260377358490575,0.9622641509433593,1.2271552960458916,0.7098955132145066,0.02017618793379602,0.0,0.0,0.015632877942218616,0.0,0.0,0.5849056603773585,0.0,0.0,0.5701700471214916,0.0,0.0,0.0,0.0
9536,60,1.256666666666667,0.7333333333333464,1.2277507163323775,0.7103970528039311,0.013500447627573943,0.0,0.0,0.015644602892488244,0.0,0.0,0.55,0.0,0.0,0.5698679901760131,0.0,0.0,0.0,0.0
9537,45,1.1571111111111116,0.4444444444444552,1.2278593334696373,0.7094663667961578,0.015031755196304964,0.0,0.0,0.015633885315166,0.0,0.0,0.6111111111111112,0.0,0.0,0.5703588223267225,0.0,0.0,0.0,0.0
9538,51,0.9537254901960789,0.41176470588233144,1.2260355392156854,0.7084354575163414,0.0121782674011019,0.0,0.0,0.015601501756337646,0.0,0.0,0.5833333333333334,0.0,0.0,0.5700061274509803,0.0,0.0,0.0,0.0
9539,49,1.105102040816327,0.5510204081632657,1.2257745759247896,0.7082566932352355,0.013789152024445956,0.0,0.0,0.01561654839133845,0.0,0.0,0.5153061224489796,0.0,0.0,0.5696658491722869,0.0,0.0,0.0,0.0
9540,50,1.2980000000000007,0.8200000000000146,1.2250459746628515,0.7071924805884776,0.02160452729693744,0.0,0.0,0.01563553360255899,0.0,0.0,0.56,0.0,0.0,0.5698048630976706,0.0,0.0,0.0,0.0
9541,55,1.0861818181818186,0.618181818181823,1.2261005711954296,0.7074663402692798,0.01621606948968447,0.0,0.0,0.015655385104274333,0.0,0.0,0.5454545454545454,0.0,0.0,0.5707364341085271,0.0,0.0,0.0,0.0
9542,42,1.2473809523809527,0.7142857142857748,1.2258951341426083,0.7073344894420098,0.013104052026012013,0.0,0.0,0.015641713144039796,0.0,0.0,0.6190476190476191,0.0,0.0,0.5706161379169642,0.0,0.0,0.0,0.0
9543,61,1.2224590163934432,0.7213114754098213,1.2262791883348618,0.7074538594881229,0.012641125614510489,0.0,0.0,0.01563086265228118,0.0,0.0,0.5655737704918032,0.0,0.0,0.5711991434689507,0.0,0.0,0.0,0.0
9544,46,1.2354347826086962,0.7391304347826165,1.2257921600653316,0.7078399346672133,0.01634925201380935,0.0,0.0,0.015619127150126503,0.0,0.0,0.47282608695652173,0.0,0.0,0.5702837893017558,0.0,0.0,0.0,0.0
9545,37,1.1745945945945948,0.8108108108108155,1.2264165985282083,0.7078904333605907,0.015655619596541853,0.0,0.0,0.015623263432278161,0.0,0.0,0.49324324324324326,0.0,0.0,0.5707532706459526,0.0,0.0,0.0,0.0
9546,49,1.3514285714285716,0.7346938775510116,1.2260684721512507,0.7070005109862056,0.014119402985074726,0.0,0.0,0.015611501710526223,0.0,0.0,0.673469387755102,0.0,0.0,0.5710015329586101,0.0,0.0,0.0,0.0
9547,50,1.1080000000000003,0.7600000000000199,1.2256234668847084,0.7074816026165188,0.014263645726055686,0.0,0.0,0.015626099488925054,0.0,0.0,0.44,0.0,0.0,0.5700633687653311,0.0,0.0,0.0,0.0
9548,41,1.1253658536585371,0.4390243902439074,1.2253887070376417,0.7056055646481199,0.017705295471987927,0.0,0.0,0.015635861953745372,0.0,0.0,0.5914634146341463,0.0,0.0,0.570811170212766,0.0,0.0,0.0,0.0
9549,59,1.0538983050847464,0.6779661016949031,1.2245994277539327,0.705191089311263,0.015128953771289354,0.0,0.0,0.01563393878671898,0.0,0.0,0.4703389830508475,0.0,0.0,0.5702278765583486,0.0,0.0,0.0,0.0
9550,45,1.249555555555556,0.6666666666666278,1.2236708601820585,0.7046128669325987,0.014605194805194335,0.0,0.0,0.015626655555613687,0.0,0.0,0.6111111111111112,0.0,0.0,0.5698578296000818,0.0,0.0,0.0,0.0
9551,45,1.3480000000000003,0.7555555555555041,1.2239703476482602,0.7048057259713715,0.019454778704297408,0.0,0.0,0.015646230139020403,0.0,0.0,0.6388888888888888,0.0,0.0,0.5699130879345603,0.0,0.0,0.0,0.0
9552,41,1.3143902439024395,0.7317073170731702,1.2257356251278886,0.7048291385307973,0.013729936305732007,0.0,0.0,0.015654865741775294,0.0,0.0,0.5853658536585366,0.0,0.0,0.5710047063638224,0.0,0.0,0.0,0.0
9553,44,1.192954545454546,0.8636363636363906,1.2271631859131842,0.7052620802620817,0.01790245566166559,0.0,0.0,0.015672446953026917,0.0,0.0,0.4715909090909091,0.0,0.0,0.5718929156429157,0.0,0.0,0.0,0.0
9554,35,0.9868571428571432,0.7428571428571301,1.2257191218711516,0.7057858022158403,0.009312483149097073,0.0,0.0,0.01562769436015494,0.0,0.0,0.38571428571428573,0.0,0.0,0.5709889208042676,0.0,0.0,0.0,0.0
9555,42,1.3109523809523815,0.7619047619047568,1.2269871729091826,0.7076449461262198,0.014659211927582481,0.0,0.0,0.015659139394876054,0.0,0.0,0.5476190476190477,0.0,0.0,0.5707542329399692,0.0,0.0,0.0,0.0
9556,46,1.216956521739131,1.043478260869596,1.226268227562126,0.7087697679194919,0.014416688127736655,0.0,0.0,0.01564954373954042,0.0,0.0,0.33152173913043476,0.0,0.0,0.5692390634627233,0.0,0.0,0.0,0.0
9557,44,1.1529545454545458,0.7727272727272806,1.2258550873586829,0.7089414182939373,0.014764260768335547,0.0,0.0,0.01567284773085047,0.0,0.0,0.5227272727272727,0.0,0.0,0.5690390544707091,0.0,0.0,0.0,0.0
9558,49,1.2867346938775515,0.7755102040816538,1.2263318597717674,0.7086460368047716,0.01262262262262345,0.0,0.0,0.015648427158942362,0.0,0.0,0.6122448979591837,0.0,0.0,0.5697799938316027,0.0,0.0,0.0,0.0
9559,42,1.1759523809523813,0.9047619047618914,1.224900628153638,0.7082689733292157,0.0147257006559332,0.0,0.0,0.015629078075687062,0.0,0.0,0.47619047619047616,0.0,0.0,0.5691226444238492,0.0,0.0,0.0,0.0
9560,54,1.140370370370371,0.5555555555555832,1.224976844705154,0.7082432849644968,0.012861319966582246,0.0,0.0,0.015611892376822846,0.0,0.0,0.6111111111111112,0.0,0.0,0.5693629721107337,0.0,0.0,0.0,0.0
9561,49,1.2518367346938781,0.5918367346938816,1.2236261701471025,0.7067174159037152,0.026692776327241322,0.0,0.0,0.015621258802238951,0.0,0.0,0.6377551020408163,0.0,0.0,0.5691029729451702,0.0,0.0,0.0,0.0
9562,41,1.2756097560975614,0.8292682926829236,1.2225478887744574,0.7062821833161707,0.015359765051395446,0.0,0.0,0.015613802718717403,0.0,0.0,0.4695121951219512,0.0,0.0,0.5680226570545829,0.0,0.0,0.0,0.0
9563,54,0.9092592592592597,0.6111111111111304,1.2201204695222385,0.7054159802306443,0.01373810856183575,0.0,0.0,0.01560287992963457,0.0,0.0,0.3055555555555556,0.0,0.0,0.5661552718286655,0.0,0.0,0.0,0.0
9564,44,0.9422727272727275,0.3636363636363414,1.217463887742466,0.7032604209657467,0.011106348781141502,0.0,0.0,0.015553024820970375,0.0,0.0,0.5511363636363636,0.0,0.0,0.5655953363598845,0.0,0.0,0.0,0.0
9565,49,1.2291836734693884,0.7346938775509817,1.2175265381840648,0.7042151911779878,0.012768708925164001,0.0,0.0,0.015543103289485877,0.0,0.0,0.5510204081632653,0.0,0.0,0.5652633206224879,0.0,0.0,0.0,0.0
9566,33,0.6954545454545455,0.3333333333333345,1.2151042311661486,0.7027863777089799,0.009550561797752835,0.0,0.0,0.015520188545939697,0.0,0.0,0.3560606060606061,0.0,0.0,0.5641382868937048,0.0,0.0,0.0,0.0
9567,51,1.0425490196078437,0.54901960784312,1.2139736055263408,0.7019280338179207,0.01961268904463277,0.0,0.0,0.0155649986383983,0.0,0.0,0.47549019607843135,0.0,0.0,0.5634343746778019,0.0,0.0,0.0,0.0
9568,58,1.3834482758620694,0.8620689655172779,1.21485620039171,0.7021956499329979,0.01591747669113386,0.0,0.0,0.01557077872918951,0.0,0.0,0.5948275862068966,0.0,0.0,0.5638851664776827,0.0,0.0,0.0,0.0
9569,51,1.0603921568627457,0.333333333333353,1.2146107846169687,0.7010001031034141,0.01719554848966592,0.0,0.0,0.015591553396773372,0.0,0.0,0.6372549019607843,0.0,0.0,0.5642076502732241,0.0,0.0,0.0,0.0
9570,41,1.2936585365853661,0.6829268292682836,1.2148328173374594,0.6995872033023748,0.013855799373041789,0.0,0.0,0.015606371554707158,0.0,0.0,0.6341463414634146,0.0,0.0,0.5651702786377709,0.0,0.0,0.0,0.0
9571,51,1.205882352941177,0.6274509803921796,1.2145621454357896,0.6997421351211978,0.016413130504403423,0.0,0.0,0.015614547364066087,0.0,0.0,0.5343137254901961,0.0,0.0,0.5645435791645178,0.0,0.0,0.0,0.0
9572,52,1.3986538461538465,0.8846153846153654,1.2157179672198726,0.7007524997422958,0.01577657266811199,0.0,0.0,0.015608798021120305,0.0,0.0,0.5865384615384616,0.0,0.0,0.5650190701989486,0.0,0.0,0.0,0.0
9573,47,1.3346808510638304,0.8510638297872177,1.2158915128390206,0.7012478086005994,0.014999999999999328,0.0,0.0,0.015600955336054743,0.0,0.0,0.6063829787234043,0.0,0.0,0.56509745282046,0.0,0.0,0.0,0.0
9574,55,1.2029090909090916,0.5636363636363786,1.2172881006393053,0.7021035265003106,0.015468786532616007,0.0,0.0,0.015616456114822473,0.0,0.0,0.5772727272727273,0.0,0.0,0.5652711899360693,0.0,0.0,0.0,0.0
9575,50,1.3010000000000006,0.7600000000000455,1.218934502320782,0.7039711191335755,0.015177321511899391,0.0,0.0,0.015639898677084884,0.0,0.0,0.62,0.0,0.0,0.565807117070655,0.0,0.0,0.0,0.0
9576,48,1.0866666666666671,0.4166666666666577,1.218770500257863,0.7027333677153187,0.02233832976445424,0.0,0.0,0.015652128989869084,0.0,0.0,0.6510416666666666,0.0,0.0,0.5662970603403816,0.0,0.0,0.0,0.0
9577,61,1.152786885245902,0.39344262295080906,1.2190993404781514,0.7010511129431176,0.013116955791829608,0.0,0.0,0.015631771099668273,0.0,0.0,0.6762295081967213,0.0,0.0,0.5671630255564716,0.0,0.0,0.0,0.0
9578,52,1.2192307692307696,0.634615384615375,1.21978870336013,0.7008864151721309,0.018813056379821946,0.0,0.0,0.01566106050761133,0.0,0.0,0.625,0.0,0.0,0.5675633889919605,0.0,0.0,0.0,0.0
9579,54,1.08462962962963,0.5185185185185187,1.2212114968579357,0.7011435046873408,0.013001109877913152,0.0,0.0,0.015651348432396246,0.0,0.0,0.5833333333333334,0.0,0.0,0.568481508189966,0.0,0.0,0.0,0.0
9580,47,1.07404255319149,0.6382978723404534,1.2207304007417308,0.7009374678067392,0.013482905982906293,0.0,0.0,0.015650844511599225,0.0,0.0,0.526595744680851,0.0,0.0,0.568481508189966,0.0,0.0,0.0,0.0
9581,38,1.0957894736842109,0.5263157894736875,1.2194675472087484,0.7007532762356844,0.015701357466063784,0.0,0.0,0.01564767552866818,0.0,0.0,0.5197368421052632,0.0,0.0,0.5676916726859973,0.0,0.0,0.0,0.0
9582,48,1.037916666666667,0.6666666666666543,1.2198945954324667,0.7007336984602681,0.014226156482010574,0.0,0.0,0.015669318721810373,0.0,0.0,0.4114583333333333,0.0,0.0,0.5677121008577038,0.0,0.0,0.0,0.0
9583,45,1.1680000000000006,0.7555555555555611,1.2199855312112422,0.7014262091773475,0.013535925830542994,0.0,0.0,0.0156677028113943,0.0,0.0,0.4666666666666667,0.0,0.0,0.5672023563455973,0.0,0.0,0.0,0.0
9584,41,1.1395121951219518,0.6341463414634088,1.219548040128243,0.7013134760575048,0.015262985952303031,0.0,0.0,0.015657674070277496,0.0,0.0,0.6219512195121951,0.0,0.0,0.5672768642051919,0.0,0.0,0.0,0.0
9585,54,1.4535185185185189,0.7037037037037037,1.2207604091331727,0.7015187519371849,0.019896070975919385,0.0,0.0,0.01568276477193399,0.0,0.0,0.6990740740740741,0.0,0.0,0.5677497675379688,0.0,0.0,0.0,0.0
9586,53,1.0737735849056609,0.5660377358490543,1.2192529150758415,0.699618202455888,0.012635435168739783,0.0,0.0,0.015676950102427548,0.0,0.0,0.5377358490566038,0.0,0.0,0.5674594985037664,0.0,0.0,0.0,0.0
9587,46,1.1682608695652181,0.39130434782608065,1.218626662542528,0.6984225177853398,0.01472732255412514,0.0,0.0,0.01566219527223922,0.0,0.0,0.6630434782608695,0.0,0.0,0.5674038560676359,0.0,0.0,0.0,0.0
9588,31,0.9322580645161295,0.32258064516129964,1.2175090364556418,0.6968914592584952,0.01756838905775122,0.0,0.0,0.015688083771695855,0.0,0.0,0.5161290322580645,0.0,0.0,0.5671021377672208,0.0,0.0,0.0,0.0
9589,69,1.198985507246377,0.7246376811594748,1.2175059186824477,0.6962429233144635,0.011149595687330477,0.0,0.0,0.01564805835839245,0.0,0.0,0.5217391304347826,0.0,0.0,0.567421513124035,0.0,0.0,0.0,0.0
9590,46,1.0686956521739135,0.5217391304348098,1.21819361483007,0.695777548918642,0.016789617486339087,0.0,0.0,0.015679539131045757,0.0,0.0,0.5597826086956522,0.0,0.0,0.5684088568486096,0.0,0.0,0.0,0.0
9591,54,1.308333333333334,0.888888888888882,1.2189994853319588,0.6968605249614013,0.012593582887700338,0.0,0.0,0.0156644775566623,0.0,0.0,0.5601851851851852,0.0,0.0,0.5684508492022645,0.0,0.0,0.0,0.0
9592,45,1.1900000000000002,0.8444444444444762,1.2182572870532475,0.6973941703574019,0.011740846305635351,0.0,0.0,0.01564471285986764,0.0,0.0,0.4888888888888889,0.0,0.0,0.5678236687609435,0.0,0.0,0.0,0.0
9593,49,1.1473469387755106,0.6122448979592099,1.2177518022657032,0.6967044284243067,0.011773821989529044,0.0,0.0,0.015617605181755095,0.0,0.0,0.5816326530612245,0.0,0.0,0.5675077239958806,0.0,0.0,0.0,0.0
9594,45,1.510666666666667,1.022222222222261,1.2200834019769333,0.6998558484349279,0.01929057888762795,0.0,0.0,0.015634788689651603,0.0,0.0,0.5833333333333334,0.0,0.0,0.567056219110379,0.0,0.0,0.0,0.0
9595,47,0.9197872340425536,0.36170212765956283,1.2183486144019757,0.6976408777171134,0.01103087522327073,0.0,0.0,0.015608062630160636,0.0,0.0,0.5319148936170213,0.0,0.0,0.5670650046358298,0.0,0.0,0.0,0.0
9596,47,1.1861702127659581,0.5531914893617079,1.2191833161688956,0.6970133882595281,0.014671052631578824,0.0,0.0,0.01560897752848996,0.0,0.0,0.6170212765957447,0.0,0.0,0.5682028836251287,0.0,0.0,0.0,0.0
9597,36,0.8716666666666669,0.44444444444444037,1.2192392536851846,0.6974538707349776,0.010238172920065418,0.0,0.0,0.015606419460523662,0.0,0.0,0.4027777777777778,0.0,0.0,0.5677249768065148,0.0,0.0,0.0,0.0
9598,50,1.1016000000000006,0.6799999999999895,1.2186229271809637,0.6983211453290779,0.0126417259582289,0.0,0.0,0.015576454449349263,0.0,0.0,0.43,0.0,0.0,0.5665619528272736,0.0,0.0,0.0,0.0
9599,50,1.2146000000000003,0.7600000000000021,1.217667215476433,0.6981889277629161,0.014729565850109018,0.0,0.0,0.015563790511489487,0.0,0.0,0.47,0.0,0.0,0.5654198394731427,0.0,0.0,0.0,0.0
9600,51,1.1649019607843143,0.8627450980391914,1.2160047378720749,0.6980121536718529,0.015927613941018427,0.0,0.0,0.015537486247321921,0.0,0.0,0.46078431372549017,0.0,0.0,0.5644762591410032,0.0,0.0,0.0,0.0
9601,44,1.1036363636363642,0.6136363636363559,1.216196805770219,0.6986089644513157,0.017742053343076023,0.0,0.0,0.015549008294076188,0.0,0.0,0.5909090909090909,0.0,0.0,0.5647604327666151,0.0,0.0,0.0,0.0
9602,43,1.563488372093024,0.6279069767441898,1.219156018136848,0.6981657048639756,0.02017707082833138,0.0,0.0,0.015576699248991535,0.0,0.0,0.872093023255814,0.0,0.0,0.5672918384171476,0.0,0.0,0.0,0.0
9603,65,1.0473846153846158,0.6461538461538238,1.2183377933305861,0.6980238781391537,0.013478519105127604,0.0,0.0,0.015582868200726737,0.0,0.0,0.5,0.0,0.0,0.5671058048579662,0.0,0.0,0.0,0.0
9604,36,1.4225000000000003,1.0555555555555598,1.2200350407090563,0.6990621457281271,0.01577148136741614,0.0,0.0,0.015593386444107312,0.0,0.0,0.5555555555555556,0.0,0.0,0.5679686694836649,0.0,0.0,0.0,0.0
9605,50,1.2282000000000004,0.6799999999999866,1.220158713799853,0.6989590848191298,0.018206344500444654,0.0,0.0,0.015626439504830215,0.0,0.0,0.59,0.0,0.0,0.5677625476656704,0.0,0.0,0.0,0.0
9606,49,1.098367346938776,0.6530612244898004,1.2207064040424849,0.6989790656904215,0.015126475548061215,0.0,0.0,0.015643629126259866,0.0,0.0,0.5459183673469388,0.0,0.0,0.5683200989996906,0.0,0.0,0.0,0.0
9607,42,1.3466666666666673,0.8095238095238131,1.2214894275399664,0.6997421351211982,0.016234213547646655,0.0,0.0,0.015631367962819564,0.0,0.0,0.5595238095238095,0.0,0.0,0.5682310469314079,0.0,0.0,0.0,0.0
9608,53,1.2543396226415098,0.7547169811321023,1.2222075510625103,0.6996080049515186,0.01299198749267184,0.0,0.0,0.015631970382840928,0.0,0.0,0.5801886792452831,0.0,0.0,0.5691922838869403,0.0,0.0,0.0,0.0
9609,48,1.2254166666666673,0.9166666666667177,1.223035898493911,0.7002269445017562,0.015689517204588322,0.0,0.0,0.015670786995059402,0.0,0.0,0.421875,0.0,0.0,0.5694501753662059,0.0,0.0,0.0,0.0
9610,45,1.1815555555555561,0.7999999999999752,1.2234765100671114,0.7014971605575657,0.022702818104184466,0.0,0.0,0.01570405623543828,0.0,0.0,0.48333333333333334,0.0,0.0,0.5694372741352607,0.0,0.0,0.0,0.0
9611,44,1.1302272727272733,0.6363636363636513,1.2235393200371991,0.7014570631394053,0.015231240428789995,0.0,0.0,0.01570706528011598,0.0,0.0,0.4318181818181818,0.0,0.0,0.5691329957631497,0.0,0.0,0.0,0.0
9612,53,1.5488679245283026,0.9433962264150834,1.22541903482484,0.7036271571768135,0.018845270890724904,0.0,0.0,0.015731634190864412,0.0,0.0,0.660377358490566,0.0,0.0,0.5692363335744549,0.0,0.0,0.0,0.0
9613,51,1.230196078431373,0.5686274509804072,1.2253853296193105,0.7034973692355333,0.01448960739029949,0.0,0.0,0.01573704419164827,0.0,0.0,0.6470588235294118,0.0,0.0,0.5690962550294026,0.0,0.0,0.0,0.0
9614,50,1.2112000000000005,0.7000000000000149,1.2250779073367017,0.7028170467444048,0.015177944862155195,0.0,0.0,0.01574409707257244,0.0,0.0,0.59,0.0,0.0,0.5696006604065628,0.0,0.0,0.0,0.0
9615,54,0.9690740740740745,0.44444444444444225,1.2250479628674553,0.703558535327491,0.013188004032258433,0.0,0.0,0.01575813059907451,0.0,0.0,0.5509259259259259,0.0,0.0,0.5691335740072202,0.0,0.0,0.0,0.0
9616,53,0.9715094339622647,0.4716981132075625,1.2232118216455543,0.7018844609206082,0.015082015231399327,0.0,0.0,0.015747963329996967,0.0,0.0,0.5235849056603774,0.0,0.0,0.5687879724024303,0.0,0.0,0.0,0.0
9617,54,1.0151851851851856,0.5555555555555522,1.2221163149768375,0.7015954709212585,0.013127394636015905,0.0,0.0,0.015730726221454435,0.0,0.0,0.5231481481481481,0.0,0.0,0.5684765826042203,0.0,0.0,0.0,0.0
9618,54,1.3007407407407412,0.8333333333333682,1.22239859995882,0.7020794729256772,0.01441411861276417,0.0,0.0,0.015738453667549477,0.0,0.0,0.5555555555555556,0.0,0.0,0.5683292155651637,0.0,0.0,0.0,0.0
9619,55,1.268363636363637,0.6181818181817842,1.223761307565787,0.7027138157894764,0.017562940584088096,0.0,0.0,0.01576117968386959,0.0,0.0,0.6363636363636364,0.0,0.0,0.5686934621710527,0.0,0.0,0.0,0.0
9620,51,1.1878431372549025,0.7843137254901809,1.223680041152261,0.704526748971196,0.0161589757268601,0.0,0.0,0.015778465236534384,0.0,0.0,0.49019607843137253,0.0,0.0,0.567798353909465,0.0,0.0,0.0,0.0
9621,45,0.8684444444444449,0.4888888888888875,1.223206924979388,0.703627370156639,0.016580398812049403,0.0,0.0,0.0157867577430922,0.0,0.0,0.37777777777777777,0.0,0.0,0.5676525144270403,0.0,0.0,0.0,0.0
9622,67,1.3346268656716425,0.6716417910447584,1.224601233299073,0.7040082219938361,0.015465236942235509,0.0,0.0,0.015786839894748914,0.0,0.0,0.7388059701492538,0.0,0.0,0.5689105858170607,0.0,0.0,0.0,0.0
9623,56,1.3828571428571437,0.8214285714285664,1.225607476635512,0.7049399198931935,0.024483085678153153,0.0,0.0,0.01581503401883435,0.0,0.0,0.5982142857142857,0.0,0.0,0.5688096949779192,0.0,0.0,0.0,0.0
9624,53,1.4433962264150948,0.7358490566037759,1.2263142211261797,0.7047883271681074,0.01873163565132285,0.0,0.0,0.01583310779974747,0.0,0.0,0.7783018867924528,0.0,0.0,0.5699496506370736,0.0,0.0,0.0,0.0
9625,54,1.036666666666667,0.5925925925925989,1.2258866413389446,0.705616593079374,0.014215337734891106,0.0,0.0,0.01582335337277611,0.0,0.0,0.4861111111111111,0.0,0.0,0.5690009241195194,0.0,0.0,0.0,0.0
9626,56,1.6150000000000007,1.0000000000000049,1.2285361099712744,0.7077349199835887,0.024351103931070598,0.0,0.0,0.015847757504539043,0.0,0.0,0.6696428571428571,0.0,0.0,0.5696040213377103,0.0,0.0,0.0,0.0
9627,39,1.1361538461538465,0.538461538461531,1.2278732799342762,0.7081536249743298,0.02160409556313982,0.0,0.0,0.015877945818322393,0.0,0.0,0.5576923076923077,0.0,0.0,0.5687769562538509,0.0,0.0,0.0,0.0
9628,52,1.052692307692308,0.5384615384615401,1.2251991786447622,0.7052361396303923,0.017405405405405194,0.0,0.0,0.015847546197618967,0.0,0.0,0.5,0.0,0.0,0.5680184804928131,0.0,0.0,0.0,0.0
9629,48,1.1770833333333341,0.7916666666666612,1.225767967145789,0.7064681724846017,0.024480069324089908,0.0,0.0,0.015899327616721616,0.0,0.0,0.515625,0.0,0.0,0.5677618069815195,0.0,0.0,0.0,0.0
9630,47,1.1217021276595749,0.723404255319137,1.2250384654836377,0.7062262796184244,0.010974188176518917,0.0,0.0,0.015858108377262342,0.0,0.0,0.5,0.0,0.0,0.5674684583034157,0.0,0.0,0.0,0.0
9631,49,1.4471428571428577,0.8163265306122299,1.227307495129702,0.7079872859632953,0.017392690703949467,0.0,0.0,0.01588100980993099,0.0,0.0,0.6632653061224489,0.0,0.0,0.568055982774531,0.0,0.0,0.0,0.0
9632,55,1.1258181818181823,0.5090909090908925,1.2271406618174352,0.7082266161253988,0.017090808722052656,0.0,0.0,0.015882730455075898,0.0,0.0,0.6090909090909091,0.0,0.0,0.5676928593381826,0.0,0.0,0.0,0.0
9633,50,1.2498000000000007,0.6999999999999984,1.2278788810328911,0.7090890460088144,0.017587953841824384,0.0,0.0,0.015920884978562495,0.0,0.0,0.595,0.0,0.0,0.5676298801106671,0.0,0.0,0.0,0.0
9634,48,1.233958333333334,0.770833333333334,1.229233610341642,0.7098594439314682,0.022719601074031575,0.0,0.0,0.01596528538420338,0.0,0.0,0.5625,0.0,0.0,0.5683287165281625,0.0,0.0,0.0,0.0
9635,52,1.3573076923076928,0.692307692307688,1.229304544055799,0.7083803467022279,0.021323262839879842,0.0,0.0,0.01597024889862563,0.0,0.0,0.6826923076923077,0.0,0.0,0.5693917324853831,0.0,0.0,0.0,0.0
9636,45,1.3497777777777784,0.7777777777777579,1.2297077822208535,0.708602481287811,0.021260063003150476,0.0,0.0,0.015986132326714118,0.0,0.0,0.6333333333333333,0.0,0.0,0.5695170716702553,0.0,0.0,0.0,0.0
9637,51,1.3052941176470592,0.745098039215666,1.230104561763197,0.7098923628908272,0.014484334203655145,0.0,0.0,0.015973937803762814,0.0,0.0,0.6372549019607843,0.0,0.0,0.5692977960020502,0.0,0.0,0.0,0.0
9638,40,1.1960000000000008,0.6999999999999854,1.2295077427956091,0.7097733565788146,0.037171717171717196,0.0,0.0,0.016005235874686153,0.0,0.0,0.50625,0.0,0.0,0.5687878166341913,0.0,0.0,0.0,0.0
9639,56,1.2942857142857147,0.7321428571428333,1.2298338972623792,0.709935404490928,0.018850455136541114,0.0,0.0,0.015998156711530737,0.0,0.0,0.6830357142857143,0.0,0.0,0.5693376397006049,0.0,0.0,0.0,0.0
9640,45,1.205333333333334,0.8888888888888427,1.2298736647493822,0.7114831552999199,0.014341618191432648,0.0,0.0,0.015974750553990977,0.0,0.0,0.4444444444444444,0.0,0.0,0.5681748151191455,0.0,0.0,0.0,0.0
9641,50,1.0382000000000005,0.6599999999999795,1.2280234110278245,0.7103398706232692,0.01795572466274685,0.0,0.0,0.015958187502418515,0.0,0.0,0.45,0.0,0.0,0.567332374987165,0.0,0.0,0.0,0.0
9642,64,1.1653125000000004,0.6874999999999866,1.2285162018047564,0.7120590648072209,0.015697747842558132,0.0,0.0,0.015965301542627517,0.0,0.0,0.5546875,0.0,0.0,0.5664991796554553,0.0,0.0,0.0,0.0
9643,63,0.9417460317460323,0.3492063492063474,1.226234005527688,0.7108199406285206,0.010748188405797941,0.0,0.0,0.01591086046113166,0.0,0.0,0.5357142857142857,0.0,0.0,0.5650783089364315,0.0,0.0,0.0,0.0
9644,54,1.2622222222222226,0.66666666666669,1.2268646493559585,0.7115109384583951,0.016608187134503405,0.0,0.0,0.01592616037114895,0.0,0.0,0.6620370370370371,0.0,0.0,0.5652218360253527,0.0,0.0,0.0,0.0
9645,55,1.0878181818181822,0.745454545454553,1.2249473684210512,0.710373019928464,0.015463944171620668,0.0,0.0,0.015918929220781853,0.0,0.0,0.39545454545454545,0.0,0.0,0.564052120592744,0.0,0.0,0.0,0.0
9646,33,1.1048484848484852,0.5454545454545477,1.2244229192291909,0.7092045920459226,0.016871818602499172,0.0,0.0,0.015916406511279662,0.0,0.0,0.5681818181818182,0.0,0.0,0.5640631406314063,0.0,0.0,0.0,0.0
9647,47,1.2095744680851073,0.8510638297872618,1.2258127624705508,0.7097203728362205,0.02737120847376048,0.0,0.0,0.015988150107544168,0.0,0.0,0.4734042553191489,0.0,0.0,0.5651183038000615,0.0,0.0,0.0,0.0
9648,56,1.0694642857142862,0.4285714285714249,1.225455289543686,0.7089216288111336,0.015427614631634052,0.0,0.0,0.015991562026448823,0.0,0.0,0.625,0.0,0.0,0.5651984857785963,0.0,0.0,0.0,0.0
9649,42,1.1080952380952385,0.6428571428571431,1.2245046059365392,0.7089048106448333,0.012537715517242125,0.0,0.0,0.015957255814201692,0.0,0.0,0.5,0.0,0.0,0.5644063459570112,0.0,0.0,0.0,0.0
9650,47,1.3885106382978731,0.638297872340438,1.2253283475053773,0.7081241676057806,0.028698328935796207,0.0,0.0,0.01598201686870635,0.0,0.0,0.7340425531914894,0.0,0.0,0.565438991906567,0.0,0.0,0.0,0.0
9651,63,1.1957142857142862,0.6031746031746201,1.2253951678951667,0.7062858312858339,0.015065999999999786,0.0,0.0,0.01595697227513965,0.0,0.0,0.6071428571428571,0.0,0.0,0.5662878787878788,0.0,0.0,0.0,0.0
9652,48,1.1470833333333337,0.8541666666666492,1.2233510801679113,0.7059486024367793,0.013341410225345395,0.0,0.0,0.01590478535773715,0.0,0.0,0.4375,0.0,0.0,0.5647588819494215,0.0,0.0,0.0,0.0
9653,51,0.8609803921568634,0.5686274509803964,1.2192909836065564,0.7034836065573794,0.012731226442447235,0.0,0.0,0.015845490133418592,0.0,0.0,0.37254901960784315,0.0,0.0,0.563063524590164,0.0,0.0,0.0,0.0
9654,41,1.3226829268292688,0.5365853658536615,1.2205908253123068,0.7031537988941248,0.02206265256305873,0.0,0.0,0.015874120752244602,0.0,0.0,0.7317073170731707,0.0,0.0,0.5641511365963547,0.0,0.0,0.0,0.0
9655,52,1.2230769230769238,0.76923076923076,1.2189260094281604,0.7023980323836874,0.01947932618683014,0.0,0.0,0.01584163532332481,0.0,0.0,0.5384615384615384,0.0,0.0,0.5634863701578192,0.0,0.0,0.0,0.0
9656,35,1.158571428571429,0.6857142857142776,1.2189960004102132,0.7029022664342142,0.020114087301587678,0.0,0.0,0.0158317705475256,0.0,0.0,0.5285714285714286,0.0,0.0,0.5634293918572454,0.0,0.0,0.0,0.0
9657,52,1.1473076923076928,0.7307692307692449,1.2196078833914996,0.7050913570108829,0.0215768535262222,0.0,0.0,0.01584983938614563,0.0,0.0,0.4567307692307692,0.0,0.0,0.562512831040854,0.0,0.0,0.0,0.0
9658,49,1.2871428571428578,0.775510204081643,1.221817714755445,0.7055076037813425,0.017876984126983908,0.0,0.0,0.015885505800058024,0.0,0.0,0.5816326530612245,0.0,0.0,0.5641697492807234,0.0,0.0,0.0,0.0
9659,57,1.0042105263157899,0.8070175438597211,1.2196204738947576,0.7059185557493105,0.01491790461297996,0.0,0.0,0.01588565611059233,0.0,0.0,0.34210526315789475,0.0,0.0,0.5623653708072622,0.0,0.0,0.0,0.0
9660,44,1.1893181818181824,0.7499999999999951,1.218659825551564,0.7054899948691666,0.027939135077416674,0.0,0.0,0.015906627002251605,0.0,0.0,0.5056818181818182,0.0,0.0,0.5618009235505388,0.0,0.0,0.0,0.0
9661,47,1.115319148936171,0.6382978723404342,1.2184991793188338,0.7060935576528549,0.016463567839196218,0.0,0.0,0.015901758735777347,0.0,0.0,0.4787234042553192,0.0,0.0,0.5613972096840377,0.0,0.0,0.0,0.0
9662,40,1.1477500000000007,0.7999999999999938,1.2196921814077561,0.7087010055407378,0.02091571753986346,0.0,0.0,0.015931316575263938,0.0,0.0,0.4875,0.0,0.0,0.5607941719679869,0.0,0.0,0.0,0.0
9663,45,1.3828888888888893,0.7555555555555297,1.2205647227631438,0.7097468484165244,0.01974928594097109,0.0,0.0,0.015944894013560317,0.0,0.0,0.6555555555555556,0.0,0.0,0.5609562365481193,0.0,0.0,0.0,0.0
9664,48,1.307083333333334,0.7083333333333517,1.2212357823547488,0.7108310277692417,0.014679457182966451,0.0,0.0,0.015919119709561905,0.0,0.0,0.6354166666666666,0.0,0.0,0.5611486832667282,0.0,0.0,0.0,0.0
9665,64,1.0821875000000005,0.65625000000001,1.219905940087925,0.7100500971270863,0.01854350736278488,0.0,0.0,0.015925911589895043,0.0,0.0,0.5078125,0.0,0.0,0.5606021879153461,0.0,0.0,0.0,0.0
9666,52,1.0480769230769236,0.5576923076923146,1.2182295282826212,0.7086992035940404,0.01539113244846117,0.0,0.0,0.015915052775217507,0.0,0.0,0.4567307692307692,0.0,0.0,0.5598836022054319,0.0,0.0,0.0,0.0
9667,61,1.2677049180327873,0.7213114754098692,1.2181690284432658,0.7084310327250516,0.0191174289245983,0.0,0.0,0.015918103632023242,0.0,0.0,0.6188524590163934,0.0,0.0,0.5599449485166683,0.0,0.0,0.0,0.0
9668,46,1.6541304347826093,0.695652173913066,1.2212321355655364,0.7089628419763201,0.04408458864426459,0.0,0.0,0.01601000760138757,0.0,0.0,0.8804347826086957,0.0,0.0,0.5616067782768477,0.0,0.0,0.0,0.0
9669,58,1.0400000000000005,0.6379310344827474,1.2191292364230295,0.7069211923234002,0.011892744479495327,0.0,0.0,0.01598318783399831,0.0,0.0,0.47844827586206895,0.0,0.0,0.5612750102082482,0.0,0.0,0.0,0.0
9670,53,1.435471698113208,0.5660377358490711,1.2189855960772291,0.7053835938298115,0.019173387096773197,0.0,0.0,0.015993322628809505,0.0,0.0,0.7735849056603774,0.0,0.0,0.5620083767494126,0.0,0.0,0.0,0.0
9671,57,1.2968421052631585,0.894736842105318,1.2195873242306905,0.7058284083961716,0.020459451978964316,0.0,0.0,0.01603976092520876,0.0,0.0,0.5263157894736842,0.0,0.0,0.5623089464030976,0.0,0.0,0.0,0.0
9672,57,1.0994736842105268,0.7368421052631705,1.2193112218943938,0.7068877810560616,0.017447104677060437,0.0,0.0,0.016038072424591213,0.0,0.0,0.4692982456140351,0.0,0.0,0.561781463017601,0.0,0.0,0.0,0.0
9673,38,1.400789473684211,0.6842105263157872,1.219628082331363,0.7059303036478528,0.02968767428890143,0.0,0.0,0.016074656030297577,0.0,0.0,0.8026315789473685,0.0,0.0,0.5625891583452212,0.0,0.0,0.0,0.0
9674,32,1.1106250000000004,0.5624999999999875,1.2196406329760079,0.7056661562021467,0.01427882683808817,0.0,0.0,0.01605855958791605,0.0,0.0,0.578125,0.0,0.0,0.562608473711077,0.0,0.0,0.0,0.0
9675,49,1.0426530612244906,0.32653061224490454,1.2191769631369345,0.7037679975492727,0.020509835407467026,0.0,0.0,0.01611209398923921,0.0,0.0,0.6428571428571429,0.0,0.0,0.5635913407535995,0.0,0.0,0.0,0.0
9676,54,1.0896296296296302,0.6666666666666446,1.2195879232966136,0.7039983680130586,0.01571581196581188,0.0,0.0,0.016108977200312062,0.0,0.0,0.47685185185185186,0.0,0.0,0.5637494900040799,0.0,0.0,0.0,0.0
9677,54,1.1281481481481488,0.6296296296296432,1.2183491383705516,0.7019475884572274,0.014134570765661736,0.0,0.0,0.016108780969869087,0.0,0.0,0.48148148148148145,0.0,0.0,0.563169164882227,0.0,0.0,0.0,0.0
9678,55,1.1576363636363642,0.618181818181811,1.2160674959216966,0.6998368678629718,0.021117744610281198,0.0,0.0,0.01609728940378764,0.0,0.0,0.65,0.0,0.0,0.5629588091353996,0.0,0.0,0.0,0.0
9679,42,1.1519047619047622,0.42857142857142855,1.2145480514180778,0.6978167720873322,0.0154865556978236,0.0,0.0,0.016086924796160258,0.0,0.0,0.6428571428571429,0.0,0.0,0.5628953274841869,0.0,0.0,0.0,0.0
9680,44,1.2531818181818186,0.7727272727272904,1.2143638962630179,0.6989993873800315,0.018780653950954206,0.0,0.0,0.016100075535857915,0.0,0.0,0.5738636363636364,0.0,0.0,0.5620277721053706,0.0,0.0,0.0,0.0
9681,43,1.2111627906976752,0.558139534883722,1.213733387855244,0.6970967082396267,0.028258274552360012,0.0,0.0,0.016147456036558042,0.0,0.0,0.6627906976744186,0.0,0.0,0.5630494786342262,0.0,0.0,0.0,0.0
9682,43,1.0672093023255815,0.6046511627906835,1.2118504500818328,0.6954787234042582,0.016495327102803364,0.0,0.0,0.016137668840686355,0.0,0.0,0.5,0.0,0.0,0.5626278641571195,0.0,0.0,0.0,0.0
9683,48,1.1816666666666669,0.583333333333372,1.2101658646462574,0.6936623323436089,0.016609077598828095,0.0,0.0,0.016134751918270324,0.0,0.0,0.6354166666666666,0.0,0.0,0.5624808027029794,0.0,0.0,0.0,0.0
9684,46,1.5578260869565226,0.9565217391304859,1.2115291709314222,0.6942681678608015,0.022605678233438925,0.0,0.0,0.016193191456761243,0.0,0.0,0.6793478260869565,0.0,0.0,0.563050153531218,0.0,0.0,0.0,0.0
9685,44,1.3936363636363642,0.9545454545454927,1.2107350830428536,0.6947918802542582,0.0251517637407718,0.0,0.0,0.01620058000757251,0.0,0.0,0.6306818181818182,0.0,0.0,0.5624102932130408,0.0,0.0,0.0,0.0
9686,53,1.1332075471698115,0.9433962264151147,1.209283591267807,0.6949882135902465,0.013182616330114206,0.0,0.0,0.01614845269394535,0.0,0.0,0.32075471698113206,0.0,0.0,0.5610074818079328,0.0,0.0,0.0,0.0
9687,59,1.2611864406779667,0.7118644067796925,1.2082553017108897,0.6940887204179936,0.015583246073297473,0.0,0.0,0.016124695964375733,0.0,0.0,0.635593220338983,0.0,0.0,0.5612386026021924,0.0,0.0,0.0,0.0
9688,44,1.255454545454546,0.6363636363636472,1.2080036892805894,0.6928673908587863,0.018549361987910688,0.0,0.0,0.016132043065494667,0.0,0.0,0.6590909090909091,0.0,0.0,0.561795449887272,0.0,0.0,0.0,0.0
9689,48,1.180208333333334,0.5416666666666569,1.206059022440823,0.6909519417973191,0.01485706792551766,0.0,0.0,0.016093650012306202,0.0,0.0,0.6302083333333334,0.0,0.0,0.5610974485090685,0.0,0.0,0.0,0.0
9690,51,1.0894117647058827,0.6274509803921383,1.2049174612939602,0.6897364913360027,0.013998488284202698,0.0,0.0,0.016074224333555404,0.0,0.0,0.5392156862745098,0.0,0.0,0.5608787039885164,0.0,0.0,0.0,0.0
9691,59,1.4108474576271193,0.7457627118643848,1.2062725409836057,0.6908811475409871,0.017191243287896486,0.0,0.0,0.016080119099650368,0.0,0.0,0.6440677966101694,0.0,0.0,0.5607325819672131,0.0,0.0,0.0,0.0
9692,46,1.276956521739131,0.6521739130434763,1.2066526596289833,0.6910935738444228,0.01645839170636004,0.0,0.0,0.016075850674531673,0.0,0.0,0.6304347826086957,0.0,0.0,0.5604181613200779,0.0,0.0,0.0,0.0
9693,57,1.0601754385964919,0.5964912280701709,1.20456628477905,0.6903641571194796,0.020463934981375522,0.0,0.0,0.016072348388171075,0.0,0.0,0.5,0.0,0.0,0.5591755319148937,0.0,0.0,0.0,0.0
9694,55,1.2498181818181822,0.6181818181818053,1.2054839039345928,0.6913643331630078,0.019031007751938268,0.0,0.0,0.016084406021599242,0.0,0.0,0.6545454545454545,0.0,0.0,0.5596320899335718,0.0,0.0,0.0,0.0
9695,39,1.3023076923076926,0.7179487179487568,1.2064409207161118,0.6924808184143256,0.01338339920948658,0.0,0.0,0.016078597654668268,0.0,0.0,0.6217948717948718,0.0,0.0,0.5599488491048593,0.0,0.0,0.0,0.0
9696,54,1.243518518518519,0.6666666666666716,1.2063817605561795,0.6921582660259721,0.0124305812661973,0.0,0.0,0.016052528830862143,0.0,0.0,0.5972222222222222,0.0,0.0,0.5603210305694715,0.0,0.0,0.0,0.0
9697,36,1.0872222222222228,0.6388888888888881,1.2063137415523235,0.6916854392791348,0.021225596529284508,0.0,0.0,0.01607722509337896,0.0,0.0,0.4930555555555556,0.0,0.0,0.5601320909277083,0.0,0.0,0.0,0.0
9698,45,1.3015555555555562,0.5777777777777781,1.2061999795312652,0.6911268038071876,0.018372020075283293,0.0,0.0,0.016083171170384394,0.0,0.0,0.6555555555555556,0.0,0.0,0.5603315934909426,0.0,0.0,0.0,0.0
9699,40,0.8597500000000003,0.350000000000002,1.2037446242064296,0.688203972967441,0.01874114441416856,0.0,0.0,0.01608414102220304,0.0,0.0,0.5625,0.0,0.0,0.5603112840466926,0.0,0.0,0.0,0.0
9700,60,1.286333333333334,0.7333333333333251,1.202850711142944,0.6873017497186154,0.017629054362721504,0.0,0.0,0.01609252394276736,0.0,0.0,0.6208333333333333,0.0,0.0,0.5601657628159215,0.0,0.0,0.0,0.0
9701,40,1.2432500000000004,1.0500000000000276,1.2030096291743486,0.6884859659905787,0.015046898638426754,0.0,0.0,0.01608640027176446,0.0,0.0,0.375,0.0,0.0,0.5591067404220447,0.0,0.0,0.0,0.0
9702,55,0.9010909090909095,0.27272727272728636,1.2016498110123597,0.6858718970272786,0.012446007031642626,0.0,0.0,0.016051359656783566,0.0,0.0,0.6181818181818182,0.0,0.0,0.559709878434978,0.0,0.0,0.0,0.0
9703,56,1.3794642857142863,0.6071428571428777,1.2028813732502288,0.6849902932461459,0.019956083699301866,0.0,0.0,0.016065667731106213,0.0,0.0,0.7410714285714286,0.0,0.0,0.5613569020128742,0.0,0.0,0.0,0.0
9704,47,1.3880851063829793,0.6808510638297939,1.2037398956308185,0.6845390361199256,0.018921113689093473,0.0,0.0,0.016068916249832678,0.0,0.0,0.6595744680851063,0.0,0.0,0.5620331525631843,0.0,0.0,0.0,0.0
9705,43,1.0611627906976748,0.72093023255813,1.202520200470491,0.6841566942825028,0.012511653413764482,0.0,0.0,0.01603845833793736,0.0,0.0,0.47093023255813954,0.0,0.0,0.561675360540043,0.0,0.0,0.0,0.0
9706,48,1.524375000000001,0.7708333333333273,1.2037410440122815,0.6837256908904842,0.027210859055410454,0.0,0.0,0.01608502507696789,0.0,0.0,0.7760416666666666,0.0,0.0,0.563050153531218,0.0,0.0,0.0,0.0
9707,42,1.1483333333333339,0.5476190476190359,1.203076765609006,0.6820880245649982,0.016619572708477023,0.0,0.0,0.01610729922506115,0.0,0.0,0.6904761904761905,0.0,0.0,0.5637666325486183,0.0,0.0,0.0,0.0
9708,50,1.0366000000000006,0.42000000000000676,1.2033278738867839,0.6810318353976899,0.016091276001241585,0.0,0.0,0.016117603990424292,0.0,0.0,0.515,0.0,0.0,0.5641570273313543,0.0,0.0,0.0,0.0
9709,50,1.5262000000000007,0.7599999999999894,1.2043009211873072,0.6805527123848549,0.015727535037098964,0.0,0.0,0.016084015118893836,0.0,0.0,0.715,0.0,0.0,0.5649437052200614,0.0,0.0,0.0,0.0
9710,50,1.1864000000000003,0.4799999999999963,1.2031320368474911,0.6797338792221117,0.015865204600160866,0.0,0.0,0.016064868469965674,0.0,0.0,0.685,0.0,0.0,0.5650204708290686,0.0,0.0,0.0,0.0
9711,43,1.3772093023255818,0.8372093023255934,1.2027581257049103,0.6788680406028947,0.01733606557377076,0.0,0.0,0.01606671305224405,0.0,0.0,0.6046511627906976,0.0,0.0,0.5651081718445606,0.0,0.0,0.0,0.0
9712,53,1.1773584905660381,0.8301886792453321,1.2020850845720132,0.6789338800615102,0.01438450899031887,0.0,0.0,0.016081764197649395,0.0,0.0,0.4528301886792453,0.0,0.0,0.5644797539723219,0.0,0.0,0.0,0.0
9713,50,1.3086000000000007,0.8399999999999627,1.2024566977554565,0.6800245977247135,0.02078462515883048,0.0,0.0,0.01611719905871493,0.0,0.0,0.59,0.0,0.0,0.5644152915855284,0.0,0.0,0.0,0.0
9714,47,1.2497872340425538,0.723404255319181,1.2027864823348684,0.680593958013316,0.015023017902813754,0.0,0.0,0.01610876962471148,0.0,0.0,0.574468085106383,0.0,0.0,0.5646697388632872,0.0,0.0,0.0,0.0
9715,61,1.1954098360655745,0.6721311475409901,1.2025107340012258,0.6804334491923972,0.01939361702127687,0.0,0.0,0.016094815106710795,0.0,0.0,0.5327868852459017,0.0,0.0,0.5644295645062359,0.0,0.0,0.0,0.0
9716,57,1.071754385964913,0.6315789473684205,1.200983857785042,0.6791990192071953,0.01462532918362525,0.0,0.0,0.016113407106757648,0.0,0.0,0.47368421052631576,0.0,0.0,0.5636493665713118,0.0,0.0,0.0,0.0
9717,42,1.4900000000000007,0.8095238095238447,1.2031244249054283,0.6799918208772139,0.02136565380676032,0.0,0.0,0.01617074722523394,0.0,0.0,0.6904761904761905,0.0,0.0,0.5651262652080564,0.0,0.0,0.0,0.0
9718,49,1.1340816326530618,0.4897959183673606,1.2031547740748305,0.6787977918626079,0.014954251883746444,0.0,0.0,0.01617376414778008,0.0,0.0,0.6428571428571429,0.0,0.0,0.5660396646902474,0.0,0.0,0.0,0.0
9719,55,1.248545454545455,0.6181818181818475,1.2045532523230873,0.6792606964158107,0.0137394957983186,0.0,0.0,0.01615703962218669,0.0,0.0,0.6227272727272727,0.0,0.0,0.5668589809047279,0.0,0.0,0.0,0.0
9720,40,1.4225000000000005,0.7000000000000108,1.2049156700398642,0.6791372789532896,0.017887456774600397,0.0,0.0,0.016159939350651686,0.0,0.0,0.6875,0.0,0.0,0.567080650107329,0.0,0.0,0.0,0.0
9721,50,1.0550000000000006,0.4400000000000061,1.204339256535947,0.6782066993464084,0.015236857307914077,0.0,0.0,0.016168619724720976,0.0,0.0,0.6,0.0,0.0,0.5674274918300654,0.0,0.0,0.0,0.0
9722,58,1.3605172413793107,0.5172413793103698,1.2037581632653052,0.6760204081632688,0.016817988064791716,0.0,0.0,0.01618076577534241,0.0,0.0,0.7586206896551724,0.0,0.0,0.5683163265306123,0.0,0.0,0.0,0.0
9723,58,1.2113793103448283,0.6551724137931354,1.2036317239971412,0.6761253444932159,0.015700558659218527,0.0,0.0,0.016165842744688397,0.0,0.0,0.5775862068965517,0.0,0.0,0.5680820659385526,0.0,0.0,0.0,0.0
9724,47,1.2285106382978728,0.8085106382978086,1.2048153814769473,0.6760505915952707,0.017679118187384355,0.0,0.0,0.01621279481059241,0.0,0.0,0.46808510638297873,0.0,0.0,0.5689004487964097,0.0,0.0,0.0,0.0
9725,54,1.2759259259259266,0.851851851851882,1.205871204401874,0.6763806806602848,0.01396999188970021,0.0,0.0,0.01620445312253962,0.0,0.0,0.5185185185185185,0.0,0.0,0.5695689830853882,0.0,0.0,0.0,0.0
9726,54,1.313333333333334,0.8518518518517657,1.2052574801546907,0.6767759006716904,0.02295145631067981,0.0,0.0,0.016210172164110276,0.0,0.0,0.5648148148148148,0.0,0.0,0.5688479544066761,0.0,0.0,0.0,0.0
9727,49,1.1971428571428577,0.7346938775510642,1.2049171158344343,0.6767009051154307,0.014679679679680641,0.0,0.0,0.016197296702425392,0.0,0.0,0.5357142857142857,0.0,0.0,0.5684684226583951,0.0,0.0,0.0,0.0
9728,58,1.0877586206896557,0.6206896551724317,1.2040048840048831,0.6766381766381794,0.016168631471041278,0.0,0.0,0.01620680351118925,0.0,0.0,0.5172413793103449,0.0,0.0,0.5678927553927554,0.0,0.0,0.0,0.0
9729,51,1.4131372549019612,0.7058823529411697,1.2041173479764073,0.6754118364856649,0.017786278381047245,0.0,0.0,0.016203587389946705,0.0,0.0,0.7254901960784313,0.0,0.0,0.5690207443563148,0.0,0.0,0.0,0.0
9730,49,1.0508163265306127,0.5306122448979705,1.2027124847498973,0.6742578283855256,0.017953277545327734,0.0,0.0,0.016213732883236687,0.0,0.0,0.5459183673469388,0.0,0.0,0.5685746238308256,0.0,0.0,0.0,0.0
9731,54,0.9811111111111115,0.4074074074074006,1.2005089911612303,0.6723559890277386,0.01050565139797776,0.0,0.0,0.016180731189981007,0.0,0.0,0.6064814814814815,0.0,0.0,0.5685004571776897,0.0,0.0,0.0,0.0
9732,51,1.0209803921568632,0.862745098039147,1.1984076821461223,0.6724926328625168,0.011828714220807912,0.0,0.0,0.016142407605876367,0.0,0.0,0.29411764705882354,0.0,0.0,0.5667107001321003,0.0,0.0,0.0,0.0
9733,64,1.2435937500000005,0.5625000000000367,1.1994159399716071,0.6722774285134894,0.014777200148532264,0.0,0.0,0.016146043627995006,0.0,0.0,0.65625,0.0,0.0,0.5676586899209085,0.0,0.0,0.0,0.0
9734,51,1.050196078431373,0.3921568627450995,1.1987379624936634,0.67105930055753,0.013535506696993263,0.0,0.0,0.016134271829029736,0.0,0.0,0.6274509803921569,0.0,0.0,0.5678155093765839,0.0,0.0,0.0,0.0
9735,52,1.3603846153846157,0.653846153846148,1.1983688158961867,0.6694038929440426,0.01660563380281667,0.0,0.0,0.01611636626400898,0.0,0.0,0.7115384615384616,0.0,0.0,0.5684813463098135,0.0,0.0,0.0,0.0
9736,55,1.2923636363636368,0.6727272727272575,1.1985383913175764,0.6690333705243975,0.016265446224256276,0.0,0.0,0.016137208174859547,0.0,0.0,0.6090909090909091,0.0,0.0,0.5688203671771985,0.0,0.0,0.0,0.0
9737,46,1.1460869565217395,0.6086956521738814,1.1984827586206883,0.6697768762677517,0.01178363880196684,0.0,0.0,0.016115866922148538,0.0,0.0,0.6086956521739131,0.0,0.0,0.5688133874239351,0.0,0.0,0.0,0.0
9738,37,1.343783783783784,0.756756756756744,1.2002965671338601,0.6714401787527964,0.015586206896551756,0.0,0.0,0.016135031558425102,0.0,0.0,0.6486486486486487,0.0,0.0,0.569038188096689,0.0,0.0,0.0,0.0
9739,47,1.1410638297872346,0.6382978723404068,1.2004876066639563,0.6718813490451068,0.011229061976548977,0.0,0.0,0.016115641620073673,0.0,0.0,0.4521276595744681,0.0,0.0,0.5687474603819586,0.0,0.0,0.0,0.0
9740,48,1.1368750000000005,0.6666666666666126,1.1996819752082897,0.6711034342613318,0.01378378378378309,0.0,0.0,0.016080612321332535,0.0,0.0,0.4375,0.0,0.0,0.5681517984149563,0.0,0.0,0.0,0.0
9741,53,1.2500000000000004,0.7169811320755296,1.2005873983739825,0.6716463414634177,0.01532146160962228,0.0,0.0,0.01607546656325057,0.0,0.0,0.5377358490566038,0.0,0.0,0.568114837398374,0.0,0.0,0.0,0.0
9742,53,1.495094339622642,0.8301886792452599,1.2019723885899896,0.6723175312151077,0.01786696730552527,0.0,0.0,0.016102427202950558,0.0,0.0,0.6981132075471698,0.0,0.0,0.5685970967414475,0.0,0.0,0.0,0.0
9743,68,1.1622058823529418,0.3970588235294051,1.2015713126394796,0.6701156421180795,0.016095723014255974,0.0,0.0,0.016130187119643053,0.0,0.0,0.7095588235294118,0.0,0.0,0.5695881517549198,0.0,0.0,0.0,0.0
9744,48,1.350416666666667,0.7916666666666505,1.2021379310344817,0.6703853955375281,0.018642507909117458,0.0,0.0,0.016141045613499994,0.0,0.0,0.6302083333333334,0.0,0.0,0.5703346855983773,0.0,0.0,0.0,0.0
9745,55,1.5025454545454549,0.9090909090909185,1.20391374772221,0.6711884996962976,0.015636707663196758,0.0,0.0,0.016139257083841736,0.0,0.0,0.6227272727272727,0.0,0.0,0.5709151650131605,0.0,0.0,0.0,0.0
9746,53,1.2009433962264155,0.6037735849056581,1.2031663630843947,0.6705120420967443,0.013232848232848931,0.0,0.0,0.016133141919717597,0.0,0.0,0.5990566037735849,0.0,0.0,0.5705575794373609,0.0,0.0,0.0,0.0
9747,50,1.1880000000000006,0.74,1.2035711394454554,0.6704108480064792,0.01397647058823561,0.0,0.0,0.016130558671113338,0.0,0.0,0.48,0.0,0.0,0.5707599676178912,0.0,0.0,0.0,0.0
9748,53,1.1792452830188684,0.7169811320755054,1.2037649080250648,0.6716191631291721,0.011785781633038369,0.0,0.0,0.01609387921668681,0.0,0.0,0.4858490566037736,0.0,0.0,0.5702193248433394,0.0,0.0,0.0,0.0
9749,57,1.3115789473684218,0.6315789473683422,1.2052800242620287,0.6713505863323923,0.015994865211809886,0.0,0.0,0.016098609235754846,0.0,0.0,0.6666666666666666,0.0,0.0,0.5713708046906592,0.0,0.0,0.0,0.0
9750,57,1.2556140350877198,0.7017543859649019,1.2053685379644579,0.6715468497576762,0.013742319508449397,0.0,0.0,0.016089819100272584,0.0,0.0,0.5877192982456141,0.0,0.0,0.5712843295638126,0.0,0.0,0.0,0.0
9751,57,1.2266666666666672,0.7017543859649112,1.2048436869705517,0.6713392496974614,0.01510151187905,0.0,0.0,0.016069552234790976,0.0,0.0,0.5614035087719298,0.0,0.0,0.5709207341670028,0.0,0.0,0.0,0.0
9752,50,1.0228000000000004,0.6799999999999838,1.2034740554156163,0.6711335012594485,0.010060987605745005,0.0,0.0,0.01604086872908358,0.0,0.0,0.415,0.0,0.0,0.5700755667506298,0.0,0.0,0.0,0.0
9753,50,1.1130000000000004,0.5999999999999869,1.2030651495317681,0.6699224650085615,0.012984134391040618,0.0,0.0,0.01601598966194901,0.0,0.0,0.525,0.0,0.0,0.570284966267244,0.0,0.0,0.0,0.0
9754,41,1.1963414634146343,0.7804878048780279,1.2037989332796608,0.6701217671329398,0.014676840215439668,0.0,0.0,0.016043333355686307,0.0,0.0,0.5,0.0,0.0,0.5706450639025863,0.0,0.0,0.0,0.0
9755,44,1.052045454545455,0.6818181818181757,1.2026743133111975,0.6697856927256286,0.010496598639455826,0.0,0.0,0.016017521831940017,0.0,0.0,0.4375,0.0,0.0,0.5701529328906328,0.0,0.0,0.0,0.0
9756,46,1.3241304347826095,0.5652173913043627,1.2031703390683155,0.6675721903612055,0.018036718981344946,0.0,0.0,0.016035000395568093,0.0,0.0,0.6956521739130435,0.0,0.0,0.5718382130999095,0.0,0.0,0.0,0.0
9757,49,1.009591836734694,0.7755102040815992,1.202438656476266,0.6676387771520536,0.009765100671140368,0.0,0.0,0.015998343575602182,0.0,0.0,0.37244897959183676,0.0,0.0,0.5710730088495575,0.0,0.0,0.0,0.0
9758,43,1.5095348837209313,0.790697674418615,1.2033517810424623,0.6676393640571564,0.02439308530627576,0.0,0.0,0.016050957038301717,0.0,0.0,0.7674418604651163,0.0,0.0,0.5717196619038036,0.0,0.0,0.0,0.0
9759,55,1.3498181818181822,0.963636363636397,1.2042769570897387,0.6682745452718342,0.013015427769986206,0.0,0.0,0.016033737886485232,0.0,0.0,0.5272727272727272,0.0,0.0,0.5718771982715305,0.0,0.0,0.0,0.0
9760,51,1.5239215686274514,0.8039215686274662,1.2062625653397656,0.6695818254925634,0.015368795728692706,0.0,0.0,0.01604955609232857,0.0,0.0,0.6862745098039216,0.0,0.0,0.572250703659027,0.0,0.0,0.0,0.0
9761,57,1.088947368421053,0.7017543859649059,1.2053666130976284,0.6701486540779451,0.012059452108024308,0.0,0.0,0.015989604637807894,0.0,0.0,0.45614035087719296,0.0,0.0,0.5712635596625151,0.0,0.0,0.0,0.0
9762,49,1.1626530612244903,0.5510204081632522,1.204867523083098,0.6689080690485769,0.014682989690721912,0.0,0.0,0.015985709758429466,0.0,0.0,0.5867346938775511,0.0,0.0,0.5717583299879566,0.0,0.0,0.0,0.0
9763,55,1.3103636363636368,0.6181818181818369,1.2070516808830898,0.6689412945308602,0.012294438758103312,0.0,0.0,0.015967648581555634,0.0,0.0,0.7181818181818181,0.0,0.0,0.5740090316106372,0.0,0.0,0.0,0.0
9764,54,1.0012962962962968,0.5555555555555818,1.2071057644110266,0.6696741854636614,0.010612365063788307,0.0,0.0,0.01595553977197443,0.0,0.0,0.49074074074074076,0.0,0.0,0.5736591478696742,0.0,0.0,0.0,0.0
9765,38,1.2468421052631584,0.6578947368421016,1.2071487354476105,0.6693095142513071,0.01285055600759447,0.0,0.0,0.015960295745081815,0.0,0.0,0.618421052631579,0.0,0.0,0.5739411882778,0.0,0.0,0.0,0.0
9766,35,1.086857142857143,0.7142857142857177,1.2084206301424834,0.6705799719044777,0.012443572129538526,0.0,0.0,0.015966463204450422,0.0,0.0,0.4714285714285714,0.0,0.0,0.5743026289383906,0.0,0.0,0.0,0.0
9767,69,0.9553623188405803,0.5652173913043402,1.207519030448717,0.6704727564102589,0.009465824238942794,0.0,0.0,0.015893749612737346,0.0,0.0,0.4492753623188406,0.0,0.0,0.5739433092948718,0.0,0.0,0.0,0.0
9768,56,1.010178571428572,0.51785714285713,1.2053897014626318,0.6685033059507136,0.014235027679919878,0.0,0.0,0.015884889274973585,0.0,0.0,0.5178571428571429,0.0,0.0,0.5735073131636946,0.0,0.0,0.0,0.0
9769,56,1.2719642857142863,0.6249999999999908,1.2065034544908373,0.6699709622509282,0.012943848809740411,0.0,0.0,0.01585816377563113,0.0,0.0,0.6339285714285714,0.0,0.0,0.5735205767497747,0.0,0.0,0.0,0.0
9770,50,0.9312000000000001,0.6400000000000101,1.2047689075630243,0.6697679071628673,0.010921885995778018,0.0,0.0,0.01584056665197867,0.0,0.0,0.35,0.0,0.0,0.5721538615446179,0.0,0.0,0.0,0.0
9771,50,1.2398000000000007,0.6800000000000087,1.2049384692346166,0.6700350175087563,0.01369037102473447,0.0,0.0,0.01582495440425951,0.0,0.0,0.595,0.0,0.0,0.5724612306153076,0.0,0.0,0.0,0.0
9772,50,1.1744000000000003,0.4800000000000245,1.2037776443510448,0.667967577304115,0.012315436241610234,0.0,0.0,0.015803264345226102,0.0,0.0,0.64,0.0,0.0,0.572725908135695,0.0,0.0,0.0,0.0
9773,44,1.3272727272727278,0.7272727272727365,1.203705705705705,0.6673673673673696,0.019324950363997177,0.0,0.0,0.01582168692453238,0.0,0.0,0.6818181818181818,0.0,0.0,0.5730480480480481,0.0,0.0,0.0,0.0
9774,43,1.2323255813953495,0.46511627906978026,1.2038334335538174,0.6670675486069375,0.023540648600621897,0.0,0.0,0.015846600563582502,0.0,0.0,0.7034883720930233,0.0,0.0,0.5735868911605532,0.0,0.0,0.0,0.0
9775,45,1.2237777777777783,0.5777777777777755,1.2034362779504655,0.6661987365887917,0.01592539039907456,0.0,0.0,0.015850748831189476,0.0,0.0,0.5777777777777777,0.0,0.0,0.5733731073899528,0.0,0.0,0.0,0.0
9776,41,1.4119512195121957,0.7317073170731825,1.2048565121412793,0.6676700782661069,0.015445570971183804,0.0,0.0,0.01582877775038794,0.0,0.0,0.6951219512195121,0.0,0.0,0.5734998996588401,0.0,0.0,0.0,0.0
9777,47,1.3280851063829793,0.5957446808510576,1.2057576366559473,0.6690112540192948,0.028698850574713133,0.0,0.0,0.015885079169242602,0.0,0.0,0.7446808510638298,0.0,0.0,0.5736786575562701,0.0,0.0,0.0,0.0
9778,39,1.2451282051282055,0.7179487179486898,1.205841633967199,0.669383237750279,0.016647240315392657,0.0,0.0,0.01587495397070556,0.0,0.0,0.6025641025641025,0.0,0.0,0.5735234933091861,0.0,0.0,0.0,0.0
9779,50,1.2218000000000007,0.759999999999987,1.2065807750377444,0.6706592853548085,0.01883168927250309,0.0,0.0,0.015904857813459915,0.0,0.0,0.5,0.0,0.0,0.573100150981379,0.0,0.0,0.0,0.0
9780,50,1.5344000000000007,0.960000000000077,1.2088569128597288,0.6722680619843051,0.015669934640522677,0.0,0.0,0.015915346859289053,0.0,0.0,0.58,0.0,0.0,0.5733547997585027,0.0,0.0,0.0,0.0
9781,51,1.3805882352941181,0.9411764705882298,1.210168827253541,0.6742035976283814,0.017223581213307162,0.0,0.0,0.015923168769280256,0.0,0.0,0.5392156862745098,0.0,0.0,0.573384584463873,0.0,0.0,0.0,0.0
9782,55,1.2347272727272731,0.5454545454545433,1.2111347660172713,0.6735288210484057,0.014941694169416129,0.0,0.0,0.015925125837818473,0.0,0.0,0.6272727272727273,0.0,0.0,0.5744627435227957,0.0,0.0,0.0,0.0
9783,53,1.3081132075471706,0.9056603773584313,1.2118452739313654,0.6743929359823421,0.018404565967613053,0.0,0.0,0.015949712628498428,0.0,0.0,0.5235849056603774,0.0,0.0,0.5746789082881798,0.0,0.0,0.0,0.0
9784,51,1.2105882352941184,0.8235294117647044,1.2121361267040887,0.6753207698476364,0.014180064308681732,0.0,0.0,0.01594232571875322,0.0,0.0,0.5098039215686274,0.0,0.0,0.5741529671210907,0.0,0.0,0.0,0.0
9785,52,1.545961538461539,0.8269230769230494,1.2125696811710431,0.6759574894726309,0.015341603053436062,0.0,0.0,0.015917654212446553,0.0,0.0,0.7692307692307693,0.0,0.0,0.574493683577301,0.0,0.0,0.0,0.0
9786,46,1.148260869565218,0.608695652173921,1.2130109360890926,0.6762315641617358,0.012971512770138069,0.0,0.0,0.015921323633988495,0.0,0.0,0.5271739130434783,0.0,0.0,0.5744707534865054,0.0,0.0,0.0,0.0
9787,42,1.1559523809523813,0.7142857142857157,1.2129770149553332,0.677707517815921,0.014150393471291298,0.0,0.0,0.015919059047930218,0.0,0.0,0.4642857142857143,0.0,0.0,0.5735973100471745,0.0,0.0,0.0,0.0
9788,50,1.2730000000000004,0.51999999999999,1.2141494690442782,0.6780204367862172,0.015452779800922859,0.0,0.0,0.01591297497439673,0.0,0.0,0.705,0.0,0.0,0.574433981166099,0.0,0.0,0.0,0.0
9789,55,1.198545454545455,0.6181818181818063,1.2141683386837865,0.6773675762439823,0.013486088379704666,0.0,0.0,0.015943909006597444,0.0,0.0,0.6363636363636364,0.0,0.0,0.5751404494382022,0.0,0.0,0.0,0.0
9790,41,1.1356097560975615,0.41463414634145734,1.2145167118337834,0.6770049181973314,0.01682080924855584,0.0,0.0,0.015943844475365312,0.0,0.0,0.6829268292682927,0.0,0.0,0.5756549232158988,0.0,0.0,0.0,0.0
9791,48,1.3625000000000005,0.7916666666666697,1.2147213015968648,0.6764085567942165,0.015589988081049312,0.0,0.0,0.015966696281119987,0.0,0.0,0.625,0.0,0.0,0.5759766998091794,0.0,0.0,0.0,0.0
9792,39,1.1102564102564105,0.56410256410255,1.2144236760124594,0.6752085217566086,0.01399482870071196,0.0,0.0,0.01598412001386165,0.0,0.0,0.5705128205128205,0.0,0.0,0.5763491106421466,0.0,0.0,0.0,0.0
9793,44,1.1909090909090914,0.5681818181818273,1.2146501105972234,0.6750452443193254,0.01612307692307637,0.0,0.0,0.01601136350081713,0.0,0.0,0.625,0.0,0.0,0.576538306857028,0.0,0.0,0.0,0.0
9794,62,0.9796774193548391,0.693548387096735,1.2118508481381094,0.673592291478471,0.011716820987653937,0.0,0.0,0.015966640262053716,0.0,0.0,0.4032258064516129,0.0,0.0,0.5754290876242095,0.0,0.0,0.0,0.0
9795,50,1.2746000000000004,0.8599999999999943,1.2135430463576142,0.6759983945414415,0.015517409301193196,0.0,0.0,0.015989774832125648,0.0,0.0,0.55,0.0,0.0,0.5755067228577162,0.0,0.0,0.0,0.0
9796,41,1.217073170731708,0.6829268292683055,1.2136867469879502,0.6766064257028119,0.0212069698257548,0.0,0.0,0.016012674157065292,0.0,0.0,0.5975609756097561,0.0,0.0,0.5754016064257028,0.0,0.0,0.0,0.0
9797,50,1.4064000000000005,0.7999999999999998,1.2158873069981937,0.6780629637056353,0.014770006301197246,0.0,0.0,0.016028246750672128,0.0,0.0,0.595,0.0,0.0,0.5761229195909364,0.0,0.0,0.0,0.0
9798,49,0.8555102040816333,0.38775510204081765,1.214689662087635,0.6766268926100478,0.014631762652704855,0.0,0.0,0.01604248827348024,0.0,0.0,0.45918367346938777,0.0,0.0,0.5762809585881881,0.0,0.0,0.0,0.0
9799,44,1.167954545454546,0.6818181818181818,1.2144837965285427,0.6762315641617345,0.014247296922650268,0.0,0.0,0.01604108082320674,0.0,0.0,0.5568181818181818,0.0,0.0,0.5767282030701314,0.0,0.0,0.0,0.0
9800,52,1.1021153846153848,0.5769230769230679,1.2141512841091475,0.6747592295345113,0.010941198930890118,0.0,0.0,0.016006311184233204,0.0,0.0,0.5721153846153846,0.0,0.0,0.5772973515248796,0.0,0.0,0.0,0.0
9801,52,1.3963461538461546,0.9423076923077307,1.2155884121892526,0.6764234161988784,0.023908462298320603,0.0,0.0,0.01603175757319371,0.0,0.0,0.5865384615384616,0.0,0.0,0.5772854851643946,0.0,0.0,0.0,0.0
9802,48,1.155833333333334,0.49999999999998934,1.213802224226028,0.6757839895802032,0.015423964414789802,0.0,0.0,0.01601061474884468,0.0,0.0,0.671875,0.0,0.0,0.5764702935577597,0.0,0.0,0.0,0.0
9803,51,1.1811764705882357,0.6274509803921511,1.2147205779070918,0.6757299086987066,0.016228448275862957,0.0,0.0,0.016028617424643666,0.0,0.0,0.5490196078431373,0.0,0.0,0.576828534162737,0.0,0.0,0.0,0.0
9804,48,1.272083333333334,0.7291666666666711,1.214246918528909,0.6746166950596261,0.015917622523462325,0.0,0.0,0.016029158668823887,0.0,0.0,0.625,0.0,0.0,0.5771369876741157,0.0,0.0,0.0,0.0
9805,40,1.0577500000000004,0.40000000000000224,1.2135490019059068,0.6734878122178765,0.01570527097253123,0.0,0.0,0.01601827994290668,0.0,0.0,0.61875,0.0,0.0,0.5772394422710402,0.0,0.0,0.0,0.0
9806,37,1.3527027027027034,0.6486486486486417,1.214632921562718,0.6734960329416502,0.018373715124816746,0.0,0.0,0.016030990694838473,0.0,0.0,0.7297297297297297,0.0,0.0,0.577960228984634,0.0,0.0,0.0,0.0
9807,54,1.0968518518518524,0.6666666666666733,1.2134386598455196,0.6728859464339463,0.01386470037453116,0.0,0.0,0.016017799069925155,0.0,0.0,0.49074074074074076,0.0,0.0,0.5775654529040024,0.0,0.0,0.0,0.0
9808,56,1.2248214285714292,0.7857142857142826,1.213285198555955,0.6730846369835549,0.01591415313225037,0.0,0.0,0.016037730596857685,0.0,0.0,0.5357142857142857,0.0,0.0,0.5773164861612515,0.0,0.0,0.0,0.0
9809,49,1.0710204081632657,0.7346938775510392,1.2125278251278435,0.6722149804472081,0.01019623081406602,0.0,0.0,0.0159996771628436,0.0,0.0,0.3826530612244898,0.0,0.0,0.5771081921187206,0.0,0.0,0.0,0.0
9810,54,1.1557407407407414,0.7037037037036483,1.2123602484472031,0.6718092566619921,0.015034931341844575,0.0,0.0,0.015973669760615025,0.0,0.0,0.5462962962962963,0.0,0.0,0.5773642556601883,0.0,0.0,0.0,0.0
9811,38,0.9728947368421056,0.4210526315789488,1.2118103448275843,0.6710104250200485,0.012735101619014538,0.0,0.0,0.015964455408150096,0.0,0.0,0.5328947368421053,0.0,0.0,0.577836808340016,0.0,0.0,0.0,0.0
9812,42,1.080714285714286,0.6666666666666723,1.2094651279478155,0.6695434019066737,0.013525029797377736,0.0,0.0,0.015937036361184095,0.0,0.0,0.47619047619047616,0.0,0.0,0.5769693928750628,0.0,0.0,0.0,0.0
9813,44,1.1490909090909094,0.5909090909090929,1.2090921871861802,0.6697127937336819,0.015750778816199153,0.0,0.0,0.015944544354187292,0.0,0.0,0.5795454545454546,0.0,0.0,0.5766218116087568,0.0,0.0,0.0,0.0
9814,45,1.3084444444444447,0.577777777777783,1.2095307947352536,0.6691449814126396,0.011611122066653651,0.0,0.0,0.015919529969968586,0.0,0.0,0.7222222222222222,0.0,0.0,0.577212900632975,0.0,0.0,0.0,0.0
9815,43,1.2960465116279076,0.8372093023255708,1.2112110239388434,0.6710923355461681,0.014108860759493351,0.0,0.0,0.01592440514210076,0.0,0.0,0.5116279069767442,0.0,0.0,0.5770720177026755,0.0,0.0,0.0,0.0
9816,51,1.3939215686274515,0.9019607843136959,1.2134265593561346,0.6733400402414487,0.021726772616136505,0.0,0.0,0.01595332036235847,0.0,0.0,0.5784313725490197,0.0,0.0,0.577364185110664,0.0,0.0,0.0,0.0
9817,50,1.2196000000000007,0.6000000000000089,1.2145350241545874,0.6736111111111112,0.013199134199133369,0.0,0.0,0.01595209989279453,0.0,0.0,0.595,0.0,0.0,0.5777475845410628,0.0,0.0,0.0,0.0
9818,50,1.0680000000000005,0.5200000000000069,1.2133286347160672,0.6719693918646796,0.014074855034264708,0.0,0.0,0.01595259275732981,0.0,0.0,0.53,0.0,0.0,0.5776278695126863,0.0,0.0,0.0,0.0
9819,43,1.276744186046512,0.7906976744185727,1.2132983870967722,0.672782258064516,0.014451171360884777,0.0,0.0,0.015936571072203674,0.0,0.0,0.5697674418604651,0.0,0.0,0.5772681451612903,0.0,0.0,0.0,0.0
9820,52,0.9436538461538466,0.538461538461537,1.2120159258139283,0.6715048886200986,0.009632901452689403,0.0,0.0,0.015893027079610503,0.0,0.0,0.4326923076923077,0.0,0.0,0.5769579679467796,0.0,0.0,0.0,0.0
9821,39,1.0910256410256414,0.6410256410256182,1.2130993444276328,0.6722138174483103,0.01333437793795022,0.0,0.0,0.015880108473788627,0.0,0.0,0.5897435897435898,0.0,0.0,0.5779122541603631,0.0,0.0,0.0,0.0
9822,56,1.3617857142857148,0.7321428571428579,1.2131179321486247,0.6725565428109853,0.018157142857142584,0.0,0.0,0.01589593509703166,0.0,0.0,0.7053571428571429,0.0,0.0,0.5775444264943457,0.0,0.0,0.0,0.0
9823,51,1.3966666666666674,0.7843137254901802,1.2131033437720962,0.6722901303161932,0.018439037017862103,0.0,0.0,0.015873018600568944,0.0,0.0,0.6862745098039216,0.0,0.0,0.5779876755227801,0.0,0.0,0.0,0.0
9824,52,1.0430769230769237,0.6923076923076837,1.210976965043441,0.6720549605981004,0.013943444730076802,0.0,0.0,0.015847658863318473,0.0,0.0,0.41346153846153844,0.0,0.0,0.5760507173166296,0.0,0.0,0.0,0.0
9825,51,1.1352941176470592,0.7647058823528682,1.2115381505810994,0.6729661445174323,0.011510934393636998,0.0,0.0,0.01582734601298597,0.0,0.0,0.4117647058823529,0.0,0.0,0.5756947953511875,0.0,0.0,0.0,0.0
9826,58,1.3058620689655176,0.7068965517241497,1.2098080226331192,0.6713145397595225,0.01453742802303264,0.0,0.0,0.015776777831947635,0.0,0.0,0.6206896551724138,0.0,0.0,0.5754268970395069,0.0,0.0,0.0,0.0
9827,52,1.3636538461538465,0.673076923076917,1.2109051463168499,0.6718466195761852,0.016182108626197327,0.0,0.0,0.01576341097205822,0.0,0.0,0.75,0.0,0.0,0.5764127144298689,0.0,0.0,0.0,0.0
9828,54,1.3855555555555563,0.7777777777778084,1.2126866424535898,0.6731234866828083,0.01619130058428884,0.0,0.0,0.015759232867947948,0.0,0.0,0.6712962962962963,0.0,0.0,0.5773305084745762,0.0,0.0,0.0,0.0
9829,53,1.3913207547169815,0.8301886792452453,1.2138136533225754,0.6733891297771499,0.014642573471009066,0.0,0.0,0.015725591633843503,0.0,0.0,0.6132075471698113,0.0,0.0,0.5778209135827367,0.0,0.0,0.0,0.0
9830,47,1.1855319148936174,0.723404255319094,1.214116164162547,0.6733891297771496,0.011642290012536452,0.0,0.0,0.01572988071022555,0.0,0.0,0.5851063829787234,0.0,0.0,0.5782242613693658,0.0,0.0,0.0,0.0
9831,46,1.2641304347826092,0.6086956521739293,1.2131964898123844,0.6723824894089162,0.015270483193276627,0.0,0.0,0.015718734725776246,0.0,0.0,0.6358695652173914,0.0,0.0,0.5780714141617914,0.0,0.0,0.0,0.0
9832,55,1.1165454545454552,0.7636363636363597,1.213145047407704,0.6737946338511192,0.014055848020141367,0.0,0.0,0.01570275902047725,0.0,0.0,0.4727272727272727,0.0,0.0,0.5773149082106113,0.0,0.0,0.0,0.0
9833,40,1.2930000000000006,0.6000000000000172,1.2132825121163142,0.6733642972536346,0.016228427988703515,0.0,0.0,0.015696198067292107,0.0,0.0,0.65,0.0,0.0,0.577519184168013,0.0,0.0,0.0,0.0
9834,37,1.4516216216216222,0.8648648648648483,1.2140735873850175,0.6736076013342763,0.01232728941932516,0.0,0.0,0.015653205753100464,0.0,0.0,0.5945945945945946,0.0,0.0,0.5776559183260892,0.0,0.0,0.0,0.0
9835,45,1.1900000000000004,0.6222222222222362,1.2132106008496841,0.6732753388630383,0.013567266278186428,0.0,0.0,0.015618045563158833,0.0,0.0,0.6222222222222222,0.0,0.0,0.5773062917256727,0.0,0.0,0.0,0.0
9836,53,0.9071698113207552,0.49056603773585394,1.210950070749947,0.6718213058419242,0.010977168949772277,0.0,0.0,0.015570680002287307,0.0,0.0,0.3867924528301887,0.0,0.0,0.5760309278350515,0.0,0.0,0.0,0.0
9837,52,1.2707692307692315,0.5384615384615248,1.2107781707933276,0.6707427993936329,0.01594209891435449,0.0,0.0,0.015579174452580386,0.0,0.0,0.6923076923076923,0.0,0.0,0.5763264274886306,0.0,0.0,0.0,0.0
9838,68,1.3935294117647066,0.8235294117646889,1.2120900937216548,0.671671873425375,0.018587681443702767,0.0,0.0,0.015563061897343272,0.0,0.0,0.6544117647058824,0.0,0.0,0.5771440088682858,0.0,0.0,0.0,0.0
9839,56,1.376785714285715,0.9821428571428522,1.2125556787261895,0.673082737075481,0.02239326169038617,0.0,0.0,0.015577142664798968,0.0,0.0,0.5178571428571429,0.0,0.0,0.5762118310994658,0.0,0.0,0.0,0.0
9840,37,1.1054054054054059,0.8648648648648777,1.2121886031265738,0.6728189611699448,0.0183902877697845,0.0,0.0,0.015591320433589163,0.0,0.0,0.4594594594594595,0.0,0.0,0.5763741805345436,0.0,0.0,0.0,0.0
9841,56,1.230535714285715,0.4285714285714292,1.213169035379496,0.671504888620099,0.01912572855953403,0.0,0.0,0.015598965758573329,0.0,0.0,0.7142857142857143,0.0,0.0,0.5777895373450257,0.0,0.0,0.0,0.0
9842,42,1.299285714285715,0.6428571428571423,1.2138438226083421,0.6712799272653807,0.021924467657694152,0.0,0.0,0.015618820825718385,0.0,0.0,0.6547619047619048,0.0,0.0,0.5782654813617537,0.0,0.0,0.0,0.0
9843,56,1.431785714285715,0.7857142857142919,1.2168105539830145,0.6739789729074002,0.019049655500118643,0.0,0.0,0.015672630588002466,0.0,0.0,0.6294642857142857,0.0,0.0,0.5788263243024666,0.0,0.0,0.0,0.0
9844,42,1.2330952380952382,0.5952380952380586,1.2166315789473663,0.6736842105263159,0.011749092558983258,0.0,0.0,0.01564512287341976,0.0,0.0,0.6369047619047619,0.0,0.0,0.5786184210526316,0.0,0.0,0.0,0.0
9845,48,1.0641666666666671,0.5000000000000154,1.2166079205915104,0.6724399878456399,0.014716220109478526,0.0,0.0,0.015641837031017847,0.0,0.0,0.5833333333333334,0.0,0.0,0.5796617036361795,0.0,0.0,0.0,0.0
9846,48,1.154166666666667,0.7083333333333468,1.2166777912621338,0.6730380258899679,0.01730709153389611,0.0,0.0,0.015645312522351833,0.0,0.0,0.5208333333333334,0.0,0.0,0.5794144417475728,0.0,0.0,0.0,0.0
9847,53,1.3724528301886796,0.8301886792452802,1.2175459874671497,0.6730341621184557,0.017698296836983467,0.0,0.0,0.015624667633394132,0.0,0.0,0.5754716981132075,0.0,0.0,0.5798969072164949,0.0,0.0,0.0,0.0
9848,57,1.2438596491228073,0.7017543859649471,1.2185356240525498,0.6745831227892878,0.018707124010553536,0.0,0.0,0.015640814431037216,0.0,0.0,0.6403508771929824,0.0,0.0,0.5799898938858009,0.0,0.0,0.0,0.0
9849,42,1.1,0.5238095238095288,1.218501263264273,0.6740778170793332,0.012647139337530935,0.0,0.0,0.015641570504712425,0.0,0.0,0.5595238095238095,0.0,0.0,0.5802425467407781,0.0,0.0,0.0,0.0
9850,53,1.2011320754716988,0.7924528301886873,1.2176012523987456,0.6748813251186752,0.01628549501151259,0.0,0.0,0.015606392481261415,0.0,0.0,0.4858490566037736,0.0,0.0,0.5790071709928291,0.0,0.0,0.0,0.0
9851,40,1.2392500000000006,0.6500000000000032,1.2178285077950985,0.6752379024093949,0.01702851253864658,0.0,0.0,0.015615273481563028,0.0,0.0,0.675,0.0,0.0,0.5792164405750152,0.0,0.0,0.0,0.0
9852,48,1.3906250000000009,0.7083333333333496,1.219011945738002,0.6745292569346025,0.02189960629921247,0.0,0.0,0.01565237059048333,0.0,0.0,0.7291666666666666,0.0,0.0,0.5806337315246001,0.0,0.0,0.0,0.0
9853,43,1.2104651162790703,0.7906976744186004,1.220824721377911,0.6755825734549142,0.017229394240317667,0.0,0.0,0.015671670520787547,0.0,0.0,0.45348837209302323,0.0,0.0,0.5811550151975684,0.0,0.0,0.0,0.0
9854,48,1.1822916666666672,0.500000000000015,1.2202146400728948,0.6753062670851476,0.02482502187226585,0.0,0.0,0.0156784553702215,0.0,0.0,0.7395833333333334,0.0,0.0,0.5812999898754683,0.0,0.0,0.0,0.0
9855,48,1.661458333333334,1.1250000000000504,1.222344778689353,0.6769978729869348,0.029417189229067657,0.0,0.0,0.01571078750449133,0.0,0.0,0.6979166666666666,0.0,0.0,0.5820925757115365,0.0,0.0,0.0,0.0
9856,43,1.2183720930232562,0.4883720930232476,1.2225533852848887,0.6761461390547523,0.017498329993320093,0.0,0.0,0.015706204185010012,0.0,0.0,0.627906976744186,0.0,0.0,0.582481530209493,0.0,0.0,0.0,0.0
9857,50,0.8148000000000004,0.6000000000000029,1.2208857171778504,0.6754732260350246,0.01481454545454594,0.0,0.0,0.01568191067349187,0.0,0.0,0.28,0.0,0.0,0.5816125113877922,0.0,0.0,0.0,0.0
9858,47,1.2510638297872345,0.3404255319148986,1.2207006175964346,0.6733826060544705,0.020784729586426243,0.0,0.0,0.015690619094964692,0.0,0.0,0.8138297872340425,0.0,0.0,0.5827174243191252,0.0,0.0,0.0,0.0
9859,43,1.02139534883721,0.5116279069767516,1.221082834837269,0.6719050998681945,0.019945504087192777,0.0,0.0,0.015706704817697977,0.0,0.0,0.4883720930232558,0.0,0.0,0.5836966440231167,0.0,0.0,0.0,0.0
9860,40,1.2767500000000005,0.6500000000000099,1.221450451364234,0.6714676944923422,0.028075865860363477,0.0,0.0,0.015706167677244587,0.0,0.0,0.65,0.0,0.0,0.5843138249315346,0.0,0.0,0.0,0.0
9861,50,1.3048000000000004,0.7600000000000006,1.2223788278239691,0.6720746298925169,0.02326676176890226,0.0,0.0,0.015730684562917648,0.0,0.0,0.6,0.0,0.0,0.5848965727033056,0.0,0.0,0.0,0.0
9862,47,1.1574468085106386,0.5957446808510846,1.2223720741716468,0.6711926233660961,0.01854124062713004,0.0,0.0,0.015726597677953594,0.0,0.0,0.5957446808510638,0.0,0.0,0.585342993211065,0.0,0.0,0.0,0.0
9863,48,1.1366666666666672,0.6250000000000001,1.2212236628849253,0.6705834683954622,0.01561534058385809,0.0,0.0,0.01570957422549435,0.0,0.0,0.6041666666666666,0.0,0.0,0.5851144651539708,0.0,0.0,0.0,0.0
9864,48,1.154166666666667,0.6666666666666587,1.2204801458670973,0.6703808752025935,0.019878005023322348,0.0,0.0,0.015730489935216693,0.0,0.0,0.5625,0.0,0.0,0.5847599270664505,0.0,0.0,0.0,0.0
9865,53,1.3475471698113215,0.8679245283018933,1.2220606429368204,0.6715343271473484,0.020347578347578336,0.0,0.0,0.01573793314205191,0.0,0.0,0.6132075471698113,0.0,0.0,0.5854122299969577,0.0,0.0,0.0,0.0
9866,50,1.1478000000000004,0.5600000000000046,1.222601683740743,0.6715691246576735,0.013168884809546201,0.0,0.0,0.015724929226514292,0.0,0.0,0.58,0.0,0.0,0.5860634952834973,0.0,0.0,0.0,0.0
9867,54,1.415370370370371,0.9999999999999986,1.223379009338204,0.6730613073487618,0.022083212944235757,0.0,0.0,0.01573574377305972,0.0,0.0,0.5370370370370371,0.0,0.0,0.5855917580186764,0.0,0.0,0.0,0.0
9868,59,1.301016949152543,0.6440677966101401,1.2218347693867193,0.6727825646224024,0.02269662921348282,0.0,0.0,0.015702668830982716,0.0,0.0,0.6949152542372882,0.0,0.0,0.5848707551951343,0.0,0.0,0.0,0.0
9869,50,1.3336000000000008,0.8800000000000167,1.2234716445165859,0.6740387541848433,0.025479556744363332,0.0,0.0,0.015761363502699473,0.0,0.0,0.535,0.0,0.0,0.5852439890433194,0.0,0.0,0.0,0.0
9870,43,1.074883720930233,0.5116279069767391,1.2216817304762857,0.6739108357875495,0.01807587016034355,0.0,0.0,0.015751385295442403,0.0,0.0,0.6046511627906976,0.0,0.0,0.5843150198029857,0.0,0.0,0.0,0.0
9871,53,1.3384905660377366,0.792452830188662,1.2218754444783082,0.6732703444071927,0.033991375179684306,0.0,0.0,0.01577901103370462,0.0,0.0,0.6886792452830188,0.0,0.0,0.5852128416133293,0.0,0.0,0.0,0.0
9872,50,1.3050000000000006,0.7200000000000202,1.2230073200487992,0.6731394875965836,0.018272192663119666,0.0,0.0,0.015782830767696727,0.0,0.0,0.61,0.0,0.0,0.5860105734038227,0.0,0.0,0.0,0.0
9873,38,1.1115789473684217,0.5263157894736815,1.2218899959333052,0.6725294835298898,0.021204819277108555,0.0,0.0,0.015764295870344235,0.0,0.0,0.5131578947368421,0.0,0.0,0.5848922326148841,0.0,0.0,0.0,0.0
9874,50,1.2762000000000004,0.8399999999999812,1.2225268926324322,0.6737365536837828,0.016236641221373048,0.0,0.0,0.015771566672645308,0.0,0.0,0.575,0.0,0.0,0.584864014613355,0.0,0.0,0.0,0.0
9875,51,1.1907843137254908,0.568627450980384,1.223256899350648,0.6749188311688307,0.016516181669840077,0.0,0.0,0.015759717129729477,0.0,0.0,0.6470588235294118,0.0,0.0,0.5848975243506493,0.0,0.0,0.0,0.0
9876,42,1.3664285714285718,0.7380952380952556,1.2246007720438836,0.6752336448598129,0.02003141361256547,0.0,0.0,0.015775948260519063,0.0,0.0,0.6666666666666666,0.0,0.0,0.5858390898008939,0.0,0.0,0.0,0.0
9877,59,1.2018644067796613,0.7796610169490882,1.2249934003452119,0.6761092496700167,0.01610492845786953,0.0,0.0,0.015787100463342786,0.0,0.0,0.4915254237288136,0.0,0.0,0.5858462788100315,0.0,0.0,0.0,0.0
9878,50,0.9946000000000004,0.5799999999999998,1.2241995123933351,0.6759447379114175,0.014721728833629297,0.0,0.0,0.015761373386067333,0.0,0.0,0.47,0.0,0.0,0.5848994311255588,0.0,0.0,0.0,0.0
9879,48,1.3137500000000004,0.6666666666666826,1.2249441624365471,0.6769543147208117,0.016802557953637987,0.0,0.0,0.015767601777787067,0.0,0.0,0.6875,0.0,0.0,0.5851522842639594,0.0,0.0,0.0,0.0
9880,40,1.3577500000000007,0.6999999999999943,1.2253575055860237,0.6766199471866742,0.017604538087520556,0.0,0.0,0.01576344774422828,0.0,0.0,0.69375,0.0,0.0,0.5856439163111924,0.0,0.0,0.0,0.0
9881,61,1.2063934426229515,0.45901639344262285,1.2253021086780203,0.6757907542579071,0.015795235028975903,0.0,0.0,0.015733663461713693,0.0,0.0,0.7049180327868853,0.0,0.0,0.5860452149229521,0.0,0.0,0.0,0.0
9882,50,1.3648000000000005,0.7200000000000044,1.2266973964137364,0.6763245871745512,0.021649746192894077,0.0,0.0,0.01575516943462805,0.0,0.0,0.66,0.0,0.0,0.5867946509978725,0.0,0.0,0.0,0.0
9883,36,1.5013888888888893,0.8333333333333416,1.2279196673090567,0.6773506440815492,0.016206896551723863,0.0,0.0,0.01575333517247123,0.0,0.0,0.7083333333333334,0.0,0.0,0.5870017243128106,0.0,0.0,0.0,0.0
9884,46,1.2730434782608702,0.7391304347825808,1.2265909321432185,0.676336342428237,0.018799357945426334,0.0,0.0,0.01573741477653526,0.0,0.0,0.5543478260869565,0.0,0.0,0.5864185008621564,0.0,0.0,0.0,0.0
9885,35,1.8108571428571434,0.9714285714285378,1.22792081218274,0.6761421319796941,0.02293053545586152,0.0,0.0,0.015733420748308614,0.0,0.0,0.8714285714285714,0.0,0.0,0.587233502538071,0.0,0.0,0.0,0.0
9886,55,1.2012727272727277,0.6909090909090886,1.2282815671944773,0.6747868453105953,0.01652576288144059,0.0,0.0,0.01575267284483376,0.0,0.0,0.5909090909090909,0.0,0.0,0.5886875761266748,0.0,0.0,0.0,0.0
9887,33,1.115454545454546,0.42424242424241565,1.2277050681864432,0.6737227763077531,0.019231974921630063,0.0,0.0,0.015762431271298064,0.0,0.0,0.5227272727272727,0.0,0.0,0.5881844087115815,0.0,0.0,0.0,0.0
9888,46,1.3147826086956527,0.7391304347825912,1.2279884004883996,0.6741961741961724,0.025305439330543796,0.0,0.0,0.015781402829719914,0.0,0.0,0.625,0.0,0.0,0.5880392755392755,0.0,0.0,0.0,0.0
9889,48,1.0706250000000004,0.6666666666666955,1.227453194953194,0.6748066748066733,0.013180302641702972,0.0,0.0,0.015772750926354502,0.0,0.0,0.5104166666666666,0.0,0.0,0.5874542124542125,0.0,0.0,0.0,0.0
9890,46,1.5452173913043483,0.9565217391304176,1.2296579456377879,0.676371780515116,0.023466490590953907,0.0,0.0,0.01581247725445945,0.0,0.0,0.6739130434782609,0.0,0.0,0.5881095388374223,0.0,0.0,0.0,0.0
9891,30,1.0736666666666672,0.6000000000000039,1.2280886256891963,0.6757198284664067,0.021430472388556113,0.0,0.0,0.0158148017150814,0.0,0.0,0.55,0.0,0.0,0.587655707576067,0.0,0.0,0.0,0.0
9892,41,0.9014634146341467,0.6585365853658498,1.226490959239962,0.6757585044437621,0.011135884302500662,0.0,0.0,0.01579135522039415,0.0,0.0,0.40853658536585363,0.0,0.0,0.5867044641945041,0.0,0.0,0.0,0.0
9893,36,1.4086111111111117,0.9999999999999392,1.228132678132677,0.6774160524160511,0.015283303194695412,0.0,0.0,0.015770999471512986,0.0,0.0,0.5,0.0,0.0,0.5868908681408681,0.0,0.0,0.0,0.0
9894,44,0.9500000000000004,0.5454545454545457,1.226756175053806,0.6771548631751549,0.010773195876288492,0.0,0.0,0.015730040871039398,0.0,0.0,0.4375,0.0,0.0,0.5858358101875577,0.0,0.0,0.0,0.0
9895,53,1.3032075471698117,0.8490566037735561,1.2268693071333525,0.6779244703715059,0.020002896032435817,0.0,0.0,0.015761147953951424,0.0,0.0,0.5566037735849056,0.0,0.0,0.5855337222392795,0.0,0.0,0.0,0.0
9896,46,1.3604347826086964,0.5217391304347923,1.2274065348765735,0.6772508450271417,0.024725404978269215,0.0,0.0,0.01581483588199817,0.0,0.0,0.7282608695652174,0.0,0.0,0.5861415548499437,0.0,0.0,0.0,0.0
9897,56,1.0400000000000005,0.6428571428571405,1.2268496371256248,0.677195134416844,0.015559711461394525,0.0,0.0,0.01580044390850115,0.0,0.0,0.48214285714285715,0.0,0.0,0.5858887866707554,0.0,0.0,0.0,0.0
9898,45,1.4940000000000004,0.9555555555555953,1.227734846161708,0.6789328426862912,0.019709762532982095,0.0,0.0,0.01580720389450924,0.0,0.0,0.7111111111111111,0.0,0.0,0.5861443320044976,0.0,0.0,0.0,0.0
9899,48,1.395833333333334,0.5625000000000001,1.2300623021141852,0.6797058523133476,0.02298456260720397,0.0,0.0,0.015827624228071595,0.0,0.0,0.7239583333333334,0.0,0.0,0.5869165560208355,0.0,0.0,0.0,0.0
9900,55,1.2956363636363641,0.7090909090909218,1.23008583690987,0.679542203147352,0.02138655462184846,0.0,0.0,0.015841620902440297,0.0,0.0,0.6818181818181818,0.0,0.0,0.5872419783363989,0.0,0.0,0.0,0.0
9901,49,1.3534693877551025,0.714285714285762,1.230649310872893,0.6782031648800396,0.019234338747099285,0.0,0.0,0.015860468726974185,0.0,0.0,0.6275510204081632,0.0,0.0,0.5883103624298112,0.0,0.0,0.0,0.0
9902,59,1.4871186440677973,0.9322033898305132,1.234043269721399,0.6820083682008355,0.020712936732767615,0.0,0.0,0.015905388875004953,0.0,0.0,0.6694915254237288,0.0,0.0,0.5886314930094908,0.0,0.0,0.0,0.0
9903,43,1.0965116279069773,0.4651162790697608,1.2326067852033504,0.6814837522992016,0.01641713091922037,0.0,0.0,0.015886672874375576,0.0,0.0,0.622093023255814,0.0,0.0,0.5879061925199264,0.0,0.0,0.0,0.0
9904,49,1.2702040816326536,0.6122448979591917,1.2320484266448701,0.68114017163874,0.021366289049090804,0.0,0.0,0.015893920942198637,0.0,0.0,0.6530612244897959,0.0,0.0,0.5878882304863098,0.0,0.0,0.0,0.0
9905,55,1.1000000000000005,0.4727272727272662,1.2320571428571416,0.6797959183673454,0.016180797004546506,0.0,0.0,0.01591158997822962,0.0,0.0,0.5863636363636363,0.0,0.0,0.5883928571428572,0.0,0.0,0.0,0.0
9906,50,1.2012000000000005,0.6399999999999914,1.2304682717812678,0.679147112834114,0.014409788867562057,0.0,0.0,0.015863394655053847,0.0,0.0,0.65,0.0,0.0,0.5877882064884717,0.0,0.0,0.0,0.0
9907,54,1.1109259259259265,0.8148148148147869,1.2301620134501718,0.6804564907275306,0.01399020522388059,0.0,0.0,0.01584996842559932,0.0,0.0,0.41203703703703703,0.0,0.0,0.5863816996127981,0.0,0.0,0.0,0.0
9908,50,1.1316000000000006,0.6199999999999943,1.2306460158956578,0.6814754432443433,0.019571082670356333,0.0,0.0,0.015863077139288386,0.0,0.0,0.55,0.0,0.0,0.5865600163032403,0.0,0.0,0.0,0.0
9909,45,1.262666666666667,0.6444444444444267,1.2292863696605145,0.6809052910592297,0.01918298446995208,0.0,0.0,0.01587689094938203,0.0,0.0,0.6611111111111111,0.0,0.0,0.5862473238862269,0.0,0.0,0.0,0.0
9910,54,1.1525925925925933,0.7407407407407353,1.2290828492815637,0.6822582288800555,0.018322048866647168,0.0,0.0,0.015887890232384155,0.0,0.0,0.48148148148148145,0.0,0.0,0.5851676347702028,0.0,0.0,0.0,0.0
9911,33,1.0978787878787883,0.5454545454545541,1.2279914311945308,0.6811180250943571,0.026046010064700763,0.0,0.0,0.015900019283957612,0.0,0.0,0.5909090909090909,0.0,0.0,0.5851014995409568,0.0,0.0,0.0,0.0
9912,44,1.1418181818181823,0.545454545454559,1.2278782928323448,0.6797018582805782,0.022930168872661152,0.0,0.0,0.01592912992626091,0.0,0.0,0.5568181818181818,0.0,0.0,0.5856902185011231,0.0,0.0,0.0,0.0
9913,66,1.320000000000001,0.8030303030302656,1.2280866462793054,0.6797145769622815,0.024173140954494337,0.0,0.0,0.01594822713342998,0.0,0.0,0.6060606060606061,0.0,0.0,0.5858053007135576,0.0,0.0,0.0,0.0
9914,49,1.0763265306122454,0.6734693877551139,1.2272248267427623,0.6794741133306136,0.016001213592233263,0.0,0.0,0.015953251254304125,0.0,0.0,0.5204081632653061,0.0,0.0,0.5855330207908683,0.0,0.0,0.0,0.0
9915,58,1.2734482758620698,0.6206896551723983,1.2276959934753782,0.6791721888061963,0.02344017772135851,0.0,0.0,0.015967379659291014,0.0,0.0,0.625,0.0,0.0,0.5860944030991946,0.0,0.0,0.0,0.0
9916,50,1.1648000000000005,0.49999999999999306,1.228281983268719,0.6785349928585982,0.01771828414968031,0.0,0.0,0.015982461217413473,0.0,0.0,0.6,0.0,0.0,0.5868190165272393,0.0,0.0,0.0,0.0
9917,56,1.2778571428571432,0.6428571428571132,1.2274449877750595,0.6777709861450668,0.014871155444721033,0.0,0.0,0.01595450121493409,0.0,0.0,0.6964285714285714,0.0,0.0,0.587000814995925,0.0,0.0,0.0,0.0
9918,52,1.2482692307692314,0.7692307692307427,1.2280211834198989,0.6791934005499514,0.017533765532144426,0.0,0.0,0.01596716505268343,0.0,0.0,0.6057692307692307,0.0,0.0,0.5868214685813219,0.0,0.0,0.0,0.0
9919,56,1.008571428571429,0.41071428571429197,1.226654786150711,0.6780040733197527,0.014981432360743107,0.0,0.0,0.015977003566582625,0.0,0.0,0.53125,0.0,0.0,0.5863034623217923,0.0,0.0,0.0,0.0
9920,58,1.0617241379310352,0.413793103448295,1.2248861557227062,0.6763569831266488,0.018683252427183966,0.0,0.0,0.015980773362261252,0.0,0.0,0.646551724137931,0.0,0.0,0.5862472047164058,0.0,0.0,0.0,0.0
9921,50,1.0268000000000006,0.5599999999999878,1.2247428339093296,0.6769668631835709,0.020895400895400845,0.0,0.0,0.0160002284035785,0.0,0.0,0.515,0.0,0.0,0.5858152063427526,0.0,0.0,0.0,0.0
9922,48,1.4981250000000008,0.7499999999999868,1.225276760276759,0.6782661782661751,0.01903891977760099,0.0,0.0,0.016010386391858936,0.0,0.0,0.7291666666666666,0.0,0.0,0.585495522995523,0.0,0.0,0.0,0.0
9923,44,1.2759090909090913,0.7272727272727015,1.225585897697166,0.6786223761972657,0.016164699107399743,0.0,0.0,0.01601294572487538,0.0,0.0,0.5852272727272727,0.0,0.0,0.5855410637864276,0.0,0.0,0.0,0.0
9924,49,1.1336734693877557,0.4489795918367321,1.2251130806845951,0.6768541157294182,0.018207145198295676,0.0,0.0,0.016014614053941757,0.0,0.0,0.7142857142857143,0.0,0.0,0.5867461287693562,0.0,0.0,0.0,0.0
9925,41,1.2775609756097566,0.7804878048780424,1.2250525349382828,0.6763235744159918,0.012418207681365628,0.0,0.0,0.016007835170826178,0.0,0.0,0.5609756097560976,0.0,0.0,0.5870141793328573,0.0,0.0,0.0,0.0
9926,44,1.353636363636364,0.772727272727272,1.225143469825384,0.6757888287552305,0.016820107314317708,0.0,0.0,0.015983084174151205,0.0,0.0,0.625,0.0,0.0,0.5873072602879608,0.0,0.0,0.0,0.0
9927,50,1.0582000000000005,0.8199999999999423,1.224431284459872,0.6762303451092472,0.01316824290691823,0.0,0.0,0.015974956039857182,0.0,0.0,0.36,0.0,0.0,0.5864049418011027,0.0,0.0,0.0,0.0
9928,51,1.3578431372549025,0.7843137254901746,1.2259364463063234,0.6771227138040222,0.025753068055038592,0.0,0.0,0.016009030417616768,0.0,0.0,0.6568627450980392,0.0,0.0,0.5871819760907326,0.0,0.0,0.0,0.0
9929,53,1.3832075471698115,0.7169811320754346,1.225812646848502,0.6771886811727412,0.016661363636363544,0.0,0.0,0.016003254136020193,0.0,0.0,0.7028301886792453,0.0,0.0,0.5870875472469098,0.0,0.0,0.0,0.0
9930,44,1.5152272727272733,0.9999999999999921,1.2279905968928848,0.679374488961566,0.027744486059092133,0.0,0.0,0.01603344231667442,0.0,0.0,0.6875,0.0,0.0,0.5877452984464432,0.0,0.0,0.0,0.0
9931,43,1.3018604651162797,0.6976744186046486,1.2296797298680022,0.6809577407142089,0.018058064516129055,0.0,0.0,0.016079137605079934,0.0,0.0,0.6918604651162791,0.0,0.0,0.5880998669804564,0.0,0.0,0.0,0.0
9932,67,1.1838805970149258,0.5074626865672016,1.2304535703340467,0.6788231688630064,0.014559471365638465,0.0,0.0,0.016093074648641906,0.0,0.0,0.6604477611940298,0.0,0.0,0.5901266727959955,0.0,0.0,0.0,0.0
9933,47,1.2495744680851069,0.4255319148936229,1.2304594760540306,0.6783667621776471,0.017380881917727502,0.0,0.0,0.016108399000061606,0.0,0.0,0.6914893617021277,0.0,0.0,0.5901811297584937,0.0,0.0,0.0,0.0
9934,42,1.294761904761905,0.5952380952380858,1.231677762982688,0.6795042507425962,0.017446262431825177,0.0,0.0,0.01612764650499055,0.0,0.0,0.7619047619047619,0.0,0.0,0.5907251869302469,0.0,0.0,0.0,0.0
9935,43,1.5674418604651168,0.8837209302325907,1.2324718064383826,0.6805413163830193,0.021288692356284215,0.0,0.0,0.01614685861342729,0.0,0.0,0.7093023255813954,0.0,0.0,0.5906038548287882,0.0,0.0,0.0,0.0
9936,48,1.2622916666666673,0.5833333333333203,1.2322807017543844,0.6801066994972781,0.024550243111832522,0.0,0.0,0.016174088687197833,0.0,0.0,0.6145833333333334,0.0,0.0,0.5906176259361855,0.0,0.0,0.0,0.0
9937,54,1.1405555555555562,0.5185185185185235,1.2321793951819562,0.6795489492567885,0.02032673267326722,0.0,0.0,0.016217567994214498,0.0,0.0,0.6481481481481481,0.0,0.0,0.5908508457201436,0.0,0.0,0.0,0.0
9938,53,1.123962264150944,0.5660377358490625,1.2311697881486015,0.6786408760618127,0.01511928934010161,0.0,0.0,0.016214450153386614,0.0,0.0,0.5849056603773585,0.0,0.0,0.5905997339064579,0.0,0.0,0.0,0.0
9939,46,1.441739130434783,0.6521739130435019,1.2325946775844405,0.678710337768677,0.019738095238094736,0.0,0.0,0.016262592842673847,0.0,0.0,0.7663043478260869,0.0,0.0,0.5920931422722621,0.0,0.0,0.0,0.0
9940,49,1.2871428571428578,0.7755102040816231,1.2333384505168339,0.6792549380820772,0.017617318435754464,0.0,0.0,0.016282405174289052,0.0,0.0,0.6224489795918368,0.0,0.0,0.5930048101524921,0.0,0.0,0.0,0.0
9941,48,0.8227083333333338,0.5833333333333286,1.23122977677657,0.6785787425762823,0.01313705921490331,0.0,0.0,0.016275231692345567,0.0,0.0,0.359375,0.0,0.0,0.5921564611918902,0.0,0.0,0.0,0.0
9942,53,1.1724528301886796,0.49056603773582863,1.2294788040139242,0.6767356133524446,0.014232707283554661,0.0,0.0,0.01625360413897286,0.0,0.0,0.7122641509433962,0.0,0.0,0.5922332582428834,0.0,0.0,0.0,0.0
9943,56,1.2041071428571435,0.5892857142856963,1.2298021324584771,0.6781833094115207,0.021800840607824536,0.0,0.0,0.01627793903519661,0.0,0.0,0.5535714285714286,0.0,0.0,0.5911933565716629,0.0,0.0,0.0,0.0
9944,41,0.9139024390243906,0.4390243902439171,1.2278793474915342,0.6766184467015467,0.013444564047362094,0.0,0.0,0.016256046029281702,0.0,0.0,0.42073170731707316,0.0,0.0,0.5902841900071817,0.0,0.0,0.0,0.0
9945,40,1.283500000000001,0.5999999999999991,1.2265556925606231,0.6749897246198083,0.025166666666666525,0.0,0.0,0.0162853112354737,0.0,0.0,0.65625,0.0,0.0,0.5903719687628443,0.0,0.0,0.0,0.0
9946,53,1.1549056603773589,0.8113207547169137,1.22630497328401,0.6761200164406053,0.013730372364287908,0.0,0.0,0.016289805222281337,0.0,0.0,0.5566037735849056,0.0,0.0,0.5901407727085902,0.0,0.0,0.0,0.0
9947,49,1.1551020408163273,0.6530612244897948,1.2261432535196777,0.6756756756756727,0.025011047282367915,0.0,0.0,0.016330273471449084,0.0,0.0,0.5510204081632653,0.0,0.0,0.5905097112321447,0.0,0.0,0.0,0.0
9948,46,0.8723913043478264,0.3043478260869576,1.2247254216371848,0.6736939531057147,0.010268679631525038,0.0,0.0,0.01633083669752947,0.0,0.0,0.5163043478260869,0.0,0.0,0.5907291238173591,0.0,0.0,0.0,0.0
9949,46,0.9250000000000004,0.3478260869565115,1.2227962524451752,0.6723978173581769,0.011389186295503418,0.0,0.0,0.016307643723139833,0.0,0.0,0.532608695652174,0.0,0.0,0.5900082363842273,0.0,0.0,0.0,0.0
9950,46,1.1715217391304353,0.5652173913043489,1.2223603380746224,0.671717171717169,0.020251785043215887,0.0,0.0,0.01634051336317774,0.0,0.0,0.7065217391304348,0.0,0.0,0.5905741084312512,0.0,0.0,0.0,0.0
9951,43,1.3060465116279076,0.7441860465116231,1.2227064409578847,0.6718620974401293,0.02369620253164559,0.0,0.0,0.016372537501572162,0.0,0.0,0.5406976744186046,0.0,0.0,0.5905243600330305,0.0,0.0,0.0,0.0
9952,59,1.1667796610169499,0.5254237288135687,1.223396926884602,0.6709291533463931,0.01629734848484781,0.0,0.0,0.016416492768223302,0.0,0.0,0.6228813559322034,0.0,0.0,0.591626276167887,0.0,0.0,0.0,0.0
9953,60,1.051333333333334,0.633333333333325,1.2229020294632726,0.6710621201194987,0.012281931464174445,0.0,0.0,0.016407475390258882,0.0,0.0,0.45,0.0,0.0,0.5910940558359946,0.0,0.0,0.0,0.0
9954,48,1.2047916666666671,0.6458333333333494,1.2229246448424942,0.6704756022235924,0.02169167291822906,0.0,0.0,0.016434967031811545,0.0,0.0,0.6510416666666666,0.0,0.0,0.59177475808112,0.0,0.0,0.0,0.0
9955,46,1.1754347826086962,0.6086956521739098,1.2234736517085212,0.6701317414573874,0.021961819658813872,0.0,0.0,0.016490171598207662,0.0,0.0,0.6195652173913043,0.0,0.0,0.5926049814738575,0.0,0.0,0.0,0.0
9956,42,1.0669047619047625,0.6428571428571506,1.2223198105436563,0.6705107084019744,0.020368181818182087,0.0,0.0,0.01649476929746428,0.0,0.0,0.49404761904761907,0.0,0.0,0.5916906919275123,0.0,0.0,0.0,0.0
9957,48,1.1000000000000003,0.5416666666666727,1.2227885902584688,0.6693440428380164,0.013935075217735354,0.0,0.0,0.016528724304581133,0.0,0.0,0.5677083333333334,0.0,0.0,0.592678405931418,0.0,0.0,0.0,0.0
9958,48,1.3031250000000003,0.7500000000000129,1.2219164265129674,0.669205434335115,0.012626160678239422,0.0,0.0,0.01647286213992049,0.0,0.0,0.6770833333333334,0.0,0.0,0.5923219431864964,0.0,0.0,0.0,0.0
9959,57,0.9810526315789478,0.5964912280701768,1.2197797900802623,0.6671125746038254,0.014349499615088142,0.0,0.0,0.01648878428492333,0.0,0.0,0.4473684210526316,0.0,0.0,0.5918398847499485,0.0,0.0,0.0,0.0
9960,44,1.1220454545454548,0.6363636363636501,1.2177396766553383,0.6662547626403024,0.012070904645476426,0.0,0.0,0.016471505080543437,0.0,0.0,0.48863636363636365,0.0,0.0,0.5908763258160848,0.0,0.0,0.0,0.0
9961,43,1.194883720930233,0.46511627906977254,1.2183953800144365,0.6651541713932119,0.014684195484423986,0.0,0.0,0.016494477772177843,0.0,0.0,0.686046511627907,0.0,0.0,0.5920903372176962,0.0,0.0,0.0,0.0
9962,45,1.1362222222222227,0.8444444444444301,1.2182956772928908,0.6665634994325775,0.01390914036996678,0.0,0.0,0.01649102129222443,0.0,0.0,0.5055555555555555,0.0,0.0,0.5917156711028577,0.0,0.0,0.0,0.0
9963,42,1.1561904761904767,0.6190476190476296,1.2175030991735525,0.666632231404956,0.015574085952533016,0.0,0.0,0.01652149959556388,0.0,0.0,0.5595238095238095,0.0,0.0,0.5908574380165289,0.0,0.0,0.0,0.0
9964,53,1.353773584905661,0.9622641509434275,1.2194555222646954,0.6688707511106493,0.019138436916512208,0.0,0.0,0.01657756466706828,0.0,0.0,0.5188679245283019,0.0,0.0,0.5910217997727037,0.0,0.0,0.0,0.0
9965,57,1.1652631578947374,0.859649122806987,1.2190296968447092,0.6700350587750024,0.015353675450762338,0.0,0.0,0.0165894178201371,0.0,0.0,0.4298245614035088,0.0,0.0,0.5899670035058775,0.0,0.0,0.0,0.0
9966,47,1.1908510638297876,0.8085106382978788,1.219369721936147,0.6705458290422216,0.013219178082192074,0.0,0.0,0.016587182285457233,0.0,0.0,0.4946808510638298,0.0,0.0,0.5899330587023687,0.0,0.0,0.0,0.0
9967,48,1.0639583333333338,0.416666666666635,1.2204799256889243,0.6700381876354597,0.013615035990402235,0.0,0.0,0.016641284217755157,0.0,0.0,0.6041666666666666,0.0,0.0,0.5910052637011044,0.0,0.0,0.0,0.0
9968,49,1.2261224489795925,0.7755102040816104,1.2217248502375528,0.671452179301794,0.022792109256449325,0.0,0.0,0.01667762647724797,0.0,0.0,0.4897959183673469,0.0,0.0,0.5909161330303656,0.0,0.0,0.0,0.0
9969,58,0.9900000000000003,0.4655172413792843,1.2200464684014858,0.670487401900038,0.013172746042670118,0.0,0.0,0.016685067658597258,0.0,0.0,0.4482758620689655,0.0,0.0,0.5898130937629079,0.0,0.0,0.0,0.0
9970,54,1.1481481481481488,0.5555555555555628,1.2211364574731614,0.6700041288191544,0.017678927858568158,0.0,0.0,0.01672472778988848,0.0,0.0,0.5879629629629629,0.0,0.0,0.5910404624277457,0.0,0.0,0.0,0.0
9971,37,1.2224324324324332,0.810810810810829,1.221044961240309,0.6704909560723482,0.02243551587301657,0.0,0.0,0.016760554787854282,0.0,0.0,0.47297297297297297,0.0,0.0,0.5905684754521964,0.0,0.0,0.0,0.0
9972,45,1.3313333333333341,0.8888888888888864,1.2217993795243007,0.6724922440537712,0.0201310483870961,0.0,0.0,0.016804968039439275,0.0,0.0,0.5444444444444444,0.0,0.0,0.5900982419855222,0.0,0.0,0.0,0.0
9973,45,1.1384444444444448,0.5777777777777945,1.2209316513287134,0.6718022955226934,0.019108541588958774,0.0,0.0,0.01680291954183278,0.0,0.0,0.6111111111111112,0.0,0.0,0.5897787198841898,0.0,0.0,0.0,0.0
9974,44,1.2627272727272731,0.7272727272727256,1.2210711331679058,0.6729735318444962,0.01750472589792022,0.0,0.0,0.016784530638000242,0.0,0.0,0.5795454545454546,0.0,0.0,0.5892266335814723,0.0,0.0,0.0,0.0
9975,47,1.1680851063829794,0.7234042553191506,1.2208011163944579,0.6736613603473194,0.016029197080292,0.0,0.0,0.016785076243279146,0.0,0.0,0.5212765957446809,0.0,0.0,0.588949762249328,0.0,0.0,0.0,0.0
9976,36,1.1777777777777783,0.7222222222222224,1.219830385768951,0.6735960285448306,0.01931662870159433,0.0,0.0,0.016800142439997064,0.0,0.0,0.5416666666666666,0.0,0.0,0.5883235081187299,0.0,0.0,0.0,0.0
9977,48,1.136666666666667,0.7708333333333567,1.2188914167528422,0.6744570837642161,0.013156498673740061,0.0,0.0,0.01674191999681819,0.0,0.0,0.5,0.0,0.0,0.5871251292657704,0.0,0.0,0.0,0.0
9978,43,1.152325581395349,0.6046511627906682,1.2184897663841208,0.6739714699193683,0.013479325353645434,0.0,0.0,0.01672529480789059,0.0,0.0,0.6046511627906976,0.0,0.0,0.5871407897457102,0.0,0.0,0.0,0.0
9979,56,1.312678571428572,0.571428571428559,1.2190175619834693,0.6729338842975174,0.020233966418937134,0.0,0.0,0.01673368123998459,0.0,0.0,0.71875,0.0,0.0,0.5883522727272728,0.0,0.0,0.0,0.0
9980,49,1.3140816326530618,0.8163265306122707,1.217869614629609,0.6721768777766263,0.01565904669260786,0.0,0.0,0.016734801657045908,0.0,0.0,0.6122448979591837,0.0,0.0,0.5885163756586425,0.0,0.0,0.0,0.0
9981,42,1.3147619047619052,0.7142857142856723,1.2174322647362963,0.6709410548086829,0.013524369336272594,0.0,0.0,0.016713355414186275,0.0,0.0,0.6904761904761905,0.0,0.0,0.5892192347466391,0.0,0.0,0.0,0.0
9982,70,1.1772857142857147,0.5285714285714371,1.217043882292203,0.6706246773360831,0.013574369955526975,0.0,0.0,0.01669776613633233,0.0,0.0,0.6428571428571429,0.0,0.0,0.5893908105317501,0.0,0.0,0.0,0.0
9983,51,1.2594117647058827,0.8823529411765514,1.2167685634617356,0.6704533718888745,0.015347670250897144,0.0,0.0,0.01668066400028309,0.0,0.0,0.49019607843137253,0.0,0.0,0.5892285448724569,0.0,0.0,0.0,0.0
9984,43,1.0011627906976748,0.6279069767441771,1.215842894056846,0.6694573643410824,0.01660239105283411,0.0,0.0,0.016695828909793792,0.0,0.0,0.43023255813953487,0.0,0.0,0.5889405684754522,0.0,0.0,0.0,0.0
9985,52,1.1584615384615389,0.5961538461538448,1.2137602067183446,0.6682170542635631,0.013829201101928557,0.0,0.0,0.016688167917235035,0.0,0.0,0.6057692307692307,0.0,0.0,0.5880620155038759,0.0,0.0,0.0,0.0
9986,46,1.5013043478260872,0.8695652173913142,1.2154387596899208,0.6694573643410825,0.018998624484181718,0.0,0.0,0.01672163107204757,0.0,0.0,0.7065217391304348,0.0,0.0,0.5889147286821705,0.0,0.0,0.0,0.0
9987,58,1.3891379310344831,0.8448275862068803,1.216736146940459,0.6703126612320681,0.013361525704809333,0.0,0.0,0.016705424160081077,0.0,0.0,0.5862068965517241,0.0,0.0,0.5894386544216283,0.0,0.0,0.0,0.0
9988,61,1.1434426229508203,0.5245901639344196,1.215985363842505,0.6701710987425246,0.015360052851794818,0.0,0.0,0.01670407949435331,0.0,0.0,0.5901639344262295,0.0,0.0,0.5888476602762317,0.0,0.0,0.0,0.0
9989,57,1.42701754385965,0.8771929824561986,1.2173237840065938,0.6716817807089837,0.017332196888983777,0.0,0.0,0.01673053200182978,0.0,0.0,0.5833333333333334,0.0,0.0,0.5885459604286892,0.0,0.0,0.0,0.0
9990,58,1.2777586206896558,0.4655172413793254,1.2180290093611754,0.6715358502211685,0.019026957637998096,0.0,0.0,0.01674282659969789,0.0,0.0,0.7241379310344828,0.0,0.0,0.5889568974385351,0.0,0.0,0.0,0.0
9991,40,1.1475000000000004,0.4249999999999646,1.2170246061978778,0.6699269020899801,0.015931968066642953,0.0,0.0,0.01674636837318411,0.0,0.0,0.6125,0.0,0.0,0.5888757335529703,0.0,0.0,0.0,0.0
9992,45,1.088,0.6000000000000185,1.2168556435847295,0.6700277806358655,0.011690544412607624,0.0,0.0,0.016728460372063467,0.0,0.0,0.48333333333333334,0.0,0.0,0.5884607469904312,0.0,0.0,0.0,0.0
9993,54,1.2066666666666672,0.6111111111111108,1.2169164353993205,0.6701613732140999,0.020784688995216398,0.0,0.0,0.016749233583406,0.0,0.0,0.6342592592592593,0.0,0.0,0.5885496967828142,0.0,0.0,0.0,0.0
9994,50,1.3896000000000006,0.6799999999999694,1.2193187197694748,0.6700627765771305,0.015740824648844673,0.0,0.0,0.016779876814744774,0.0,0.0,0.715,0.0,0.0,0.5903828342080889,0.0,0.0,0.0,0.0
9995,48,1.1754166666666672,0.6249999999999848,1.218817292846113,0.6688625836335541,0.01783185840708042,0.0,0.0,0.01679195005871101,0.0,0.0,0.5208333333333334,0.0,0.0,0.5902470406587751,0.0,0.0,0.0,0.0
9996,51,1.166274509803922,0.7647058823529508,1.2185491002570683,0.6693059125963987,0.012758472758472604,0.0,0.0,0.01675068590741197,0.0,0.0,0.47549019607843135,0.0,0.0,0.5896143958868895,0.0,0.0,0.0,0.0
9997,53,1.392830188679246,0.905660377358452,1.2185331003289461,0.6699218749999977,0.017580376280066267,0.0,0.0,0.016768954370875375,0.0,0.0,0.6273584905660378,0.0,0.0,0.5897923519736842,0.0,0.0,0.0,0.0
9998,54,1.1559259259259267,0.5740740740740932,1.220013356621801,0.6708106442001416,0.015284035259549028,0.0,0.0,0.01676903718892713,0.0,0.0,0.5833333333333334,0.0,0.0,0.5904140552758657,0.0,0.0,0.0,0.0
9999,50,1.3494000000000002,0.7600000000000283,1.2209128247253298,0.6712188109662163,0.0142944915254248,0.0,0.0,0.016765393872483637,0.0,0.0,0.615,0.0,0.0,0.5906920628401273,0.0,0.0,0.0,0.0
10000,51,1.1056862745098044,0.549019607843162,1.220943725611007,0.6710823577736682,0.012189796800691917,0.0,0.0,0.016778575107780604,0.0,0.0,0.5686274509803921,0.0,0.0,0.5906757034298624,0.0,0.0,0.0,0.0
